"X1","X2","X3"
"BTK","MAPK3","FLI1"
"BTK","PTEN","FLI1"
"BTK","PRKG1","FLI1"
"BTK","CCP110","FLI1"
"BTK","RPS6K","FLI1"
"BTK","ERK1/2","FLI1"
"BTK","Gbeta","FLI1"
"BTK","LCK","FLI1"
"BTK","RPS6KA5","FLI1"
"BTK","AKT","FLI1"
"BTK","IKBKB","FLI1"
"BTK","DOK1","FLI1"
"BTK","DAPK1","FLI1"
"BTK","RPS6KA3","FLI1"
"BTK","DVL1","FLI1"
"BTK","ILK","FLI1"
"BTK","STAP1","FLI1"
"BTK","TBK1","FLI1"
"BTK","SPRED1","FLI1"
"BTK","PTPN7","FLI1"
"BTK","RET","FLI1"
"BTK","RPS6KA4","FLI1"
"BTK","GPSM3","FLI1"
"BTK","MAP3K8","FLI1"
"BTK","PTPRR","FLI1"
"BTK","CDKN1B","FLI1"
"BTK","TEC","FLI1"
"BTK","VCP","FLI1"
"BTK","GRIP1","FLI1"
"BTK","CCR2","FLI1"
"BTK","PSTPIP1","FLI1"
"BTK","ARRB2","FLI1"
"BTK","TRAF3","FLI1"
"BTK","INPP5D","FLI1"
"BTK","SET","FLI1"
"BTK","HDAC2","FLI1"
"BTK","DDX58","FLI1"
"BTK","ABI1","FLI1"
"BTK","LRP6","FLI1"
"BTK","SPEN","FLI1"
"BTK","CTDP1","FLI1"
"BTK","TELO2","FLI1"
"BTK","BLVRA","FLI1"
"BTK","GRB7","FLI1"
"BTK","PRKCQ","MAPK3"
"BTK","MTOR","MAPK3"
"BTK","PRKG1","MAPK3"
"BTK","ERK1/2","MAPK3"
"BTK","Gbeta","MAPK3"
"BTK","CDK9","MAPK3"
"BTK","ABL1","MAPK3"
"BTK","PDPK1","MAPK3"
"BTK","SGK1","MAPK3"
"BTK","MAP2K1","MAPK3"
"BTK","PRKCB","MAPK3"
"BTK","MAP3K1","MAPK3"
"BTK","MAP3K7","MAPK3"
"BTK","AKT","MAPK3"
"BTK","WWTR1","MAPK3"
"BTK","DOK1","MAPK3"
"BTK","MAP3K4","MAPK3"
"BTK","DAPK1","MAPK3"
"BTK","PXN","MAPK3"
"BTK","FGG","MAPK3"
"BTK","ITK","MAPK3"
"BTK","RPS6KA3","MAPK3"
"BTK","VCPIP1","MAPK3"
"BTK","SGK3","MAPK3"
"BTK","PTK6","MAPK3"
"BTK","ILK","MAPK3"
"BTK","TBK1","MAPK3"
"BTK","SPRED1","MAPK3"
"BTK","MEK1/2","MAPK3"
"BTK","PTPN7","MAPK3"
"BTK","TLK1","MAPK3"
"BTK","C9orf72","MAPK3"
"BTK","CDKN2A","MAPK3"
"BTK","RET","MAPK3"
"BTK","IKK-complex","MAPK3"
"BTK","NTRK1","MAPK3"
"BTK","RELA","MAPK3"
"BTK","PTPRR","MAPK3"
"BTK","CCR2","MAPK3"
"BTK","STIP1","MAPK3"
"BTK","ARRB2","MAPK3"
"BTK","CD28","MAPK3"
"BTK","INPP5D","MAPK3"
"BTK","FRS2","MAPK3"
"BTK","CCNE1","MAPK3"
"BTK","IMPDH2","MAPK3"
"BTK","PIK3CG","MAPK3"
"BTK","SH2B2","MAPK3"
"BTK","BCL10","MAPK3"
"BTK","PIK3R6","MAPK3"
"BTK","MRE11","MAPK3"
"BTK","KSR1","MAPK3"
"BTK","RAD50","MAPK3"
"BTK","WDFY3","MAPK3"
"BTK","GRB14","MAPK3"
"BTK","HOXB7","MAPK3"
"BTK","PIK3C3","MAPK3"
"BTK","RND1","MAPK3"
"BTK","SPEN","MAPK3"
"BTK","NFKB1","MAPK3"
"BTK","CTDP1","MAPK3"
"BTK","TELO2","MAPK3"
"BTK","BLVRA","MAPK3"
"BTK","CLSPN","MAPK3"
"BTK","MAPKAP1","MAPK3"
"BTK","BAZ1B","MAPK3"
"BTK","PLCG2","MAPK3"
"BTK","RBL2","MAPK3"
"BTK","PPP1R14B","MAPK3"
"BTK","PABIR1","MAPK3"
"BTK","AKT2","AKT3"
"BTK","PRKCQ","AKT3"
"BTK","AKT1","AKT3"
"BTK","PRKG1","AKT3"
"BTK","CCP110","AKT3"
"BTK","CALM2","AKT3"
"BTK","ERK1/2","AKT3"
"BTK","Gbeta","AKT3"
"BTK","LCK","AKT3"
"BTK","RPS6KA5","AKT3"
"BTK","WNK1","AKT3"
"BTK","SGK1","AKT3"
"BTK","MAP2K1","AKT3"
"BTK","PRKCB","AKT3"
"BTK","PRKCG","AKT3"
"BTK","CyclinD/CDK4","AKT3"
"BTK","MAP3K7","AKT3"
"BTK","AKT","AKT3"
"BTK","DOK1","AKT3"
"BTK","DAPK1","AKT3"
"BTK","PXN","AKT3"
"BTK","RPS6KA3","AKT3"
"BTK","BCL3","AKT3"
"BTK","DVL1","AKT3"
"BTK","FZR1","AKT3"
"BTK","GRB2","AKT3"
"BTK","ATR","AKT3"
"BTK","CCND1","AKT3"
"BTK","ILK","AKT3"
"BTK","STAP1","AKT3"
"BTK","TBK1","AKT3"
"BTK","SPRED1","AKT3"
"BTK","PTPN7","AKT3"
"BTK","STK38","AKT3"
"BTK","CDKN2A","AKT3"
"BTK","RET","AKT3"
"BTK","DDX41","AKT3"
"BTK","IKK-complex","AKT3"
"BTK","RPS6KA4","AKT3"
"BTK","GPSM3","AKT3"
"BTK","RELA","AKT3"
"BTK","MAPKAPK5","AKT3"
"BTK","MAP3K8","AKT3"
"BTK","PTPRR","AKT3"
"BTK","CDKN1B","AKT3"
"BTK","FBLIM1","AKT3"
"BTK","VCP","AKT3"
"BTK","GRIP1","AKT3"
"BTK","CCR2","AKT3"
"BTK","PSTPIP1","AKT3"
"BTK","TRAF3","AKT3"
"BTK","CRTC2","AKT3"
"BTK","CD28","AKT3"
"BTK","FRS2","AKT3"
"BTK","PIK3R6","AKT3"
"BTK","MST1R","AKT3"
"BTK","ABI1","AKT3"
"BTK","IFIH1","AKT3"
"BTK","RAD50","AKT3"
"BTK","WDFY3","AKT3"
"BTK","LRP6","AKT3"
"BTK","GRB14","AKT3"
"BTK","HOXB7","AKT3"
"BTK","CTDP1","AKT3"
"BTK","MAPKAP1","AKT3"
"BTK","BAZ1B","AKT3"
"BTK","RBL2","AKT3"
"BTK","PABIR1","AKT3"
"BTK","MAPK3","MYOD1"
"BTK","AKT3","MYOD1"
"BTK","AKT2","MYOD1"
"BTK","MTOR","MYOD1"
"BTK","PRKG1","MYOD1"
"BTK","RPS6K","MYOD1"
"BTK","CALM2","MYOD1"
"BTK","CDK9","MYOD1"
"BTK","RPS6KA5","MYOD1"
"BTK","SGK1","MYOD1"
"BTK","PRKCB","MYOD1"
"BTK","PRKCG","MYOD1"
"BTK","CyclinD/CDK4","MYOD1"
"BTK","MAP3K1","MYOD1"
"BTK","IKBKB","MYOD1"
"BTK","DOK1","MYOD1"
"BTK","FGG","MYOD1"
"BTK","ITK","MYOD1"
"BTK","BCL3","MYOD1"
"BTK","DVL1","MYOD1"
"BTK","VCPIP1","MYOD1"
"BTK","ATR","MYOD1"
"BTK","PTK6","MYOD1"
"BTK","IKBKE","MYOD1"
"BTK","ILK","MYOD1"
"BTK","STAP1","MYOD1"
"BTK","TBK1","MYOD1"
"BTK","CALM1","MYOD1"
"BTK","FADD","MYOD1"
"BTK","STK38","MYOD1"
"BTK","TLK1","MYOD1"
"BTK","CDKN2A","MYOD1"
"BTK","MAP4K1","MYOD1"
"BTK","DDX41","MYOD1"
"BTK","SHC1","MYOD1"
"BTK","GPSM3","MYOD1"
"BTK","MAPKAPK5","MYOD1"
"BTK","TEC","MYOD1"
"BTK","STIP1","MYOD1"
"BTK","ARRB2","MYOD1"
"BTK","CD28","MYOD1"
"BTK","CCNE1","MYOD1"
"BTK","SH2B2","MYOD1"
"BTK","PPP1R14A","MYOD1"
"BTK","MRE11","MYOD1"
"BTK","HDAC2","MYOD1"
"BTK","KSR1","MYOD1"
"BTK","DDX58","MYOD1"
"BTK","ROR2","MYOD1"
"BTK","ABI1","MYOD1"
"BTK","WDFY3","MYOD1"
"BTK","PIK3C3","MYOD1"
"BTK","RND1","MYOD1"
"BTK","STING1","MYOD1"
"BTK","NFKB1","MYOD1"
"BTK","GRB7","MYOD1"
"BTK","BAZ1B","MYOD1"
"BTK","RBL2","MYOD1"
"BTK","AKT2","CHUK"
"BTK","AKT1","CHUK"
"BTK","PRKG1","CHUK"
"BTK","CCP110","CHUK"
"BTK","LCK","CHUK"
"BTK","CDK9","CHUK"
"BTK","PDPK1","CHUK"
"BTK","SGK1","CHUK"
"BTK","MAP2K1","CHUK"
"BTK","PRKCB","CHUK"
"BTK","PRKCG","CHUK"
"BTK","PRKCZ","CHUK"
"BTK","MAP3K1","CHUK"
"BTK","AKT","CHUK"
"BTK","IKBKB","CHUK"
"BTK","LEPR","CHUK"
"BTK","ITK","CHUK"
"BTK","RPS6KA3","CHUK"
"BTK","FZR1","CHUK"
"BTK","STAP1","CHUK"
"BTK","TBK1","CHUK"
"BTK","CALM1","CHUK"
"BTK","STK38","CHUK"
"BTK","IKK-complex","CHUK"
"BTK","GPSM3","CHUK"
"BTK","MAP3K8","CHUK"
"BTK","PTPRR","CHUK"
"BTK","FBLIM1","CHUK"
"BTK","TMIGD2","CHUK"
"BTK","CCR2","CHUK"
"BTK","STIP1","CHUK"
"BTK","ARRB2","CHUK"
"BTK","TRAF3","CHUK"
"BTK","CD28","CHUK"
"BTK","INPP5D","CHUK"
"BTK","CCNE1","CHUK"
"BTK","IMPDH2","CHUK"
"BTK","SET","CHUK"
"BTK","SH2B2","CHUK"
"BTK","PPP1R14A","CHUK"
"BTK","BCL10","CHUK"
"BTK","PIK3R6","CHUK"
"BTK","MRE11","CHUK"
"BTK","HDAC2","CHUK"
"BTK","DDX58","CHUK"
"BTK","MST1R","CHUK"
"BTK","LRP6","CHUK"
"BTK","GRB14","CHUK"
"BTK","HOXB7","CHUK"
"BTK","RND1","CHUK"
"BTK","STING1","CHUK"
"BTK","NFKB1","CHUK"
"BTK","CTDP1","CHUK"
"BTK","BLVRA","CHUK"
"BTK","CLSPN","CHUK"
"BTK","MAPKAP1","CHUK"
"BTK","GRB7","CHUK"
"BTK","PLCG2","CHUK"
"BTK","MAPK3","SRC"
"BTK","AKT3","SRC"
"BTK","GRK2","SRC"
"BTK","AKT2","SRC"
"BTK","PTEN","SRC"
"BTK","MTOR","SRC"
"BTK","PRKCA","SRC"
"BTK","RPS6K","SRC"
"BTK","ERK1/2","SRC"
"BTK","ABL1","SRC"
"BTK","RPS6KA5","SRC"
"BTK","WNK1","SRC"
"BTK","SGK1","SRC"
"BTK","MAP2K1","SRC"
"BTK","PRKCB","SRC"
"BTK","PRKCG","SRC"
"BTK","MAP3K1","SRC"
"BTK","AKT","SRC"
"BTK","WWTR1","SRC"
"BTK","MAP3K4","SRC"
"BTK","DAPK1","SRC"
"BTK","FGG","SRC"
"BTK","LEPR","SRC"
"BTK","ITK","SRC"
"BTK","RPS6KA3","SRC"
"BTK","GRB2","SRC"
"BTK","VCPIP1","SRC"
"BTK","SGK3","SRC"
"BTK","IER3","SRC"
"BTK","IKBKE","SRC"
"BTK","ILK","SRC"
"BTK","TBK1","SRC"
"BTK","JAK1","SRC"
"BTK","CALM1","SRC"
"BTK","STK38","SRC"
"BTK","C9orf72","SRC"
"BTK","CDKN2A","SRC"
"BTK","MAP4K1","SRC"
"BTK","RET","SRC"
"BTK","DDX41","SRC"
"BTK","IKK-complex","SRC"
"BTK","SHC1","SRC"
"BTK","RPS6KA4","SRC"
"BTK","MAPKAPK5","SRC"
"BTK","EPHA2","SRC"
"BTK","PTPRR","SRC"
"BTK","CDKN1B","SRC"
"BTK","FBLIM1","SRC"
"BTK","TEC","SRC"
"BTK","VCP","SRC"
"BTK","S1PR1","SRC"
"BTK","GRIP1","SRC"
"BTK","CCR2","SRC"
"BTK","STIP1","SRC"
"BTK","PSTPIP1","SRC"
"BTK","ARRB2","SRC"
"BTK","TRAF3","SRC"
"BTK","CRTC2","SRC"
"BTK","CD28","SRC"
"BTK","FAM83G","SRC"
"BTK","FRS2","SRC"
"BTK","CCNE1","SRC"
"BTK","IMPDH2","SRC"
"BTK","SH2B2","SRC"
"BTK","TRPV1","SRC"
"BTK","MRE11","SRC"
"BTK","HDAC2","SRC"
"BTK","KSR1","SRC"
"BTK","DDX58","SRC"
"BTK","UBXN2B","SRC"
"BTK","RAD50","SRC"
"BTK","TTI1","SRC"
"BTK","GRB14","SRC"
"BTK","SPEN","SRC"
"BTK","TELO2","SRC"
"BTK","BLVRA","SRC"
"BTK","CLSPN","SRC"
"BTK","GRB7","SRC"
"BTK","PLCG2","SRC"
"BTK","RBL2","SRC"
"BTK","PABIR1","SRC"
"BTK","MAPK3","GRK2"
"BTK","AKT3","GRK2"
"BTK","CHUK","GRK2"
"BTK","AKT2","GRK2"
"BTK","PRKCQ","GRK2"
"BTK","MTOR","GRK2"
"BTK","AKT1","GRK2"
"BTK","CCP110","GRK2"
"BTK","RPS6K","GRK2"
"BTK","ERK1/2","GRK2"
"BTK","Gbeta","GRK2"
"BTK","LCK","GRK2"
"BTK","CDK9","GRK2"
"BTK","ABL1","GRK2"
"BTK","PDPK1","GRK2"
"BTK","MAP2K1","GRK2"
"BTK","PRKCB","GRK2"
"BTK","PRKCG","GRK2"
"BTK","PRKCZ","GRK2"
"BTK","CyclinD/CDK4","GRK2"
"BTK","MAP3K1","GRK2"
"BTK","MAP3K7","GRK2"
"BTK","AKT","GRK2"
"BTK","WWTR1","GRK2"
"BTK","MAP3K4","GRK2"
"BTK","DAPK1","GRK2"
"BTK","LEPR","GRK2"
"BTK","RPS6KA3","GRK2"
"BTK","BCL3","GRK2"
"BTK","GRB2","GRK2"
"BTK","VCPIP1","GRK2"
"BTK","SGK3","GRK2"
"BTK","PTK6","GRK2"
"BTK","IKBKE","GRK2"
"BTK","CCND1","GRK2"
"BTK","STAP1","GRK2"
"BTK","TBK1","GRK2"
"BTK","SPRED1","GRK2"
"BTK","MEK1/2","GRK2"
"BTK","PTPN7","GRK2"
"BTK","CALM1","GRK2"
"BTK","FADD","GRK2"
"BTK","STK38","GRK2"
"BTK","CDKN2A","GRK2"
"BTK","MAP4K1","GRK2"
"BTK","RET","GRK2"
"BTK","NTRK1","GRK2"
"BTK","GPSM3","GRK2"
"BTK","MAPKAPK5","GRK2"
"BTK","MAP3K8","GRK2"
"BTK","PTPRR","GRK2"
"BTK","CDKN1B","GRK2"
"BTK","TRAF3","GRK2"
"BTK","CRTC2","GRK2"
"BTK","CD28","GRK2"
"BTK","PIK3CG","GRK2"
"BTK","MRE11","GRK2"
"BTK","HDAC2","GRK2"
"BTK","MST1R","GRK2"
"BTK","ROR2","GRK2"
"BTK","RAD50","GRK2"
"BTK","WDFY3","GRK2"
"BTK","LRP6","GRK2"
"BTK","GRB14","GRK2"
"BTK","PIK3C3","GRK2"
"BTK","STING1","GRK2"
"BTK","TELO2","GRK2"
"BTK","BLVRA","GRK2"
"BTK","MAPKAP1","GRK2"
"BTK","BAZ1B","GRK2"
"BTK","RBL2","GRK2"
"BTK","PPP1R14B","GRK2"
"BTK","PABIR1","GRK2"
"BTK","AKT3","RPS6KA2"
"BTK","CHUK","RPS6KA2"
"BTK","RPS6KA5","RPS6KA2"
"BTK","PRKCB","RPS6KA2"
"BTK","MAP3K1","RPS6KA2"
"BTK","MAP3K7","RPS6KA2"
"BTK","AKT","RPS6KA2"
"BTK","WWTR1","RPS6KA2"
"BTK","DOK1","RPS6KA2"
"BTK","DAPK1","RPS6KA2"
"BTK","RPS6KA3","RPS6KA2"
"BTK","BCL3","RPS6KA2"
"BTK","DVL1","RPS6KA2"
"BTK","FZR1","RPS6KA2"
"BTK","GRB2","RPS6KA2"
"BTK","VCPIP1","RPS6KA2"
"BTK","SPRED1","RPS6KA2"
"BTK","PTPN7","RPS6KA2"
"BTK","FADD","RPS6KA2"
"BTK","STK38","RPS6KA2"
"BTK","TLK1","RPS6KA2"
"BTK","RPS6KA4","RPS6KA2"
"BTK","GPSM3","RPS6KA2"
"BTK","PTPRR","RPS6KA2"
"BTK","CCR2","RPS6KA2"
"BTK","STIP1","RPS6KA2"
"BTK","CD28","RPS6KA2"
"BTK","FRS2","RPS6KA2"
"BTK","PIK3CG","RPS6KA2"
"BTK","TRPV1","RPS6KA2"
"BTK","BCL10","RPS6KA2"
"BTK","PIK3R6","RPS6KA2"
"BTK","HDAC2","RPS6KA2"
"BTK","KSR1","RPS6KA2"
"BTK","DDX58","RPS6KA2"
"BTK","RAD50","RPS6KA2"
"BTK","WDFY3","RPS6KA2"
"BTK","PIK3C3","RPS6KA2"
"BTK","RND1","RPS6KA2"
"BTK","NFKB1","RPS6KA2"
"BTK","BLVRA","RPS6KA2"
"BTK","CLSPN","RPS6KA2"
"BTK","MAPKAP1","RPS6KA2"
"BTK","RBL2","RPS6KA2"
"BTK","PPP1R14B","RPS6KA2"
"BTK","PABIR1","RPS6KA2"
"BTK","MAPK3","PDGFRB"
"BTK","AKT3","PDGFRB"
"BTK","PRKG1","PDGFRB"
"BTK","CCP110","PDGFRB"
"BTK","RPS6K","PDGFRB"
"BTK","CALM2","PDGFRB"
"BTK","LCK","PDGFRB"
"BTK","ABL1","PDGFRB"
"BTK","WNK1","PDGFRB"
"BTK","IKBKB","PDGFRB"
"BTK","DOK1","PDGFRB"
"BTK","DAPK1","PDGFRB"
"BTK","PXN","PDGFRB"
"BTK","RPS6KA3","PDGFRB"
"BTK","BCL3","PDGFRB"
"BTK","FZR1","PDGFRB"
"BTK","GRB2","PDGFRB"
"BTK","VCPIP1","PDGFRB"
"BTK","SGK3","PDGFRB"
"BTK","CCND1","PDGFRB"
"BTK","STAP1","PDGFRB"
"BTK","TBK1","PDGFRB"
"BTK","PTPN7","PDGFRB"
"BTK","STK38","PDGFRB"
"BTK","C9orf72","PDGFRB"
"BTK","RET","PDGFRB"
"BTK","SHC1","PDGFRB"
"BTK","NTRK1","PDGFRB"
"BTK","GPSM3","PDGFRB"
"BTK","MAP3K8","PDGFRB"
"BTK","PTPRR","PDGFRB"
"BTK","CDKN1B","PDGFRB"
"BTK","TEC","PDGFRB"
"BTK","VCP","PDGFRB"
"BTK","TMIGD2","PDGFRB"
"BTK","STIP1","PDGFRB"
"BTK","TRAF3","PDGFRB"
"BTK","CRTC2","PDGFRB"
"BTK","CD28","PDGFRB"
"BTK","INPP5D","PDGFRB"
"BTK","FRS2","PDGFRB"
"BTK","IMPDH2","PDGFRB"
"BTK","SET","PDGFRB"
"BTK","PIK3CG","PDGFRB"
"BTK","PPP1R14A","PDGFRB"
"BTK","BCL10","PDGFRB"
"BTK","PIK3R6","PDGFRB"
"BTK","MRE11","PDGFRB"
"BTK","HDAC2","PDGFRB"
"BTK","KSR1","PDGFRB"
"BTK","DDX58","PDGFRB"
"BTK","MST1R","PDGFRB"
"BTK","ROR2","PDGFRB"
"BTK","LRP6","PDGFRB"
"BTK","GRB14","PDGFRB"
"BTK","HOXB7","PDGFRB"
"BTK","PIK3C3","PDGFRB"
"BTK","STING1","PDGFRB"
"BTK","BLVRA","PDGFRB"
"BTK","PPP1R14B","PDGFRB"
"BTK","PABIR1","PDGFRB"
"BTK","MAPK3","AKT2"
"BTK","CHUK","AKT2"
"BTK","PRKCQ","AKT2"
"BTK","MTOR","AKT2"
"BTK","AKT1","AKT2"
"BTK","ERK1/2","AKT2"
"BTK","LCK","AKT2"
"BTK","ABL1","AKT2"
"BTK","WNK1","AKT2"
"BTK","MAP2K1","AKT2"
"BTK","PRKCB","AKT2"
"BTK","PRKCG","AKT2"
"BTK","CyclinD/CDK4","AKT2"
"BTK","AKT","AKT2"
"BTK","DAPK1","AKT2"
"BTK","PXN","AKT2"
"BTK","LEPR","AKT2"
"BTK","DVL1","AKT2"
"BTK","FZR1","AKT2"
"BTK","GRB2","AKT2"
"BTK","PTK6","AKT2"
"BTK","STAP1","AKT2"
"BTK","TBK1","AKT2"
"BTK","PTPN7","AKT2"
"BTK","CALM1","AKT2"
"BTK","FADD","AKT2"
"BTK","TLK1","AKT2"
"BTK","CDKN2A","AKT2"
"BTK","GPSM3","AKT2"
"BTK","FBLIM1","AKT2"
"BTK","TEC","AKT2"
"BTK","VCP","AKT2"
"BTK","GRIP1","AKT2"
"BTK","TMIGD2","AKT2"
"BTK","PSTPIP1","AKT2"
"BTK","ARRB2","AKT2"
"BTK","FRS2","AKT2"
"BTK","IMPDH2","AKT2"
"BTK","SET","AKT2"
"BTK","TRPV1","AKT2"
"BTK","PPP1R14A","AKT2"
"BTK","HDAC2","AKT2"
"BTK","DDX58","AKT2"
"BTK","ROR2","AKT2"
"BTK","ABI1","AKT2"
"BTK","CTDP1","AKT2"
"BTK","TELO2","AKT2"
"BTK","CLSPN","AKT2"
"BTK","BAZ1B","AKT2"
"BTK","PABIR1","AKT2"
"BTK","AKT3","PTEN"
"BTK","CALM2","PTEN"
"BTK","LCK","PTEN"
"BTK","ABL1","PTEN"
"BTK","WNK1","PTEN"
"BTK","MAP2K1","PTEN"
"BTK","PRKCG","PTEN"
"BTK","CyclinD/CDK4","PTEN"
"BTK","MAP3K1","PTEN"
"BTK","MAP3K7","PTEN"
"BTK","AKT","PTEN"
"BTK","WWTR1","PTEN"
"BTK","DOK1","PTEN"
"BTK","DAPK1","PTEN"
"BTK","PXN","PTEN"
"BTK","FGG","PTEN"
"BTK","RPS6KA3","PTEN"
"BTK","BCL3","PTEN"
"BTK","DVL1","PTEN"
"BTK","FZR1","PTEN"
"BTK","GRB2","PTEN"
"BTK","VCPIP1","PTEN"
"BTK","SGK3","PTEN"
"BTK","ILK","PTEN"
"BTK","STAP1","PTEN"
"BTK","PTPN7","PTEN"
"BTK","FADD","PTEN"
"BTK","STK38","PTEN"
"BTK","TLK1","PTEN"
"BTK","CDKN2A","PTEN"
"BTK","MAP4K1","PTEN"
"BTK","SHC1","PTEN"
"BTK","RPS6KA4","PTEN"
"BTK","NTRK1","PTEN"
"BTK","GPSM3","PTEN"
"BTK","MAPKAPK5","PTEN"
"BTK","FBLIM1","PTEN"
"BTK","TEC","PTEN"
"BTK","GRIP1","PTEN"
"BTK","CCR2","PTEN"
"BTK","STIP1","PTEN"
"BTK","TRAF3","PTEN"
"BTK","CD28","PTEN"
"BTK","INPP5D","PTEN"
"BTK","FRS2","PTEN"
"BTK","CCNE1","PTEN"
"BTK","SET","PTEN"
"BTK","SH2B2","PTEN"
"BTK","BCL10","PTEN"
"BTK","HDAC2","PTEN"
"BTK","KSR1","PTEN"
"BTK","IFIH1","PTEN"
"BTK","TTI1","PTEN"
"BTK","LRP6","PTEN"
"BTK","GRB14","PTEN"
"BTK","RND1","PTEN"
"BTK","STING1","PTEN"
"BTK","SPEN","PTEN"
"BTK","NFKB1","PTEN"
"BTK","TELO2","PTEN"
"BTK","BLVRA","PTEN"
"BTK","BAZ1B","PTEN"
"BTK","PLCG2","PTEN"
"BTK","MAPK3","PRKCQ"
"BTK","AKT3","PRKCQ"
"BTK","AKT2","PRKCQ"
"BTK","AKT1","PRKCQ"
"BTK","PRKG1","PRKCQ"
"BTK","RPS6K","PRKCQ"
"BTK","ERK1/2","PRKCQ"
"BTK","Gbeta","PRKCQ"
"BTK","LCK","PRKCQ"
"BTK","CDK9","PRKCQ"
"BTK","SGK1","PRKCQ"
"BTK","PRKCG","PRKCQ"
"BTK","PRKCZ","PRKCQ"
"BTK","AKT","PRKCQ"
"BTK","IKBKB","PRKCQ"
"BTK","WWTR1","PRKCQ"
"BTK","DOK1","PRKCQ"
"BTK","FGG","PRKCQ"
"BTK","LEPR","PRKCQ"
"BTK","ITK","PRKCQ"
"BTK","RPS6KA3","PRKCQ"
"BTK","DVL1","PRKCQ"
"BTK","FZR1","PRKCQ"
"BTK","PTK6","PRKCQ"
"BTK","IKBKE","PRKCQ"
"BTK","ILK","PRKCQ"
"BTK","STAP1","PRKCQ"
"BTK","TBK1","PRKCQ"
"BTK","SPRED1","PRKCQ"
"BTK","CALM1","PRKCQ"
"BTK","FADD","PRKCQ"
"BTK","STK38","PRKCQ"
"BTK","RPS6KA4","PRKCQ"
"BTK","NTRK1","PRKCQ"
"BTK","GPSM3","PRKCQ"
"BTK","RELA","PRKCQ"
"BTK","EPHA2","PRKCQ"
"BTK","MAP3K8","PRKCQ"
"BTK","CDKN1B","PRKCQ"
"BTK","TEC","PRKCQ"
"BTK","VCP","PRKCQ"
"BTK","TRAF3","PRKCQ"
"BTK","CRTC2","PRKCQ"
"BTK","INPP5D","PRKCQ"
"BTK","IMPDH2","PRKCQ"
"BTK","PIK3CG","PRKCQ"
"BTK","TRPV1","PRKCQ"
"BTK","PIK3R6","PRKCQ"
"BTK","HDAC2","PRKCQ"
"BTK","UBXN2B","PRKCQ"
"BTK","MST1R","PRKCQ"
"BTK","ROR2","PRKCQ"
"BTK","ABI1","PRKCQ"
"BTK","RAD50","PRKCQ"
"BTK","TTI1","PRKCQ"
"BTK","WDFY3","PRKCQ"
"BTK","LRP6","PRKCQ"
"BTK","HOXB7","PRKCQ"
"BTK","PIK3C3","PRKCQ"
"BTK","RND1","PRKCQ"
"BTK","STING1","PRKCQ"
"BTK","SPEN","PRKCQ"
"BTK","NFKB1","PRKCQ"
"BTK","BLVRA","PRKCQ"
"BTK","CLSPN","PRKCQ"
"BTK","MAPKAP1","PRKCQ"
"BTK","GRB7","PRKCQ"
"BTK","PLCG2","PRKCQ"
"BTK","PPP1R14B","PRKCQ"
"BTK","PABIR1","PRKCQ"
"BTK","AKT3","MTOR"
"BTK","CHUK","MTOR"
"BTK","PRKG1","MTOR"
"BTK","CCP110","MTOR"
"BTK","RPS6K","MTOR"
"BTK","ERK1/2","MTOR"
"BTK","LCK","MTOR"
"BTK","CDK9","MTOR"
"BTK","RPS6KA5","MTOR"
"BTK","WNK1","MTOR"
"BTK","MAP2K1","MTOR"
"BTK","PRKCG","MTOR"
"BTK","PRKCZ","MTOR"
"BTK","CyclinD/CDK4","MTOR"
"BTK","MAP3K1","MTOR"
"BTK","WWTR1","MTOR"
"BTK","MAP3K4","MTOR"
"BTK","PXN","MTOR"
"BTK","FGG","MTOR"
"BTK","LEPR","MTOR"
"BTK","RPS6KA3","MTOR"
"BTK","DVL1","MTOR"
"BTK","GRB2","MTOR"
"BTK","VCPIP1","MTOR"
"BTK","PTK6","MTOR"
"BTK","CCND1","MTOR"
"BTK","STAP1","MTOR"
"BTK","MEK1/2","MTOR"
"BTK","PTPN7","MTOR"
"BTK","CALM1","MTOR"
"BTK","TLK1","MTOR"
"BTK","C9orf72","MTOR"
"BTK","RET","MTOR"
"BTK","SHC1","MTOR"
"BTK","NTRK1","MTOR"
"BTK","GPSM3","MTOR"
"BTK","MAPKAPK5","MTOR"
"BTK","EPHA2","MTOR"
"BTK","MAP3K8","MTOR"
"BTK","PTPRR","MTOR"
"BTK","CDKN1B","MTOR"
"BTK","VCP","MTOR"
"BTK","GRIP1","MTOR"
"BTK","PSTPIP1","MTOR"
"BTK","CRTC2","MTOR"
"BTK","CD28","MTOR"
"BTK","INPP5D","MTOR"
"BTK","FRS2","MTOR"
"BTK","SET","MTOR"
"BTK","SH2B2","MTOR"
"BTK","TRPV1","MTOR"
"BTK","MRE11","MTOR"
"BTK","HDAC2","MTOR"
"BTK","KSR1","MTOR"
"BTK","DDX58","MTOR"
"BTK","UBXN2B","MTOR"
"BTK","MST1R","MTOR"
"BTK","ROR2","MTOR"
"BTK","RAD50","MTOR"
"BTK","LRP6","MTOR"
"BTK","RND1","MTOR"
"BTK","SPEN","MTOR"
"BTK","NFKB1","MTOR"
"BTK","CTDP1","MTOR"
"BTK","CLSPN","MTOR"
"BTK","BAZ1B","MTOR"
"BTK","CHUK","FANCD2"
"BTK","PRKCQ","FANCD2"
"BTK","AKT1","FANCD2"
"BTK","CCP110","FANCD2"
"BTK","CALM2","FANCD2"
"BTK","ERK1/2","FANCD2"
"BTK","LCK","FANCD2"
"BTK","CDK9","FANCD2"
"BTK","ABL1","FANCD2"
"BTK","RPS6KA5","FANCD2"
"BTK","WNK1","FANCD2"
"BTK","PDPK1","FANCD2"
"BTK","MAP2K1","FANCD2"
"BTK","PRKCB","FANCD2"
"BTK","PRKCG","FANCD2"
"BTK","MAP3K7","FANCD2"
"BTK","AKT","FANCD2"
"BTK","WWTR1","FANCD2"
"BTK","DOK1","FANCD2"
"BTK","MAP3K4","FANCD2"
"BTK","DAPK1","FANCD2"
"BTK","PXN","FANCD2"
"BTK","LEPR","FANCD2"
"BTK","ITK","FANCD2"
"BTK","SGK3","FANCD2"
"BTK","PTK6","FANCD2"
"BTK","CCND1","FANCD2"
"BTK","TBK1","FANCD2"
"BTK","SPRED1","FANCD2"
"BTK","MEK1/2","FANCD2"
"BTK","PTPN7","FANCD2"
"BTK","MAP4K1","FANCD2"
"BTK","SHC1","FANCD2"
"BTK","RPS6KA4","FANCD2"
"BTK","GPSM3","FANCD2"
"BTK","CDKN1B","FANCD2"
"BTK","FBLIM1","FANCD2"
"BTK","TEC","FANCD2"
"BTK","VCP","FANCD2"
"BTK","GRIP1","FANCD2"
"BTK","TMIGD2","FANCD2"
"BTK","CCR2","FANCD2"
"BTK","STIP1","FANCD2"
"BTK","PSTPIP1","FANCD2"
"BTK","TRAF3","FANCD2"
"BTK","CRTC2","FANCD2"
"BTK","CD28","FANCD2"
"BTK","INPP5D","FANCD2"
"BTK","CCNE1","FANCD2"
"BTK","IMPDH2","FANCD2"
"BTK","SET","FANCD2"
"BTK","PIK3CG","FANCD2"
"BTK","TRPV1","FANCD2"
"BTK","BCL10","FANCD2"
"BTK","PIK3R6","FANCD2"
"BTK","MRE11","FANCD2"
"BTK","HDAC2","FANCD2"
"BTK","UBXN2B","FANCD2"
"BTK","ABI1","FANCD2"
"BTK","IFIH1","FANCD2"
"BTK","LRP6","FANCD2"
"BTK","GRB14","FANCD2"
"BTK","HOXB7","FANCD2"
"BTK","PIK3C3","FANCD2"
"BTK","STING1","FANCD2"
"BTK","SPEN","FANCD2"
"BTK","CTDP1","FANCD2"
"BTK","TELO2","FANCD2"
"BTK","CLSPN","FANCD2"
"BTK","GRB7","FANCD2"
"BTK","BAZ1B","FANCD2"
"BTK","PABIR1","FANCD2"
"BTK","MAPK3","AKT1"
"BTK","CHUK","AKT1"
"BTK","RPS6K","AKT1"
"BTK","CALM2","AKT1"
"BTK","Gbeta","AKT1"
"BTK","LCK","AKT1"
"BTK","CDK9","AKT1"
"BTK","RPS6KA5","AKT1"
"BTK","PPP1CA","AKT1"
"BTK","WNK1","AKT1"
"BTK","PDPK1","AKT1"
"BTK","SGK1","AKT1"
"BTK","MAP2K1","AKT1"
"BTK","PRKCZ","AKT1"
"BTK","CyclinD/CDK4","AKT1"
"BTK","DOK1","AKT1"
"BTK","PXN","AKT1"
"BTK","FGG","AKT1"
"BTK","FBXW7","AKT1"
"BTK","ITK","AKT1"
"BTK","BCL3","AKT1"
"BTK","VCPIP1","AKT1"
"BTK","ATR","AKT1"
"BTK","CCND1","AKT1"
"BTK","STAP1","AKT1"
"BTK","SPRED1","AKT1"
"BTK","MEK1/2","AKT1"
"BTK","PTPN7","AKT1"
"BTK","STK38","AKT1"
"BTK","TLK1","AKT1"
"BTK","C9orf72","AKT1"
"BTK","MAP4K1","AKT1"
"BTK","ANKRD28","AKT1"
"BTK","SHC1","AKT1"
"BTK","EPHA2","AKT1"
"BTK","MAP3K8","AKT1"
"BTK","FBLIM1","AKT1"
"BTK","TEC","AKT1"
"BTK","VCP","AKT1"
"BTK","PP1","AKT1"
"BTK","STIP1","AKT1"
"BTK","CRTC2","AKT1"
"BTK","CD28","AKT1"
"BTK","INPP5D","AKT1"
"BTK","PKMYT1","AKT1"
"BTK","FRS2","AKT1"
"BTK","SET","AKT1"
"BTK","PIK3CG","AKT1"
"BTK","SH2B2","AKT1"
"BTK","MRE11","AKT1"
"BTK","HDAC2","AKT1"
"BTK","KSR1","AKT1"
"BTK","UBXN2B","AKT1"
"BTK","MST1R","AKT1"
"BTK","NASP","AKT1"
"BTK","TTI1","AKT1"
"BTK","WDFY3","AKT1"
"BTK","GRB14","AKT1"
"BTK","HOXB7","AKT1"
"BTK","PIK3C3","AKT1"
"BTK","STING1","AKT1"
"BTK","NFKB1","AKT1"
"BTK","CTDP1","AKT1"
"BTK","NOTCH2","AKT1"
"BTK","BAZ1B","AKT1"
"BTK","PLCG2","AKT1"
"BTK","MAPK3","SMO"
"BTK","CHUK","SMO"
"BTK","AKT2","SMO"
"BTK","PRKCQ","SMO"
"BTK","PRKG1","SMO"
"BTK","CCP110","SMO"
"BTK","CALM2","SMO"
"BTK","LCK","SMO"
"BTK","ABL1","SMO"
"BTK","RPS6KA5","SMO"
"BTK","PDPK1","SMO"
"BTK","MAP2K1","SMO"
"BTK","PRKCB","SMO"
"BTK","CyclinD/CDK4","SMO"
"BTK","MAP3K1","SMO"
"BTK","MAP3K7","SMO"
"BTK","WWTR1","SMO"
"BTK","MAP3K4","SMO"
"BTK","PXN","SMO"
"BTK","FGG","SMO"
"BTK","LEPR","SMO"
"BTK","ITK","SMO"
"BTK","RPS6KA3","SMO"
"BTK","BCL3","SMO"
"BTK","DVL1","SMO"
"BTK","GRB2","SMO"
"BTK","ATR","SMO"
"BTK","SGK3","SMO"
"BTK","PTK6","SMO"
"BTK","IKBKE","SMO"
"BTK","CCND1","SMO"
"BTK","SPRED1","SMO"
"BTK","MEK1/2","SMO"
"BTK","CALM1","SMO"
"BTK","FADD","SMO"
"BTK","TLK1","SMO"
"BTK","RET","SMO"
"BTK","IKK-complex","SMO"
"BTK","TMIGD2","SMO"
"BTK","TRAF3","SMO"
"BTK","INPP5D","SMO"
"BTK","IMPDH2","SMO"
"BTK","BCL10","SMO"
"BTK","ABI1","SMO"
"BTK","RAD50","SMO"
"BTK","WDFY3","SMO"
"BTK","LRP6","SMO"
"BTK","HOXB7","SMO"
"BTK","PIK3C3","SMO"
"BTK","BLVRA","SMO"
"BTK","CLSPN","SMO"
"BTK","MAPKAP1","SMO"
"BTK","PLCG2","SMO"
"BTK","RBL2","SMO"
"BTK","CHUK","STK3/4"
"BTK","PDPK1","STK3/4"
"BTK","SGK1","STK3/4"
"BTK","CyclinD/CDK4","STK3/4"
"BTK","MAP3K7","STK3/4"
"BTK","IKBKB","STK3/4"
"BTK","WWTR1","STK3/4"
"BTK","FGG","STK3/4"
"BTK","LEPR","STK3/4"
"BTK","FZR1","STK3/4"
"BTK","ATR","STK3/4"
"BTK","SGK3","STK3/4"
"BTK","IKBKE","STK3/4"
"BTK","ILK","STK3/4"
"BTK","STAP1","STK3/4"
"BTK","TBK1","STK3/4"
"BTK","SPRED1","STK3/4"
"BTK","MEK1/2","STK3/4"
"BTK","PTPN7","STK3/4"
"BTK","CALM1","STK3/4"
"BTK","FADD","STK3/4"
"BTK","STK38","STK3/4"
"BTK","TLK1","STK3/4"
"BTK","C9orf72","STK3/4"
"BTK","CDKN2A","STK3/4"
"BTK","MAP4K1","STK3/4"
"BTK","RET","STK3/4"
"BTK","IKK-complex","STK3/4"
"BTK","NTRK1","STK3/4"
"BTK","RELA","STK3/4"
"BTK","PTPRR","STK3/4"
"BTK","FBLIM1","STK3/4"
"BTK","TEC","STK3/4"
"BTK","VCP","STK3/4"
"BTK","GRIP1","STK3/4"
"BTK","TMIGD2","STK3/4"
"BTK","CCR2","STK3/4"
"BTK","STIP1","STK3/4"
"BTK","PSTPIP1","STK3/4"
"BTK","ARRB2","STK3/4"
"BTK","FRS2","STK3/4"
"BTK","IMPDH2","STK3/4"
"BTK","SET","STK3/4"
"BTK","PPP1R14A","STK3/4"
"BTK","BCL10","STK3/4"
"BTK","PIK3R6","STK3/4"
"BTK","MRE11","STK3/4"
"BTK","HDAC2","STK3/4"
"BTK","DDX58","STK3/4"
"BTK","UBXN2B","STK3/4"
"BTK","MST1R","STK3/4"
"BTK","ROR2","STK3/4"
"BTK","WDFY3","STK3/4"
"BTK","LRP6","STK3/4"
"BTK","GRB14","STK3/4"
"BTK","HOXB7","STK3/4"
"BTK","PIK3C3","STK3/4"
"BTK","RND1","STK3/4"
"BTK","STING1","STK3/4"
"BTK","SPEN","STK3/4"
"BTK","CTDP1","STK3/4"
"BTK","TELO2","STK3/4"
"BTK","CLSPN","STK3/4"
"BTK","GRB7","STK3/4"
"BTK","PLCG2","STK3/4"
"BTK","RBL2","STK3/4"
"BTK","PABIR1","STK3/4"
"BTK","MAPK3","PRKCD"
"BTK","AKT2","PRKCD"
"BTK","AKT1","PRKCD"
"BTK","CCP110","PRKCD"
"BTK","CALM2","PRKCD"
"BTK","ERK1/2","PRKCD"
"BTK","Gbeta","PRKCD"
"BTK","PDPK1","PRKCD"
"BTK","SGK1","PRKCD"
"BTK","PRKCB","PRKCD"
"BTK","CyclinD/CDK4","PRKCD"
"BTK","MAP3K1","PRKCD"
"BTK","MAP3K7","PRKCD"
"BTK","MAP3K4","PRKCD"
"BTK","DAPK1","PRKCD"
"BTK","LEPR","PRKCD"
"BTK","ITK","PRKCD"
"BTK","RPS6KA3","PRKCD"
"BTK","BCL3","PRKCD"
"BTK","DVL1","PRKCD"
"BTK","ATR","PRKCD"
"BTK","PTK6","PRKCD"
"BTK","STAP1","PRKCD"
"BTK","TBK1","PRKCD"
"BTK","SPRED1","PRKCD"
"BTK","CALM1","PRKCD"
"BTK","STK38","PRKCD"
"BTK","C9orf72","PRKCD"
"BTK","CDKN2A","PRKCD"
"BTK","MAP4K1","PRKCD"
"BTK","IKK-complex","PRKCD"
"BTK","SHC1","PRKCD"
"BTK","RPS6KA4","PRKCD"
"BTK","MAPKAPK5","PRKCD"
"BTK","EPHA2","PRKCD"
"BTK","PTPRR","PRKCD"
"BTK","FBLIM1","PRKCD"
"BTK","TEC","PRKCD"
"BTK","TMIGD2","PRKCD"
"BTK","TRAF3","PRKCD"
"BTK","INPP5D","PRKCD"
"BTK","CCNE1","PRKCD"
"BTK","IMPDH2","PRKCD"
"BTK","SH2B2","PRKCD"
"BTK","PPP1R14A","PRKCD"
"BTK","BCL10","PRKCD"
"BTK","MRE11","PRKCD"
"BTK","HDAC2","PRKCD"
"BTK","KSR1","PRKCD"
"BTK","DDX58","PRKCD"
"BTK","UBXN2B","PRKCD"
"BTK","ROR2","PRKCD"
"BTK","IFIH1","PRKCD"
"BTK","GRB14","PRKCD"
"BTK","HOXB7","PRKCD"
"BTK","PIK3C3","PRKCD"
"BTK","RND1","PRKCD"
"BTK","SPEN","PRKCD"
"BTK","NFKB1","PRKCD"
"BTK","CTDP1","PRKCD"
"BTK","TELO2","PRKCD"
"BTK","BLVRA","PRKCD"
"BTK","CLSPN","PRKCD"
"BTK","MAPKAP1","PRKCD"
"BTK","GRB7","PRKCD"
"BTK","BAZ1B","PRKCD"
"BTK","PLCG2","PRKCD"
"BTK","RBL2","PRKCD"
"BTK","PPP1R14B","PRKCD"
"BTK","PABIR1","PRKCD"
"BTK","ITK","RAF1"
"BTK","MAPK3","PRKG1"
"BTK","AKT3","PRKG1"
"BTK","AKT2","PRKG1"
"BTK","PTEN","PRKG1"
"BTK","MTOR","PRKG1"
"BTK","RPS6K","PRKG1"
"BTK","LCK","PRKG1"
"BTK","ABL1","PRKG1"
"BTK","WNK1","PRKG1"
"BTK","PDPK1","PRKG1"
"BTK","SGK1","PRKG1"
"BTK","MAP2K1","PRKG1"
"BTK","PRKCG","PRKG1"
"BTK","PRKCZ","PRKG1"
"BTK","CyclinD/CDK4","PRKG1"
"BTK","MAP3K1","PRKG1"
"BTK","MAP3K7","PRKG1"
"BTK","AKT","PRKG1"
"BTK","WWTR1","PRKG1"
"BTK","DOK1","PRKG1"
"BTK","MAP3K4","PRKG1"
"BTK","PXN","PRKG1"
"BTK","LEPR","PRKG1"
"BTK","RPS6KA3","PRKG1"
"BTK","VCPIP1","PRKG1"
"BTK","ATR","PRKG1"
"BTK","ILK","PRKG1"
"BTK","STAP1","PRKG1"
"BTK","SPRED1","PRKG1"
"BTK","MEK1/2","PRKG1"
"BTK","PTPN7","PRKG1"
"BTK","TLK1","PRKG1"
"BTK","C9orf72","PRKG1"
"BTK","CDKN2A","PRKG1"
"BTK","MAP4K1","PRKG1"
"BTK","RET","PRKG1"
"BTK","DDX41","PRKG1"
"BTK","IKK-complex","PRKG1"
"BTK","SHC1","PRKG1"
"BTK","RPS6KA4","PRKG1"
"BTK","GPSM3","PRKG1"
"BTK","MAPKAPK5","PRKG1"
"BTK","EPHA2","PRKG1"
"BTK","MAP3K8","PRKG1"
"BTK","PTPRR","PRKG1"
"BTK","GRIP1","PRKG1"
"BTK","TMIGD2","PRKG1"
"BTK","STIP1","PRKG1"
"BTK","PSTPIP1","PRKG1"
"BTK","ARRB2","PRKG1"
"BTK","CRTC2","PRKG1"
"BTK","CD28","PRKG1"
"BTK","FRS2","PRKG1"
"BTK","CCNE1","PRKG1"
"BTK","SET","PRKG1"
"BTK","SH2B2","PRKG1"
"BTK","PPP1R14A","PRKG1"
"BTK","PIK3R6","PRKG1"
"BTK","MRE11","PRKG1"
"BTK","HDAC2","PRKG1"
"BTK","DDX58","PRKG1"
"BTK","UBXN2B","PRKG1"
"BTK","MST1R","PRKG1"
"BTK","ROR2","PRKG1"
"BTK","WDFY3","PRKG1"
"BTK","GRB14","PRKG1"
"BTK","PIK3C3","PRKG1"
"BTK","RND1","PRKG1"
"BTK","NFKB1","PRKG1"
"BTK","MAPKAP1","PRKG1"
"BTK","RBL2","PRKG1"
"BTK","PPP1R14B","PRKG1"
"BTK","PABIR1","PRKG1"
"BTK","AKT3","MAPK1"
"BTK","MTOR","MAPK1"
"BTK","CCP110","MAPK1"
"BTK","LCK","MAPK1"
"BTK","CDK9","MAPK1"
"BTK","WNK1","MAPK1"
"BTK","PRKCG","MAPK1"
"BTK","PRKCZ","MAPK1"
"BTK","MAP3K1","MAPK1"
"BTK","MAP3K7","MAPK1"
"BTK","AKT","MAPK1"
"BTK","IKBKB","MAPK1"
"BTK","WWTR1","MAPK1"
"BTK","DOK1","MAPK1"
"BTK","MAP3K4","MAPK1"
"BTK","LEPR","MAPK1"
"BTK","BCL3","MAPK1"
"BTK","DVL1","MAPK1"
"BTK","FZR1","MAPK1"
"BTK","GRB2","MAPK1"
"BTK","VCPIP1","MAPK1"
"BTK","ATR","MAPK1"
"BTK","PTK6","MAPK1"
"BTK","CCND1","MAPK1"
"BTK","MEK1/2","MAPK1"
"BTK","FADD","MAPK1"
"BTK","STK38","MAPK1"
"BTK","MAP4K1","MAPK1"
"BTK","RET","MAPK1"
"BTK","IKK-complex","MAPK1"
"BTK","SHC1","MAPK1"
"BTK","MAPKAPK5","MAPK1"
"BTK","PTPRR","MAPK1"
"BTK","CDKN1B","MAPK1"
"BTK","FBLIM1","MAPK1"
"BTK","VCP","MAPK1"
"BTK","TMIGD2","MAPK1"
"BTK","ARRB2","MAPK1"
"BTK","INPP5D","MAPK1"
"BTK","SET","MAPK1"
"BTK","BCL10","MAPK1"
"BTK","UBXN2B","MAPK1"
"BTK","MST1R","MAPK1"
"BTK","ROR2","MAPK1"
"BTK","ABI1","MAPK1"
"BTK","RAD50","MAPK1"
"BTK","TTI1","MAPK1"
"BTK","WDFY3","MAPK1"
"BTK","GRB14","MAPK1"
"BTK","HOXB7","MAPK1"
"BTK","PIK3C3","MAPK1"
"BTK","RND1","MAPK1"
"BTK","STING1","MAPK1"
"BTK","NFKB1","MAPK1"
"BTK","CTDP1","MAPK1"
"BTK","TELO2","MAPK1"
"BTK","BLVRA","MAPK1"
"BTK","CLSPN","MAPK1"
"BTK","MAPKAP1","MAPK1"
"BTK","GRB7","MAPK1"
"BTK","BAZ1B","MAPK1"
"BTK","PLCG2","MAPK1"
"BTK","RBL2","MAPK1"
"BTK","PPP1R14B","MAPK1"
"BTK","AKT2","PRKCA"
"BTK","MTOR","PRKCA"
"BTK","AKT1","PRKCA"
"BTK","PTPN6","PRKCA"
"BTK","CALM2","PRKCA"
"BTK","ERK1/2","PRKCA"
"BTK","Gbeta","PRKCA"
"BTK","LCK","PRKCA"
"BTK","CDK9","PRKCA"
"BTK","ABL1","PRKCA"
"BTK","RPS6KA5","PRKCA"
"BTK","PDPK1","PRKCA"
"BTK","SGK1","PRKCA"
"BTK","MAP2K1","PRKCA"
"BTK","PRKCG","PRKCA"
"BTK","PRKCZ","PRKCA"
"BTK","MAP3K1","PRKCA"
"BTK","IKBKB","PRKCA"
"BTK","WWTR1","PRKCA"
"BTK","DAPK1","PRKCA"
"BTK","PXN","PRKCA"
"BTK","LEPR","PRKCA"
"BTK","DVL1","PRKCA"
"BTK","FZR1","PRKCA"
"BTK","GRB2","PRKCA"
"BTK","VCPIP1","PRKCA"
"BTK","ATR","PRKCA"
"BTK","SGK3","PRKCA"
"BTK","PTK6","PRKCA"
"BTK","CCND1","PRKCA"
"BTK","MAP2K2","PRKCA"
"BTK","ILK","PRKCA"
"BTK","STAP1","PRKCA"
"BTK","CREBBP","PRKCA"
"BTK","HIPK2","PRKCA"
"BTK","MEK1/2","PRKCA"
"BTK","FADD","PRKCA"
"BTK","STK38","PRKCA"
"BTK","C9orf72","PRKCA"
"BTK","MAP4K1","PRKCA"
"BTK","RET","PRKCA"
"BTK","EPS15","PRKCA"
"BTK","RPS6KA4","PRKCA"
"BTK","MAPKAPK5","PRKCA"
"BTK","EPHA2","PRKCA"
"BTK","CDKN1B","PRKCA"
"BTK","FBLIM1","PRKCA"
"BTK","TMIGD2","PRKCA"
"BTK","CCR2","PRKCA"
"BTK","PSTPIP1","PRKCA"
"BTK","TRAF3","PRKCA"
"BTK","MAP3K11","PRKCA"
"BTK","CD28","PRKCA"
"BTK","SET","PRKCA"
"BTK","PIK3R6","PRKCA"
"BTK","MRE11","PRKCA"
"BTK","HDAC2","PRKCA"
"BTK","MST1R","PRKCA"
"BTK","ABI1","PRKCA"
"BTK","CBL","PRKCA"
"BTK","RAD50","PRKCA"
"BTK","HOXB7","PRKCA"
"BTK","PIK3C3","PRKCA"
"BTK","RND1","PRKCA"
"BTK","TELO2","PRKCA"
"BTK","BLVRA","PRKCA"
"BTK","CLSPN","PRKCA"
"BTK","MAPKAP1","PRKCA"
"BTK","GRB7","PRKCA"
"BTK","PLCG2","PRKCA"
"BTK","PABIR1","PRKCA"
"BTK","CHUK","MAPK14"
"BTK","PTEN","MAPK14"
"BTK","PRKCQ","MAPK14"
"BTK","AKT1","MAPK14"
"BTK","PRKG1","MAPK14"
"BTK","RPS6K","MAPK14"
"BTK","Gbeta","MAPK14"
"BTK","LCK","MAPK14"
"BTK","CDK9","MAPK14"
"BTK","ABL1","MAPK14"
"BTK","RPS6KA5","MAPK14"
"BTK","PDPK1","MAPK14"
"BTK","SGK1","MAPK14"
"BTK","MAP2K1","MAPK14"
"BTK","PRKCG","MAPK14"
"BTK","CyclinD/CDK4","MAPK14"
"BTK","MAP3K7","MAPK14"
"BTK","AKT","MAPK14"
"BTK","IKBKB","MAPK14"
"BTK","MAP3K4","MAPK14"
"BTK","DAPK1","MAPK14"
"BTK","LEPR","MAPK14"
"BTK","RPS6KA3","MAPK14"
"BTK","DVL1","MAPK14"
"BTK","GRB2","MAPK14"
"BTK","IKBKE","MAPK14"
"BTK","CCND1","MAPK14"
"BTK","STAP1","MAPK14"
"BTK","CALM1","MAPK14"
"BTK","FADD","MAPK14"
"BTK","STK38","MAPK14"
"BTK","TLK1","MAPK14"
"BTK","C9orf72","MAPK14"
"BTK","IKK-complex","MAPK14"
"BTK","RELA","MAPK14"
"BTK","EPHA2","MAPK14"
"BTK","MAP3K8","MAPK14"
"BTK","FBLIM1","MAPK14"
"BTK","VCP","MAPK14"
"BTK","TMIGD2","MAPK14"
"BTK","STIP1","MAPK14"
"BTK","ARRB2","MAPK14"
"BTK","IMPDH2","MAPK14"
"BTK","BCL10","MAPK14"
"BTK","PIK3R6","MAPK14"
"BTK","MRE11","MAPK14"
"BTK","DDX58","MAPK14"
"BTK","UBXN2B","MAPK14"
"BTK","MST1R","MAPK14"
"BTK","ROR2","MAPK14"
"BTK","IFIH1","MAPK14"
"BTK","RAD50","MAPK14"
"BTK","TTI1","MAPK14"
"BTK","PIK3C3","MAPK14"
"BTK","RND1","MAPK14"
"BTK","STING1","MAPK14"
"BTK","NFKB1","MAPK14"
"BTK","CTDP1","MAPK14"
"BTK","TELO2","MAPK14"
"BTK","CLSPN","MAPK14"
"BTK","MAPKAP1","MAPK14"
"BTK","BAZ1B","MAPK14"
"BTK","PLCG2","MAPK14"
"BTK","PPP1R14B","MAPK14"
"BTK","AKT2","CCP110"
"BTK","AKT1","CCP110"
"BTK","PRKG1","CCP110"
"BTK","CALM2","CCP110"
"BTK","ERK1/2","CCP110"
"BTK","LCK","CCP110"
"BTK","CDK9","CCP110"
"BTK","ABL1","CCP110"
"BTK","PRKCB","CCP110"
"BTK","PRKCG","CCP110"
"BTK","CyclinD/CDK4","CCP110"
"BTK","MAP3K1","CCP110"
"BTK","DOK1","CCP110"
"BTK","DAPK1","CCP110"
"BTK","FGG","CCP110"
"BTK","LEPR","CCP110"
"BTK","RPS6KA3","CCP110"
"BTK","BCL3","CCP110"
"BTK","FZR1","CCP110"
"BTK","ATR","CCP110"
"BTK","PTK6","CCP110"
"BTK","ILK","CCP110"
"BTK","STAP1","CCP110"
"BTK","MEK1/2","CCP110"
"BTK","FADD","CCP110"
"BTK","STK38","CCP110"
"BTK","CDKN2A","CCP110"
"BTK","RET","CCP110"
"BTK","DDX41","CCP110"
"BTK","IKK-complex","CCP110"
"BTK","SHC1","CCP110"
"BTK","RPS6KA4","CCP110"
"BTK","NTRK1","CCP110"
"BTK","RELA","CCP110"
"BTK","CDKN1B","CCP110"
"BTK","FBLIM1","CCP110"
"BTK","GRIP1","CCP110"
"BTK","ARRB2","CCP110"
"BTK","CRTC2","CCP110"
"BTK","CCNE1","CCP110"
"BTK","IMPDH2","CCP110"
"BTK","PIK3CG","CCP110"
"BTK","BCL10","CCP110"
"BTK","PIK3R6","CCP110"
"BTK","MRE11","CCP110"
"BTK","KSR1","CCP110"
"BTK","DDX58","CCP110"
"BTK","UBXN2B","CCP110"
"BTK","MST1R","CCP110"
"BTK","ROR2","CCP110"
"BTK","ABI1","CCP110"
"BTK","RAD50","CCP110"
"BTK","TTI1","CCP110"
"BTK","LRP6","CCP110"
"BTK","RND1","CCP110"
"BTK","SPEN","CCP110"
"BTK","CTDP1","CCP110"
"BTK","BLVRA","CCP110"
"BTK","CLSPN","CCP110"
"BTK","MAPKAP1","CCP110"
"BTK","GRB7","CCP110"
"BTK","PPP1R14B","CCP110"
"BTK","MAPK3","RPS6K"
"BTK","AKT2","RPS6K"
"BTK","AKT1","RPS6K"
"BTK","ERK1/2","RPS6K"
"BTK","LCK","RPS6K"
"BTK","MAP2K1","RPS6K"
"BTK","PRKCB","RPS6K"
"BTK","PRKCG","RPS6K"
"BTK","PRKCZ","RPS6K"
"BTK","MAP3K7","RPS6K"
"BTK","AKT","RPS6K"
"BTK","IKBKB","RPS6K"
"BTK","WWTR1","RPS6K"
"BTK","MAP3K4","RPS6K"
"BTK","PXN","RPS6K"
"BTK","FGG","RPS6K"
"BTK","LEPR","RPS6K"
"BTK","ITK","RPS6K"
"BTK","BCL3","RPS6K"
"BTK","FZR1","RPS6K"
"BTK","SGK3","RPS6K"
"BTK","PTK6","RPS6K"
"BTK","IKBKE","RPS6K"
"BTK","CCND1","RPS6K"
"BTK","STAP1","RPS6K"
"BTK","SPRED1","RPS6K"
"BTK","PTPN7","RPS6K"
"BTK","CALM1","RPS6K"
"BTK","FADD","RPS6K"
"BTK","C9orf72","RPS6K"
"BTK","MAP4K1","RPS6K"
"BTK","RPS6KA4","RPS6K"
"BTK","NTRK1","RPS6K"
"BTK","GPSM3","RPS6K"
"BTK","VCP","RPS6K"
"BTK","CCR2","RPS6K"
"BTK","STIP1","RPS6K"
"BTK","PSTPIP1","RPS6K"
"BTK","TRAF3","RPS6K"
"BTK","FRS2","RPS6K"
"BTK","CCNE1","RPS6K"
"BTK","IMPDH2","RPS6K"
"BTK","TRPV1","RPS6K"
"BTK","BCL10","RPS6K"
"BTK","PIK3R6","RPS6K"
"BTK","MRE11","RPS6K"
"BTK","HDAC2","RPS6K"
"BTK","DDX58","RPS6K"
"BTK","UBXN2B","RPS6K"
"BTK","ROR2","RPS6K"
"BTK","RAD50","RPS6K"
"BTK","TTI1","RPS6K"
"BTK","WDFY3","RPS6K"
"BTK","LRP6","RPS6K"
"BTK","PIK3C3","RPS6K"
"BTK","STING1","RPS6K"
"BTK","NFKB1","RPS6K"
"BTK","CTDP1","RPS6K"
"BTK","GRB7","RPS6K"
"BTK","BAZ1B","RPS6K"
"BTK","PTEN","CALM2"
"BTK","PRKG1","CALM2"
"BTK","RPS6K","CALM2"
"BTK","LCK","CALM2"
"BTK","ABL1","CALM2"
"BTK","RPS6KA5","CALM2"
"BTK","WNK1","CALM2"
"BTK","SGK1","CALM2"
"BTK","PRKCG","CALM2"
"BTK","PRKCZ","CALM2"
"BTK","CyclinD/CDK4","CALM2"
"BTK","AKT","CALM2"
"BTK","IKBKB","CALM2"
"BTK","DOK1","CALM2"
"BTK","MAP3K4","CALM2"
"BTK","DAPK1","CALM2"
"BTK","PXN","CALM2"
"BTK","LEPR","CALM2"
"BTK","GRB2","CALM2"
"BTK","VCPIP1","CALM2"
"BTK","ATR","CALM2"
"BTK","PTK6","CALM2"
"BTK","IKBKE","CALM2"
"BTK","TBK1","CALM2"
"BTK","MEK1/2","CALM2"
"BTK","PTPN7","CALM2"
"BTK","CALM1","CALM2"
"BTK","FADD","CALM2"
"BTK","MAP4K1","CALM2"
"BTK","NTRK1","CALM2"
"BTK","MAP3K8","CALM2"
"BTK","CDKN1B","CALM2"
"BTK","TEC","CALM2"
"BTK","VCP","CALM2"
"BTK","GRIP1","CALM2"
"BTK","TMIGD2","CALM2"
"BTK","STIP1","CALM2"
"BTK","ARRB2","CALM2"
"BTK","TRAF3","CALM2"
"BTK","CD28","CALM2"
"BTK","INPP5D","CALM2"
"BTK","FRS2","CALM2"
"BTK","CCNE1","CALM2"
"BTK","IMPDH2","CALM2"
"BTK","PIK3CG","CALM2"
"BTK","PPP1R14A","CALM2"
"BTK","BCL10","CALM2"
"BTK","PIK3R6","CALM2"
"BTK","DDX58","CALM2"
"BTK","UBXN2B","CALM2"
"BTK","MST1R","CALM2"
"BTK","ROR2","CALM2"
"BTK","RAD50","CALM2"
"BTK","WDFY3","CALM2"
"BTK","GRB14","CALM2"
"BTK","RND1","CALM2"
"BTK","SPEN","CALM2"
"BTK","TELO2","CALM2"
"BTK","BLVRA","CALM2"
"BTK","MAPKAP1","CALM2"
"BTK","GRB7","CALM2"
"BTK","BAZ1B","CALM2"
"BTK","PLCG2","CALM2"
"BTK","RBL2","CALM2"
"BTK","PABIR1","CALM2"
"BTK","MAPK3","ERK1/2"
"BTK","AKT3","ERK1/2"
"BTK","CHUK","ERK1/2"
"BTK","AKT2","ERK1/2"
"BTK","PTEN","ERK1/2"
"BTK","PRKCQ","ERK1/2"
"BTK","AKT1","ERK1/2"
"BTK","CCP110","ERK1/2"
"BTK","LCK","ERK1/2"
"BTK","ABL1","ERK1/2"
"BTK","RPS6KA5","ERK1/2"
"BTK","WNK1","ERK1/2"
"BTK","MAP2K1","ERK1/2"
"BTK","PRKCB","ERK1/2"
"BTK","PRKCG","ERK1/2"
"BTK","PRKCZ","ERK1/2"
"BTK","MAP3K7","ERK1/2"
"BTK","AKT","ERK1/2"
"BTK","IKBKB","ERK1/2"
"BTK","MAP3K4","ERK1/2"
"BTK","DAPK1","ERK1/2"
"BTK","PXN","ERK1/2"
"BTK","FGG","ERK1/2"
"BTK","ITK","ERK1/2"
"BTK","RPS6KA3","ERK1/2"
"BTK","DVL1","ERK1/2"
"BTK","SGK3","ERK1/2"
"BTK","PTK6","ERK1/2"
"BTK","IKBKE","ERK1/2"
"BTK","CCND1","ERK1/2"
"BTK","ILK","ERK1/2"
"BTK","STAP1","ERK1/2"
"BTK","MEK1/2","ERK1/2"
"BTK","PTPN7","ERK1/2"
"BTK","FADD","ERK1/2"
"BTK","STK38","ERK1/2"
"BTK","TLK1","ERK1/2"
"BTK","MAP4K1","ERK1/2"
"BTK","DDX41","ERK1/2"
"BTK","IKK-complex","ERK1/2"
"BTK","RPS6KA4","ERK1/2"
"BTK","MAPKAPK5","ERK1/2"
"BTK","PTPRR","ERK1/2"
"BTK","CDKN1B","ERK1/2"
"BTK","TEC","ERK1/2"
"BTK","ARRB2","ERK1/2"
"BTK","TRAF3","ERK1/2"
"BTK","CD28","ERK1/2"
"BTK","PIK3CG","ERK1/2"
"BTK","TRPV1","ERK1/2"
"BTK","BCL10","ERK1/2"
"BTK","PIK3R6","ERK1/2"
"BTK","KSR1","ERK1/2"
"BTK","DDX58","ERK1/2"
"BTK","UBXN2B","ERK1/2"
"BTK","RAD50","ERK1/2"
"BTK","WDFY3","ERK1/2"
"BTK","GRB14","ERK1/2"
"BTK","HOXB7","ERK1/2"
"BTK","STING1","ERK1/2"
"BTK","NFKB1","ERK1/2"
"BTK","TELO2","ERK1/2"
"BTK","BLVRA","ERK1/2"
"BTK","CLSPN","ERK1/2"
"BTK","RBL2","ERK1/2"
"BTK","PABIR1","ERK1/2"
"BTK","AKT3","Gbeta"
"BTK","CHUK","Gbeta"
"BTK","PTEN","Gbeta"
"BTK","MTOR","Gbeta"
"BTK","CCP110","Gbeta"
"BTK","RPS6K","Gbeta"
"BTK","CALM2","Gbeta"
"BTK","ERK1/2","Gbeta"
"BTK","LCK","Gbeta"
"BTK","CDK9","Gbeta"
"BTK","ABL1","Gbeta"
"BTK","RPS6KA5","Gbeta"
"BTK","WNK1","Gbeta"
"BTK","PDPK1","Gbeta"
"BTK","MAP2K1","Gbeta"
"BTK","PRKCG","Gbeta"
"BTK","PRKCZ","Gbeta"
"BTK","CyclinD/CDK4","Gbeta"
"BTK","MAP3K7","Gbeta"
"BTK","AKT","Gbeta"
"BTK","DOK1","Gbeta"
"BTK","DAPK1","Gbeta"
"BTK","FGG","Gbeta"
"BTK","LEPR","Gbeta"
"BTK","DVL1","Gbeta"
"BTK","GRB2","Gbeta"
"BTK","VCPIP1","Gbeta"
"BTK","ATR","Gbeta"
"BTK","SGK3","Gbeta"
"BTK","IKBKE","Gbeta"
"BTK","CCND1","Gbeta"
"BTK","ILK","Gbeta"
"BTK","SPRED1","Gbeta"
"BTK","PTPN7","Gbeta"
"BTK","CALM1","Gbeta"
"BTK","FADD","Gbeta"
"BTK","TLK1","Gbeta"
"BTK","C9orf72","Gbeta"
"BTK","IKK-complex","Gbeta"
"BTK","SHC1","Gbeta"
"BTK","RPS6KA4","Gbeta"
"BTK","NTRK1","Gbeta"
"BTK","RELA","Gbeta"
"BTK","MAPKAPK5","Gbeta"
"BTK","EPHA2","Gbeta"
"BTK","MAP3K8","Gbeta"
"BTK","PTPRR","Gbeta"
"BTK","CDKN1B","Gbeta"
"BTK","FBLIM1","Gbeta"
"BTK","TEC","Gbeta"
"BTK","GRIP1","Gbeta"
"BTK","STIP1","Gbeta"
"BTK","PSTPIP1","Gbeta"
"BTK","TRAF3","Gbeta"
"BTK","IMPDH2","Gbeta"
"BTK","SET","Gbeta"
"BTK","TRPV1","Gbeta"
"BTK","UBXN2B","Gbeta"
"BTK","RND1","Gbeta"
"BTK","MAPKAP1","Gbeta"
"BTK","AKT3","CDK5RAP2"
"BTK","AKT1","CDK5RAP2"
"BTK","CCP110","CDK5RAP2"
"BTK","RPS6K","CDK5RAP2"
"BTK","Gbeta","CDK5RAP2"
"BTK","CDK9","CDK5RAP2"
"BTK","ABL1","CDK5RAP2"
"BTK","MAP2K1","CDK5RAP2"
"BTK","PRKCZ","CDK5RAP2"
"BTK","MAP3K1","CDK5RAP2"
"BTK","MAP3K4","CDK5RAP2"
"BTK","DAPK1","CDK5RAP2"
"BTK","FGG","CDK5RAP2"
"BTK","BCL3","CDK5RAP2"
"BTK","FZR1","CDK5RAP2"
"BTK","GRB2","CDK5RAP2"
"BTK","ATR","CDK5RAP2"
"BTK","SGK3","CDK5RAP2"
"BTK","ILK","CDK5RAP2"
"BTK","STAP1","CDK5RAP2"
"BTK","TBK1","CDK5RAP2"
"BTK","SPRED1","CDK5RAP2"
"BTK","CALM1","CDK5RAP2"
"BTK","SHC1","CDK5RAP2"
"BTK","NTRK1","CDK5RAP2"
"BTK","GPSM3","CDK5RAP2"
"BTK","RELA","CDK5RAP2"
"BTK","CCR2","CDK5RAP2"
"BTK","CCNE1","CDK5RAP2"
"BTK","PIK3R6","CDK5RAP2"
"BTK","MRE11","CDK5RAP2"
"BTK","DDX58","CDK5RAP2"
"BTK","UBXN2B","CDK5RAP2"
"BTK","ROR2","CDK5RAP2"
"BTK","TTI1","CDK5RAP2"
"BTK","RND1","CDK5RAP2"
"BTK","STING1","CDK5RAP2"
"BTK","BLVRA","CDK5RAP2"
"BTK","CLSPN","CDK5RAP2"
"BTK","GRB7","CDK5RAP2"
"BTK","RBL2","CDK5RAP2"
"BTK","PPP1R14B","CDK5RAP2"
"BTK","PLCG2","PLK1"
"BTK","PTEN","STK4"
"BTK","MTOR","STK4"
"BTK","PRKG1","STK4"
"BTK","RPS6K","STK4"
"BTK","Gbeta","STK4"
"BTK","ABL1","STK4"
"BTK","MAP2K1","STK4"
"BTK","PRKCB","STK4"
"BTK","PRKCZ","STK4"
"BTK","CyclinD/CDK4","STK4"
"BTK","MAP3K7","STK4"
"BTK","IKBKB","STK4"
"BTK","MAP3K4","STK4"
"BTK","FGG","STK4"
"BTK","DVL1","STK4"
"BTK","FZR1","STK4"
"BTK","VCPIP1","STK4"
"BTK","SGK3","STK4"
"BTK","PTK6","STK4"
"BTK","IKBKE","STK4"
"BTK","CCND1","STK4"
"BTK","STAP1","STK4"
"BTK","MEK1/2","STK4"
"BTK","FADD","STK4"
"BTK","STK38","STK4"
"BTK","TLK1","STK4"
"BTK","CDKN2A","STK4"
"BTK","MAP4K1","STK4"
"BTK","IKK-complex","STK4"
"BTK","RPS6KA4","STK4"
"BTK","NTRK1","STK4"
"BTK","GPSM3","STK4"
"BTK","MAPKAPK5","STK4"
"BTK","EPHA2","STK4"
"BTK","MAP3K8","STK4"
"BTK","CDKN1B","STK4"
"BTK","FBLIM1","STK4"
"BTK","TEC","STK4"
"BTK","VCP","STK4"
"BTK","TMIGD2","STK4"
"BTK","STIP1","STK4"
"BTK","PSTPIP1","STK4"
"BTK","CCNE1","STK4"
"BTK","IMPDH2","STK4"
"BTK","SET","STK4"
"BTK","PIK3CG","STK4"
"BTK","PPP1R14A","STK4"
"BTK","BCL10","STK4"
"BTK","HDAC2","STK4"
"BTK","KSR1","STK4"
"BTK","ROR2","STK4"
"BTK","ABI1","STK4"
"BTK","IFIH1","STK4"
"BTK","TTI1","STK4"
"BTK","WDFY3","STK4"
"BTK","LRP6","STK4"
"BTK","HOXB7","STK4"
"BTK","PIK3C3","STK4"
"BTK","STING1","STK4"
"BTK","CTDP1","STK4"
"BTK","BLVRA","STK4"
"BTK","CLSPN","STK4"
"BTK","MAPKAP1","STK4"
"BTK","PPP1R14B","STK4"
"BTK","PABIR1","STK4"
"BTK","MAPK3","LYN"
"BTK","AKT3","LYN"
"BTK","CHUK","LYN"
"BTK","AKT2","LYN"
"BTK","PTEN","LYN"
"BTK","PRKG1","LYN"
"BTK","CCP110","LYN"
"BTK","ERK1/2","LYN"
"BTK","LCK","LYN"
"BTK","WNK1","LYN"
"BTK","SGK1","LYN"
"BTK","PRKCG","LYN"
"BTK","PRKCZ","LYN"
"BTK","CyclinD/CDK4","LYN"
"BTK","MAP3K1","LYN"
"BTK","MAP3K7","LYN"
"BTK","AKT","LYN"
"BTK","IKBKB","LYN"
"BTK","WWTR1","LYN"
"BTK","DOK1","LYN"
"BTK","MAP3K4","LYN"
"BTK","PXN","LYN"
"BTK","LEPR","LYN"
"BTK","BCL3","LYN"
"BTK","DVL1","LYN"
"BTK","GRB2","LYN"
"BTK","ATR","LYN"
"BTK","SGK3","LYN"
"BTK","IKBKE","LYN"
"BTK","MEK1/2","LYN"
"BTK","PTPN7","LYN"
"BTK","MAP4K1","LYN"
"BTK","RET","LYN"
"BTK","SHC1","LYN"
"BTK","NTRK1","LYN"
"BTK","MAPKAPK5","LYN"
"BTK","EPHA2","LYN"
"BTK","CDKN1B","LYN"
"BTK","FBLIM1","LYN"
"BTK","GRIP1","LYN"
"BTK","STIP1","LYN"
"BTK","PSTPIP1","LYN"
"BTK","TRAF3","LYN"
"BTK","CD28","LYN"
"BTK","FRS2","LYN"
"BTK","SH2B2","LYN"
"BTK","TRPV1","LYN"
"BTK","PIK3R6","LYN"
"BTK","KSR1","LYN"
"BTK","DDX58","LYN"
"BTK","MST1R","LYN"
"BTK","ROR2","LYN"
"BTK","RAD50","LYN"
"BTK","TTI1","LYN"
"BTK","WDFY3","LYN"
"BTK","HOXB7","LYN"
"BTK","CTDP1","LYN"
"BTK","TELO2","LYN"
"BTK","GRB7","LYN"
"BTK","PABIR1","LYN"
"BTK","MAPK3","MEF2C"
"BTK","CHUK","MEF2C"
"BTK","PRKCQ","MEF2C"
"BTK","AKT1","MEF2C"
"BTK","PRKG1","MEF2C"
"BTK","CCP110","MEF2C"
"BTK","RPS6K","MEF2C"
"BTK","Gbeta","MEF2C"
"BTK","ABL1","MEF2C"
"BTK","WNK1","MEF2C"
"BTK","PDPK1","MEF2C"
"BTK","MAP2K1","MEF2C"
"BTK","PRKCZ","MEF2C"
"BTK","MAP3K1","MEF2C"
"BTK","MAP3K7","MEF2C"
"BTK","AKT","MEF2C"
"BTK","WWTR1","MEF2C"
"BTK","DOK1","MEF2C"
"BTK","MAP3K4","MEF2C"
"BTK","DAPK1","MEF2C"
"BTK","FGG","MEF2C"
"BTK","LEPR","MEF2C"
"BTK","RPS6KA3","MEF2C"
"BTK","BCL3","MEF2C"
"BTK","DVL1","MEF2C"
"BTK","FZR1","MEF2C"
"BTK","GRB2","MEF2C"
"BTK","VCPIP1","MEF2C"
"BTK","ATR","MEF2C"
"BTK","SGK3","MEF2C"
"BTK","PTK6","MEF2C"
"BTK","IKBKE","MEF2C"
"BTK","CCND1","MEF2C"
"BTK","ILK","MEF2C"
"BTK","STAP1","MEF2C"
"BTK","TBK1","MEF2C"
"BTK","SPRED1","MEF2C"
"BTK","MEK1/2","MEF2C"
"BTK","CALM1","MEF2C"
"BTK","FADD","MEF2C"
"BTK","STK38","MEF2C"
"BTK","TLK1","MEF2C"
"BTK","C9orf72","MEF2C"
"BTK","CDKN2A","MEF2C"
"BTK","MAP4K1","MEF2C"
"BTK","RET","MEF2C"
"BTK","IKK-complex","MEF2C"
"BTK","SHC1","MEF2C"
"BTK","NTRK1","MEF2C"
"BTK","GPSM3","MEF2C"
"BTK","MAPKAPK5","MEF2C"
"BTK","EPHA2","MEF2C"
"BTK","MAP3K8","MEF2C"
"BTK","CDKN1B","MEF2C"
"BTK","FBLIM1","MEF2C"
"BTK","VCP","MEF2C"
"BTK","GRIP1","MEF2C"
"BTK","TMIGD2","MEF2C"
"BTK","CCR2","MEF2C"
"BTK","PSTPIP1","MEF2C"
"BTK","ARRB2","MEF2C"
"BTK","INPP5D","MEF2C"
"BTK","FRS2","MEF2C"
"BTK","CCNE1","MEF2C"
"BTK","IMPDH2","MEF2C"
"BTK","SET","MEF2C"
"BTK","PIK3CG","MEF2C"
"BTK","SH2B2","MEF2C"
"BTK","TRPV1","MEF2C"
"BTK","PPP1R14A","MEF2C"
"BTK","MRE11","MEF2C"
"BTK","HDAC2","MEF2C"
"BTK","DDX58","MEF2C"
"BTK","ROR2","MEF2C"
"BTK","ABI1","MEF2C"
"BTK","IFIH1","MEF2C"
"BTK","RAD50","MEF2C"
"BTK","LRP6","MEF2C"
"BTK","GRB14","MEF2C"
"BTK","HOXB7","MEF2C"
"BTK","PIK3C3","MEF2C"
"BTK","STING1","MEF2C"
"BTK","SPEN","MEF2C"
"BTK","TELO2","MEF2C"
"BTK","BLVRA","MEF2C"
"BTK","CLSPN","MEF2C"
"BTK","MAPKAP1","MEF2C"
"BTK","GRB7","MEF2C"
"BTK","PLCG2","MEF2C"
"BTK","MAPK3","OXTR"
"BTK","AKT3","OXTR"
"BTK","CHUK","OXTR"
"BTK","AKT2","OXTR"
"BTK","PTEN","OXTR"
"BTK","PRKCQ","OXTR"
"BTK","RPS6K","OXTR"
"BTK","ERK1/2","OXTR"
"BTK","Gbeta","OXTR"
"BTK","LCK","OXTR"
"BTK","CDK9","OXTR"
"BTK","ABL1","OXTR"
"BTK","SGK1","OXTR"
"BTK","PRKCB","OXTR"
"BTK","PRKCZ","OXTR"
"BTK","AKT","OXTR"
"BTK","WWTR1","OXTR"
"BTK","MAP3K4","OXTR"
"BTK","DAPK1","OXTR"
"BTK","PXN","OXTR"
"BTK","RPS6KA3","OXTR"
"BTK","ATR","OXTR"
"BTK","IKBKE","OXTR"
"BTK","STAP1","OXTR"
"BTK","SPRED1","OXTR"
"BTK","MEK1/2","OXTR"
"BTK","STK38","OXTR"
"BTK","C9orf72","OXTR"
"BTK","MAP4K1","OXTR"
"BTK","DDX41","OXTR"
"BTK","RPS6KA4","OXTR"
"BTK","NTRK1","OXTR"
"BTK","RELA","OXTR"
"BTK","EPHA2","OXTR"
"BTK","MAP3K8","OXTR"
"BTK","FBLIM1","OXTR"
"BTK","TEC","OXTR"
"BTK","GRIP1","OXTR"
"BTK","TMIGD2","OXTR"
"BTK","CCR2","OXTR"
"BTK","STIP1","OXTR"
"BTK","ARRB2","OXTR"
"BTK","CD28","OXTR"
"BTK","INPP5D","OXTR"
"BTK","FRS2","OXTR"
"BTK","CCNE1","OXTR"
"BTK","PIK3CG","OXTR"
"BTK","PPP1R14A","OXTR"
"BTK","BCL10","OXTR"
"BTK","PIK3R6","OXTR"
"BTK","HDAC2","OXTR"
"BTK","DDX58","OXTR"
"BTK","UBXN2B","OXTR"
"BTK","MST1R","OXTR"
"BTK","RAD50","OXTR"
"BTK","GRB14","OXTR"
"BTK","HOXB7","OXTR"
"BTK","STING1","OXTR"
"BTK","CTDP1","OXTR"
"BTK","TELO2","OXTR"
"BTK","BLVRA","OXTR"
"BTK","CLSPN","OXTR"
"BTK","GRB7","OXTR"
"BTK","BAZ1B","OXTR"
"BTK","PLCG2","OXTR"
"BTK","RBL2","OXTR"
"BTK","PABIR1","OXTR"
"BTK","MAPK3","KRAS"
"BTK","AKT3","KRAS"
"BTK","CHUK","KRAS"
"BTK","AKT2","KRAS"
"BTK","PRKCQ","KRAS"
"BTK","MTOR","KRAS"
"BTK","AKT1","KRAS"
"BTK","PRKG1","KRAS"
"BTK","CCP110","KRAS"
"BTK","RPS6K","KRAS"
"BTK","CALM2","KRAS"
"BTK","ERK1/2","KRAS"
"BTK","Gbeta","KRAS"
"BTK","LCK","KRAS"
"BTK","CDK9","KRAS"
"BTK","ABL1","KRAS"
"BTK","SGK1","KRAS"
"BTK","PRKCG","KRAS"
"BTK","PRKCZ","KRAS"
"BTK","MAP3K1","KRAS"
"BTK","IKBKB","KRAS"
"BTK","WWTR1","KRAS"
"BTK","DOK1","KRAS"
"BTK","MAP3K4","KRAS"
"BTK","DAPK1","KRAS"
"BTK","PXN","KRAS"
"BTK","FGG","KRAS"
"BTK","ITK","KRAS"
"BTK","BCL3","KRAS"
"BTK","DVL1","KRAS"
"BTK","GRB2","KRAS"
"BTK","VCPIP1","KRAS"
"BTK","ATR","KRAS"
"BTK","SGK3","KRAS"
"BTK","PTK6","KRAS"
"BTK","IKBKE","KRAS"
"BTK","ILK","KRAS"
"BTK","TBK1","KRAS"
"BTK","CALM1","KRAS"
"BTK","TLK1","KRAS"
"BTK","C9orf72","KRAS"
"BTK","CDKN2A","KRAS"
"BTK","MAP4K1","KRAS"
"BTK","RET","KRAS"
"BTK","DDX41","KRAS"
"BTK","IKK-complex","KRAS"
"BTK","RPS6KA4","KRAS"
"BTK","NTRK1","KRAS"
"BTK","GPSM3","KRAS"
"BTK","RELA","KRAS"
"BTK","EPHA2","KRAS"
"BTK","MAP3K8","KRAS"
"BTK","PTPRR","KRAS"
"BTK","VCP","KRAS"
"BTK","GRIP1","KRAS"
"BTK","CCR2","KRAS"
"BTK","PSTPIP1","KRAS"
"BTK","ARRB2","KRAS"
"BTK","CRTC2","KRAS"
"BTK","FRS2","KRAS"
"BTK","IMPDH2","KRAS"
"BTK","SET","KRAS"
"BTK","PIK3CG","KRAS"
"BTK","PPP1R14A","KRAS"
"BTK","BCL10","KRAS"
"BTK","HDAC2","KRAS"
"BTK","DDX58","KRAS"
"BTK","UBXN2B","KRAS"
"BTK","RAD50","KRAS"
"BTK","GRB14","KRAS"
"BTK","HOXB7","KRAS"
"BTK","PIK3C3","KRAS"
"BTK","RND1","KRAS"
"BTK","CTDP1","KRAS"
"BTK","BLVRA","KRAS"
"BTK","CLSPN","KRAS"
"BTK","MAPKAP1","KRAS"
"BTK","PRKCQ","LCK"
"BTK","MTOR","LCK"
"BTK","PRKG1","LCK"
"BTK","RPS6KA5","LCK"
"BTK","PDPK1","LCK"
"BTK","MAP2K1","LCK"
"BTK","WWTR1","LCK"
"BTK","MAP3K4","LCK"
"BTK","DAPK1","LCK"
"BTK","PXN","LCK"
"BTK","FGG","LCK"
"BTK","ITK","LCK"
"BTK","PTK6","LCK"
"BTK","TBK1","LCK"
"BTK","PTPN7","LCK"
"BTK","CALM1","LCK"
"BTK","C9orf72","LCK"
"BTK","CDKN2A","LCK"
"BTK","MAP4K1","LCK"
"BTK","DDX41","LCK"
"BTK","RPS6KA4","LCK"
"BTK","NTRK1","LCK"
"BTK","EPHA2","LCK"
"BTK","CDKN1B","LCK"
"BTK","GRIP1","LCK"
"BTK","IMPDH2","LCK"
"BTK","TRPV1","LCK"
"BTK","HDAC2","LCK"
"BTK","IFIH1","LCK"
"BTK","RAD50","LCK"
"BTK","TTI1","LCK"
"BTK","LRP6","LCK"
"BTK","GRB14","LCK"
"BTK","HOXB7","LCK"
"BTK","PIK3C3","LCK"
"BTK","STING1","LCK"
"BTK","SPEN","LCK"
"BTK","NFKB1","LCK"
"BTK","CTDP1","LCK"
"BTK","TELO2","LCK"
"BTK","BLVRA","LCK"
"BTK","CLSPN","LCK"
"BTK","PLCG2","LCK"
"BTK","PPP1R14B","LCK"
"BTK","PABIR1","LCK"
"BTK","MAPK3","KIT"
"BTK","AKT3","KIT"
"BTK","CHUK","KIT"
"BTK","PTEN","KIT"
"BTK","PRKCQ","KIT"
"BTK","CCP110","KIT"
"BTK","CALM2","KIT"
"BTK","LCK","KIT"
"BTK","CDK9","KIT"
"BTK","RPS6KA5","KIT"
"BTK","WNK1","KIT"
"BTK","PDPK1","KIT"
"BTK","MAP2K1","KIT"
"BTK","PRKCB","KIT"
"BTK","CyclinD/CDK4","KIT"
"BTK","MAP3K1","KIT"
"BTK","MAP3K7","KIT"
"BTK","IKBKB","KIT"
"BTK","PXN","KIT"
"BTK","FGG","KIT"
"BTK","ITK","KIT"
"BTK","RPS6KA3","KIT"
"BTK","BCL3","KIT"
"BTK","DVL1","KIT"
"BTK","FZR1","KIT"
"BTK","GRB2","KIT"
"BTK","VCPIP1","KIT"
"BTK","ATR","KIT"
"BTK","SGK3","KIT"
"BTK","IKBKE","KIT"
"BTK","CCND1","KIT"
"BTK","TBK1","KIT"
"BTK","FADD","KIT"
"BTK","TLK1","KIT"
"BTK","CDKN2A","KIT"
"BTK","RET","KIT"
"BTK","DDX41","KIT"
"BTK","IKK-complex","KIT"
"BTK","RPS6KA4","KIT"
"BTK","GPSM3","KIT"
"BTK","MAP3K8","KIT"
"BTK","PTPRR","KIT"
"BTK","CDKN1B","KIT"
"BTK","TMIGD2","KIT"
"BTK","TRAF3","KIT"
"BTK","CRTC2","KIT"
"BTK","INPP5D","KIT"
"BTK","SET","KIT"
"BTK","TRPV1","KIT"
"BTK","WDFY3","KIT"
"BTK","STING1","KIT"
"BTK","NFKB1","KIT"
"BTK","BAZ1B","KIT"
"BTK","RBL2","KIT"
"BTK","PABIR1","KIT"
"BTK","MAPK3","FYN"
"BTK","AKT3","FYN"
"BTK","CHUK","FYN"
"BTK","AKT1","FYN"
"BTK","CCP110","FYN"
"BTK","RPS6K","FYN"
"BTK","Gbeta","FYN"
"BTK","LCK","FYN"
"BTK","CDK9","FYN"
"BTK","RPS6KA5","FYN"
"BTK","WNK1","FYN"
"BTK","PDPK1","FYN"
"BTK","PRKCB","FYN"
"BTK","PRKCG","FYN"
"BTK","PRKCZ","FYN"
"BTK","MAP3K7","FYN"
"BTK","MAP3K4","FYN"
"BTK","DAPK1","FYN"
"BTK","FGG","FYN"
"BTK","BCL3","FYN"
"BTK","GRB2","FYN"
"BTK","SGK3","FYN"
"BTK","PTK6","FYN"
"BTK","SPRED1","FYN"
"BTK","PTPN7","FYN"
"BTK","CALM1","FYN"
"BTK","C9orf72","FYN"
"BTK","SHC1","FYN"
"BTK","RPS6KA4","FYN"
"BTK","RELA","FYN"
"BTK","EPHA2","FYN"
"BTK","MAP3K8","FYN"
"BTK","PTPRR","FYN"
"BTK","FBLIM1","FYN"
"BTK","TEC","FYN"
"BTK","TMIGD2","FYN"
"BTK","STIP1","FYN"
"BTK","PSTPIP1","FYN"
"BTK","TRAF3","FYN"
"BTK","CRTC2","FYN"
"BTK","INPP5D","FYN"
"BTK","CCNE1","FYN"
"BTK","IMPDH2","FYN"
"BTK","TRPV1","FYN"
"BTK","PPP1R14A","FYN"
"BTK","BCL10","FYN"
"BTK","PIK3R6","FYN"
"BTK","MRE11","FYN"
"BTK","KSR1","FYN"
"BTK","UBXN2B","FYN"
"BTK","ROR2","FYN"
"BTK","TTI1","FYN"
"BTK","NFKB1","FYN"
"BTK","TELO2","FYN"
"BTK","PABIR1","FYN"
"BTK","CHUK","ID3"
"BTK","AKT2","ID3"
"BTK","PTEN","ID3"
"BTK","MTOR","ID3"
"BTK","PRKG1","ID3"
"BTK","RPS6K","ID3"
"BTK","CDK9","ID3"
"BTK","ABL1","ID3"
"BTK","PDPK1","ID3"
"BTK","MAP2K1","ID3"
"BTK","PRKCZ","ID3"
"BTK","CyclinD/CDK4","ID3"
"BTK","WWTR1","ID3"
"BTK","DOK1","ID3"
"BTK","MAP3K4","ID3"
"BTK","GRB2","ID3"
"BTK","ATR","ID3"
"BTK","SGK3","ID3"
"BTK","IKBKE","ID3"
"BTK","CALM1","ID3"
"BTK","MAP4K1","ID3"
"BTK","NTRK1","ID3"
"BTK","MAPKAPK5","ID3"
"BTK","CDKN1B","ID3"
"BTK","FBLIM1","ID3"
"BTK","PSTPIP1","ID3"
"BTK","ARRB2","ID3"
"BTK","TRAF3","ID3"
"BTK","CCNE1","ID3"
"BTK","SET","ID3"
"BTK","SH2B2","ID3"
"BTK","TRPV1","ID3"
"BTK","BCL10","ID3"
"BTK","MRE11","ID3"
"BTK","DDX58","ID3"
"BTK","ROR2","ID3"
"BTK","PIK3C3","ID3"
"BTK","TELO2","ID3"
"BTK","RBL2","ID3"
"BTK","PPP1R14B","ID3"
"BTK","CHUK","EP300"
"BTK","PTEN","EP300"
"BTK","AKT1","EP300"
"BTK","CALM2","EP300"
"BTK","Gbeta","EP300"
"BTK","CDK9","EP300"
"BTK","ABL1","EP300"
"BTK","SGK1","EP300"
"BTK","PRKCZ","EP300"
"BTK","CyclinD/CDK4","EP300"
"BTK","MAP3K7","EP300"
"BTK","FGG","EP300"
"BTK","ITK","EP300"
"BTK","RPS6KA3","EP300"
"BTK","BCL3","EP300"
"BTK","DVL1","EP300"
"BTK","GRB2","EP300"
"BTK","ATR","EP300"
"BTK","SGK3","EP300"
"BTK","PTK6","EP300"
"BTK","CCND1","EP300"
"BTK","TBK1","EP300"
"BTK","SPRED1","EP300"
"BTK","PTPN7","EP300"
"BTK","RET","EP300"
"BTK","GRIP1","EP300"
"BTK","TMIGD2","EP300"
"BTK","CCR2","EP300"
"BTK","ARRB2","EP300"
"BTK","TRAF3","EP300"
"BTK","CRTC2","EP300"
"BTK","PIK3CG","EP300"
"BTK","PPP1R14A","EP300"
"BTK","DDX58","EP300"
"BTK","UBXN2B","EP300"
"BTK","MST1R","EP300"
"BTK","ROR2","EP300"
"BTK","IFIH1","EP300"
"BTK","LRP6","EP300"
"BTK","HOXB7","EP300"
"BTK","PIK3C3","EP300"
"BTK","NFKB1","EP300"
"BTK","BLVRA","EP300"
"BTK","PABIR1","EP300"
"BTK","PTEN","CDK9"
"BTK","PRKCQ","CDK9"
"BTK","AKT1","CDK9"
"BTK","RPS6K","CDK9"
"BTK","CALM2","CDK9"
"BTK","ERK1/2","CDK9"
"BTK","PRKCG","CDK9"
"BTK","MAP3K1","CDK9"
"BTK","MAP3K7","CDK9"
"BTK","AKT","CDK9"
"BTK","WWTR1","CDK9"
"BTK","MAP3K4","CDK9"
"BTK","DAPK1","CDK9"
"BTK","FGG","CDK9"
"BTK","LEPR","CDK9"
"BTK","ITK","CDK9"
"BTK","BCL3","CDK9"
"BTK","DVL1","CDK9"
"BTK","FZR1","CDK9"
"BTK","GRB2","CDK9"
"BTK","VCPIP1","CDK9"
"BTK","SGK3","CDK9"
"BTK","PTK6","CDK9"
"BTK","IKBKE","CDK9"
"BTK","CCND1","CDK9"
"BTK","ILK","CDK9"
"BTK","STAP1","CDK9"
"BTK","PTPN7","CDK9"
"BTK","RET","CDK9"
"BTK","RPS6KA4","CDK9"
"BTK","NTRK1","CDK9"
"BTK","RELA","CDK9"
"BTK","MAPKAPK5","CDK9"
"BTK","EPHA2","CDK9"
"BTK","MAP3K8","CDK9"
"BTK","CDKN1B","CDK9"
"BTK","TEC","CDK9"
"BTK","TMIGD2","CDK9"
"BTK","CCR2","CDK9"
"BTK","STIP1","CDK9"
"BTK","ARRB2","CDK9"
"BTK","TRAF3","CDK9"
"BTK","CRTC2","CDK9"
"BTK","CD28","CDK9"
"BTK","INPP5D","CDK9"
"BTK","FRS2","CDK9"
"BTK","CCNE1","CDK9"
"BTK","PIK3CG","CDK9"
"BTK","PPP1R14A","CDK9"
"BTK","BCL10","CDK9"
"BTK","PIK3R6","CDK9"
"BTK","MRE11","CDK9"
"BTK","HDAC2","CDK9"
"BTK","KSR1","CDK9"
"BTK","DDX58","CDK9"
"BTK","UBXN2B","CDK9"
"BTK","MST1R","CDK9"
"BTK","ROR2","CDK9"
"BTK","ABI1","CDK9"
"BTK","IFIH1","CDK9"
"BTK","RAD50","CDK9"
"BTK","WDFY3","CDK9"
"BTK","LRP6","CDK9"
"BTK","GRB14","CDK9"
"BTK","STING1","CDK9"
"BTK","SPEN","CDK9"
"BTK","CTDP1","CDK9"
"BTK","BLVRA","CDK9"
"BTK","MAPKAP1","CDK9"
"BTK","RBL2","CDK9"
"BTK","PLCG2","SP1"
"BTK","MAPK3","ABL1"
"BTK","AKT2","ABL1"
"BTK","PTEN","ABL1"
"BTK","AKT1","ABL1"
"BTK","CCP110","ABL1"
"BTK","RPS6K","ABL1"
"BTK","CALM2","ABL1"
"BTK","Gbeta","ABL1"
"BTK","LCK","ABL1"
"BTK","RPS6KA5","ABL1"
"BTK","PDPK1","ABL1"
"BTK","SGK1","ABL1"
"BTK","MAP2K1","ABL1"
"BTK","PRKCB","ABL1"
"BTK","PRKCG","ABL1"
"BTK","PRKCZ","ABL1"
"BTK","MAP3K7","ABL1"
"BTK","AKT","ABL1"
"BTK","IKBKB","ABL1"
"BTK","WWTR1","ABL1"
"BTK","PXN","ABL1"
"BTK","PTK6","ABL1"
"BTK","IKBKE","ABL1"
"BTK","C9orf72","ABL1"
"BTK","MAP4K1","ABL1"
"BTK","RET","ABL1"
"BTK","DDX41","ABL1"
"BTK","SHC1","ABL1"
"BTK","RPS6KA4","ABL1"
"BTK","NTRK1","ABL1"
"BTK","MAPKAPK5","ABL1"
"BTK","EPHA2","ABL1"
"BTK","FBLIM1","ABL1"
"BTK","TMIGD2","ABL1"
"BTK","CCR2","ABL1"
"BTK","STIP1","ABL1"
"BTK","ARRB2","ABL1"
"BTK","TRAF3","ABL1"
"BTK","INPP5D","ABL1"
"BTK","PIK3CG","ABL1"
"BTK","SDC4","ABL1"
"BTK","IFIH1","ABL1"
"BTK","LRP6","ABL1"
"BTK","GRB14","ABL1"
"BTK","PIK3C3","ABL1"
"BTK","NFKB1","ABL1"
"BTK","RBL2","ABL1"
"BTK","PPP1R14B","ABL1"
"BTK","PABIR1","ABL1"
"BTK","AKT3","CHEK2"
"BTK","CHUK","CHEK2"
"BTK","AKT2","CHEK2"
"BTK","PRKCQ","CHEK2"
"BTK","MTOR","CHEK2"
"BTK","AKT1","CHEK2"
"BTK","PRKG1","CHEK2"
"BTK","CCP110","CHEK2"
"BTK","ERK1/2","CHEK2"
"BTK","Gbeta","CHEK2"
"BTK","LCK","CHEK2"
"BTK","CDK9","CHEK2"
"BTK","ABL1","CHEK2"
"BTK","RPS6KA5","CHEK2"
"BTK","WNK1","CHEK2"
"BTK","PDPK1","CHEK2"
"BTK","MAP2K1","CHEK2"
"BTK","PRKCZ","CHEK2"
"BTK","CyclinD/CDK4","CHEK2"
"BTK","MAP3K7","CHEK2"
"BTK","IKBKB","CHEK2"
"BTK","WWTR1","CHEK2"
"BTK","DOK1","CHEK2"
"BTK","MAP3K4","CHEK2"
"BTK","DAPK1","CHEK2"
"BTK","PXN","CHEK2"
"BTK","LEPR","CHEK2"
"BTK","ITK","CHEK2"
"BTK","BCL3","CHEK2"
"BTK","DVL1","CHEK2"
"BTK","FZR1","CHEK2"
"BTK","GRB2","CHEK2"
"BTK","PTK6","CHEK2"
"BTK","IKBKE","CHEK2"
"BTK","CCND1","CHEK2"
"BTK","ILK","CHEK2"
"BTK","TBK1","CHEK2"
"BTK","SPRED1","CHEK2"
"BTK","MEK1/2","CHEK2"
"BTK","PTPN7","CHEK2"
"BTK","CALM1","CHEK2"
"BTK","TLK1","CHEK2"
"BTK","C9orf72","CHEK2"
"BTK","CDKN2A","CHEK2"
"BTK","MAP4K1","CHEK2"
"BTK","RET","CHEK2"
"BTK","SHC1","CHEK2"
"BTK","NTRK1","CHEK2"
"BTK","RELA","CHEK2"
"BTK","MAPKAPK5","CHEK2"
"BTK","MAP3K8","CHEK2"
"BTK","PTPRR","CHEK2"
"BTK","CDKN1B","CHEK2"
"BTK","FBLIM1","CHEK2"
"BTK","TEC","CHEK2"
"BTK","VCP","CHEK2"
"BTK","GRIP1","CHEK2"
"BTK","TMIGD2","CHEK2"
"BTK","CCR2","CHEK2"
"BTK","PSTPIP1","CHEK2"
"BTK","CD28","CHEK2"
"BTK","INPP5D","CHEK2"
"BTK","FRS2","CHEK2"
"BTK","SH2B2","CHEK2"
"BTK","TRPV1","CHEK2"
"BTK","BCL10","CHEK2"
"BTK","PIK3R6","CHEK2"
"BTK","HDAC2","CHEK2"
"BTK","KSR1","CHEK2"
"BTK","DDX58","CHEK2"
"BTK","UBXN2B","CHEK2"
"BTK","IFIH1","CHEK2"
"BTK","RAD50","CHEK2"
"BTK","WDFY3","CHEK2"
"BTK","LRP6","CHEK2"
"BTK","GRB14","CHEK2"
"BTK","HOXB7","CHEK2"
"BTK","PIK3C3","CHEK2"
"BTK","RND1","CHEK2"
"BTK","STING1","CHEK2"
"BTK","SPEN","CHEK2"
"BTK","CTDP1","CHEK2"
"BTK","TELO2","CHEK2"
"BTK","CLSPN","CHEK2"
"BTK","MAPKAP1","CHEK2"
"BTK","GRB7","CHEK2"
"BTK","BAZ1B","CHEK2"
"BTK","PPP1R14B","CHEK2"
"BTK","PABIR1","CHEK2"
"BTK","AKT3","RPS6KA5"
"BTK","AKT2","RPS6KA5"
"BTK","PTEN","RPS6KA5"
"BTK","PRKCQ","RPS6KA5"
"BTK","AKT1","RPS6KA5"
"BTK","PRKG1","RPS6KA5"
"BTK","RPS6K","RPS6KA5"
"BTK","LCK","RPS6KA5"
"BTK","MAP2K1","RPS6KA5"
"BTK","CyclinD/CDK4","RPS6KA5"
"BTK","MAP3K1","RPS6KA5"
"BTK","AKT","RPS6KA5"
"BTK","WWTR1","RPS6KA5"
"BTK","DOK1","RPS6KA5"
"BTK","MAP3K4","RPS6KA5"
"BTK","PXN","RPS6KA5"
"BTK","FGG","RPS6KA5"
"BTK","LEPR","RPS6KA5"
"BTK","ITK","RPS6KA5"
"BTK","RPS6KA3","RPS6KA5"
"BTK","BCL3","RPS6KA5"
"BTK","DVL1","RPS6KA5"
"BTK","FZR1","RPS6KA5"
"BTK","GRB2","RPS6KA5"
"BTK","ATR","RPS6KA5"
"BTK","SGK3","RPS6KA5"
"BTK","ILK","RPS6KA5"
"BTK","STAP1","RPS6KA5"
"BTK","SPRED1","RPS6KA5"
"BTK","MEK1/2","RPS6KA5"
"BTK","PTPN7","RPS6KA5"
"BTK","CALM1","RPS6KA5"
"BTK","C9orf72","RPS6KA5"
"BTK","IKK-complex","RPS6KA5"
"BTK","RPS6KA4","RPS6KA5"
"BTK","MAPKAPK5","RPS6KA5"
"BTK","EPHA2","RPS6KA5"
"BTK","VCP","RPS6KA5"
"BTK","GRIP1","RPS6KA5"
"BTK","PSTPIP1","RPS6KA5"
"BTK","TRAF3","RPS6KA5"
"BTK","CD28","RPS6KA5"
"BTK","PIK3CG","RPS6KA5"
"BTK","SH2B2","RPS6KA5"
"BTK","PPP1R14A","RPS6KA5"
"BTK","KSR1","RPS6KA5"
"BTK","ROR2","RPS6KA5"
"BTK","IFIH1","RPS6KA5"
"BTK","TTI1","RPS6KA5"
"BTK","WDFY3","RPS6KA5"
"BTK","GRB14","RPS6KA5"
"BTK","CTDP1","RPS6KA5"
"BTK","TELO2","RPS6KA5"
"BTK","BLVRA","RPS6KA5"
"BTK","GRB7","RPS6KA5"
"BTK","CHUK","JAK2"
"BTK","AKT2","JAK2"
"BTK","PRKCQ","JAK2"
"BTK","AKT1","JAK2"
"BTK","ABL1","JAK2"
"BTK","SGK1","JAK2"
"BTK","PRKCB","JAK2"
"BTK","IKBKB","JAK2"
"BTK","RPS6KA3","JAK2"
"BTK","FZR1","JAK2"
"BTK","SGK3","JAK2"
"BTK","PTK6","JAK2"
"BTK","IKBKE","JAK2"
"BTK","CCND1","JAK2"
"BTK","ILK","JAK2"
"BTK","STAP1","JAK2"
"BTK","TBK1","JAK2"
"BTK","SPRED1","JAK2"
"BTK","MEK1/2","JAK2"
"BTK","PTPN7","JAK2"
"BTK","STK38","JAK2"
"BTK","TLK1","JAK2"
"BTK","CDKN2A","JAK2"
"BTK","MAP4K1","JAK2"
"BTK","RET","JAK2"
"BTK","DDX41","JAK2"
"BTK","IKK-complex","JAK2"
"BTK","SHC1","JAK2"
"BTK","GPSM3","JAK2"
"BTK","MAP3K8","JAK2"
"BTK","PTPRR","JAK2"
"BTK","TEC","JAK2"
"BTK","GRIP1","JAK2"
"BTK","STIP1","JAK2"
"BTK","PSTPIP1","JAK2"
"BTK","ARRB2","JAK2"
"BTK","CRTC2","JAK2"
"BTK","CD28","JAK2"
"BTK","INPP5D","JAK2"
"BTK","IMPDH2","JAK2"
"BTK","SET","JAK2"
"BTK","SH2B2","JAK2"
"BTK","TRPV1","JAK2"
"BTK","PPP1R14A","JAK2"
"BTK","BCL10","JAK2"
"BTK","PIK3R6","JAK2"
"BTK","HDAC2","JAK2"
"BTK","ROR2","JAK2"
"BTK","ABI1","JAK2"
"BTK","IFIH1","JAK2"
"BTK","RAD50","JAK2"
"BTK","TTI1","JAK2"
"BTK","STING1","JAK2"
"BTK","NFKB1","JAK2"
"BTK","BLVRA","JAK2"
"BTK","CLSPN","JAK2"
"BTK","MAPKAP1","JAK2"
"BTK","PABIR1","JAK2"
"BTK","AKT3","PPP1CA"
"BTK","CHUK","PPP1CA"
"BTK","AKT2","PPP1CA"
"BTK","PTEN","PPP1CA"
"BTK","MTOR","PPP1CA"
"BTK","AKT1","PPP1CA"
"BTK","RPS6K","PPP1CA"
"BTK","ABL1","PPP1CA"
"BTK","RPS6KA5","PPP1CA"
"BTK","WNK1","PPP1CA"
"BTK","PDPK1","PPP1CA"
"BTK","SGK1","PPP1CA"
"BTK","MAP2K1","PPP1CA"
"BTK","PRKCB","PPP1CA"
"BTK","PRKCG","PPP1CA"
"BTK","MAP3K1","PPP1CA"
"BTK","MAP3K7","PPP1CA"
"BTK","AKT","PPP1CA"
"BTK","DOK1","PPP1CA"
"BTK","MAP3K4","PPP1CA"
"BTK","DAPK1","PPP1CA"
"BTK","PXN","PPP1CA"
"BTK","FGG","PPP1CA"
"BTK","FBXW7","PPP1CA"
"BTK","LEPR","PPP1CA"
"BTK","RPS6KA3","PPP1CA"
"BTK","BCL3","PPP1CA"
"BTK","VCPIP1","PPP1CA"
"BTK","SGK3","PPP1CA"
"BTK","PTK6","PPP1CA"
"BTK","CCND1","PPP1CA"
"BTK","TBK1","PPP1CA"
"BTK","PTPN7","PPP1CA"
"BTK","CALM1","PPP1CA"
"BTK","FADD","PPP1CA"
"BTK","STK38","PPP1CA"
"BTK","TLK1","PPP1CA"
"BTK","C9orf72","PPP1CA"
"BTK","CDKN2A","PPP1CA"
"BTK","RET","PPP1CA"
"BTK","RPS6KA4","PPP1CA"
"BTK","NTRK1","PPP1CA"
"BTK","GPSM3","PPP1CA"
"BTK","RELA","PPP1CA"
"BTK","EPHA2","PPP1CA"
"BTK","MAP3K8","PPP1CA"
"BTK","PTPRR","PPP1CA"
"BTK","GRIP1","PPP1CA"
"BTK","CCR2","PPP1CA"
"BTK","STIP1","PPP1CA"
"BTK","PSTPIP1","PPP1CA"
"BTK","ARRB2","PPP1CA"
"BTK","CCNE1","PPP1CA"
"BTK","SET","PPP1CA"
"BTK","TRPV1","PPP1CA"
"BTK","PPP1R14A","PPP1CA"
"BTK","MRE11","PPP1CA"
"BTK","HDAC2","PPP1CA"
"BTK","KSR1","PPP1CA"
"BTK","UBXN2B","PPP1CA"
"BTK","MST1R","PPP1CA"
"BTK","ABI1","PPP1CA"
"BTK","RAD50","PPP1CA"
"BTK","GRB14","PPP1CA"
"BTK","RND1","PPP1CA"
"BTK","SPEN","PPP1CA"
"BTK","CTDP1","PPP1CA"
"BTK","BLVRA","PPP1CA"
"BTK","MAPKAP1","PPP1CA"
"BTK","GRB7","PPP1CA"
"BTK","RBL2","PPP1CA"
"BTK","CHUK","IFNGR1"
"BTK","MTOR","IFNGR1"
"BTK","PRKG1","IFNGR1"
"BTK","CALM2","IFNGR1"
"BTK","Gbeta","IFNGR1"
"BTK","CDK9","IFNGR1"
"BTK","ABL1","IFNGR1"
"BTK","RPS6KA5","IFNGR1"
"BTK","PDPK1","IFNGR1"
"BTK","SGK1","IFNGR1"
"BTK","MAP2K1","IFNGR1"
"BTK","PRKCB","IFNGR1"
"BTK","PRKCZ","IFNGR1"
"BTK","IKBKB","IFNGR1"
"BTK","DOK1","IFNGR1"
"BTK","MAP3K4","IFNGR1"
"BTK","PXN","IFNGR1"
"BTK","FGG","IFNGR1"
"BTK","LEPR","IFNGR1"
"BTK","ITK","IFNGR1"
"BTK","RPS6KA3","IFNGR1"
"BTK","BCL3","IFNGR1"
"BTK","FZR1","IFNGR1"
"BTK","ILK","IFNGR1"
"BTK","TBK1","IFNGR1"
"BTK","STK38","IFNGR1"
"BTK","TLK1","IFNGR1"
"BTK","CDKN2A","IFNGR1"
"BTK","MAP4K1","IFNGR1"
"BTK","IKK-complex","IFNGR1"
"BTK","RPS6KA4","IFNGR1"
"BTK","RELA","IFNGR1"
"BTK","MAPKAPK5","IFNGR1"
"BTK","EPHA2","IFNGR1"
"BTK","CDKN1B","IFNGR1"
"BTK","GRIP1","IFNGR1"
"BTK","PSTPIP1","IFNGR1"
"BTK","TRAF3","IFNGR1"
"BTK","CD28","IFNGR1"
"BTK","INPP5D","IFNGR1"
"BTK","FRS2","IFNGR1"
"BTK","CCNE1","IFNGR1"
"BTK","PIK3CG","IFNGR1"
"BTK","TRPV1","IFNGR1"
"BTK","BCL10","IFNGR1"
"BTK","PIK3R6","IFNGR1"
"BTK","KSR1","IFNGR1"
"BTK","DDX58","IFNGR1"
"BTK","SPEN","IFNGR1"
"BTK","CTDP1","IFNGR1"
"BTK","CLSPN","IFNGR1"
"BTK","MAPKAP1","IFNGR1"
"BTK","GRB7","IFNGR1"
"BTK","PLCG2","IFNGR1"
"BTK","PPP1R14B","IFNGR1"
"BTK","PABIR1","IFNGR1"
"BTK","MAPK3","PRKACA"
"BTK","PTEN","PRKACA"
"BTK","PRKCQ","PRKACA"
"BTK","CCP110","PRKACA"
"BTK","CALM2","PRKACA"
"BTK","ERK1/2","PRKACA"
"BTK","Gbeta","PRKACA"
"BTK","LCK","PRKACA"
"BTK","WNK1","PRKACA"
"BTK","PRKCG","PRKACA"
"BTK","PRKCZ","PRKACA"
"BTK","MAP3K1","PRKACA"
"BTK","MAP3K7","PRKACA"
"BTK","MAP3K4","PRKACA"
"BTK","DAPK1","PRKACA"
"BTK","RPS6KA3","PRKACA"
"BTK","BCL3","PRKACA"
"BTK","FZR1","PRKACA"
"BTK","ATR","PRKACA"
"BTK","CCND1","PRKACA"
"BTK","TBK1","PRKACA"
"BTK","MAP4K1","PRKACA"
"BTK","DDX41","PRKACA"
"BTK","IKK-complex","PRKACA"
"BTK","SHC1","PRKACA"
"BTK","NTRK1","PRKACA"
"BTK","RELA","PRKACA"
"BTK","MAPKAPK5","PRKACA"
"BTK","CDKN1B","PRKACA"
"BTK","FBLIM1","PRKACA"
"BTK","VCP","PRKACA"
"BTK","GRIP1","PRKACA"
"BTK","STIP1","PRKACA"
"BTK","TRAF3","PRKACA"
"BTK","CRTC2","PRKACA"
"BTK","CD28","PRKACA"
"BTK","INPP5D","PRKACA"
"BTK","FRS2","PRKACA"
"BTK","CCNE1","PRKACA"
"BTK","SET","PRKACA"
"BTK","SH2B2","PRKACA"
"BTK","TRPV1","PRKACA"
"BTK","PPP1R14A","PRKACA"
"BTK","UBXN2B","PRKACA"
"BTK","TTI1","PRKACA"
"BTK","HOXB7","PRKACA"
"BTK","STING1","PRKACA"
"BTK","SPEN","PRKACA"
"BTK","CTDP1","PRKACA"
"BTK","GRB7","PRKACA"
"BTK","BAZ1B","PRKACA"
"BTK","RBL2","PRKACA"
"BTK","PABIR1","PRKACA"
"BTK","AKT1","EIF2AK2"
"BTK","Gbeta","EIF2AK2"
"BTK","RPS6KA5","EIF2AK2"
"BTK","WNK1","EIF2AK2"
"BTK","PRKCB","EIF2AK2"
"BTK","PRKCG","EIF2AK2"
"BTK","PRKCZ","EIF2AK2"
"BTK","WWTR1","EIF2AK2"
"BTK","DAPK1","EIF2AK2"
"BTK","PXN","EIF2AK2"
"BTK","LEPR","EIF2AK2"
"BTK","RPS6KA3","EIF2AK2"
"BTK","BCL3","EIF2AK2"
"BTK","SGK3","EIF2AK2"
"BTK","IKBKE","EIF2AK2"
"BTK","ILK","EIF2AK2"
"BTK","STAP1","EIF2AK2"
"BTK","TBK1","EIF2AK2"
"BTK","SPRED1","EIF2AK2"
"BTK","MEK1/2","EIF2AK2"
"BTK","PTPN7","EIF2AK2"
"BTK","FADD","EIF2AK2"
"BTK","STK38","EIF2AK2"
"BTK","C9orf72","EIF2AK2"
"BTK","MAP4K1","EIF2AK2"
"BTK","SHC1","EIF2AK2"
"BTK","GPSM3","EIF2AK2"
"BTK","RELA","EIF2AK2"
"BTK","CDKN1B","EIF2AK2"
"BTK","FBLIM1","EIF2AK2"
"BTK","VCP","EIF2AK2"
"BTK","CRTC2","EIF2AK2"
"BTK","CCNE1","EIF2AK2"
"BTK","IMPDH2","EIF2AK2"
"BTK","SET","EIF2AK2"
"BTK","SH2B2","EIF2AK2"
"BTK","PPP1R14A","EIF2AK2"
"BTK","PIK3R6","EIF2AK2"
"BTK","MST1R","EIF2AK2"
"BTK","ABI1","EIF2AK2"
"BTK","RAD50","EIF2AK2"
"BTK","LRP6","EIF2AK2"
"BTK","HOXB7","EIF2AK2"
"BTK","PIK3C3","EIF2AK2"
"BTK","RND1","EIF2AK2"
"BTK","STING1","EIF2AK2"
"BTK","BLVRA","EIF2AK2"
"BTK","BAZ1B","EIF2AK2"
"BTK","RBL2","EIF2AK2"
"BTK","PPP1R14B","EIF2AK2"
"BTK","CHUK","WNK1"
"BTK","MTOR","WNK1"
"BTK","PRKG1","WNK1"
"BTK","Gbeta","WNK1"
"BTK","LCK","WNK1"
"BTK","PRKCB","WNK1"
"BTK","PRKCG","WNK1"
"BTK","PRKCZ","WNK1"
"BTK","CyclinD/CDK4","WNK1"
"BTK","IKBKB","WNK1"
"BTK","DOK1","WNK1"
"BTK","DAPK1","WNK1"
"BTK","ITK","WNK1"
"BTK","RPS6KA3","WNK1"
"BTK","BCL3","WNK1"
"BTK","PTK6","WNK1"
"BTK","IKBKE","WNK1"
"BTK","CCND1","WNK1"
"BTK","ILK","WNK1"
"BTK","STAP1","WNK1"
"BTK","TBK1","WNK1"
"BTK","MEK1/2","WNK1"
"BTK","FADD","WNK1"
"BTK","TLK1","WNK1"
"BTK","MAP4K1","WNK1"
"BTK","RET","WNK1"
"BTK","RPS6KA4","WNK1"
"BTK","NTRK1","WNK1"
"BTK","EPHA2","WNK1"
"BTK","CDKN1B","WNK1"
"BTK","TEC","WNK1"
"BTK","GRIP1","WNK1"
"BTK","TMIGD2","WNK1"
"BTK","STIP1","WNK1"
"BTK","CRTC2","WNK1"
"BTK","CD28","WNK1"
"BTK","INPP5D","WNK1"
"BTK","CCNE1","WNK1"
"BTK","SH2B2","WNK1"
"BTK","HDAC2","WNK1"
"BTK","MST1R","WNK1"
"BTK","ROR2","WNK1"
"BTK","ABI1","WNK1"
"BTK","RAD50","WNK1"
"BTK","LRP6","WNK1"
"BTK","GRB14","WNK1"
"BTK","HOXB7","WNK1"
"BTK","PIK3C3","WNK1"
"BTK","RND1","WNK1"
"BTK","SPEN","WNK1"
"BTK","NFKB1","WNK1"
"BTK","CTDP1","WNK1"
"BTK","TELO2","WNK1"
"BTK","CLSPN","WNK1"
"BTK","MAPKAP1","WNK1"
"BTK","BAZ1B","WNK1"
"BTK","PPP1R14B","WNK1"
"BTK","PABIR1","WNK1"
"BTK","CHUK","PDPK1"
"BTK","AKT2","PDPK1"
"BTK","MTOR","PDPK1"
"BTK","AKT1","PDPK1"
"BTK","CALM2","PDPK1"
"BTK","ERK1/2","PDPK1"
"BTK","ABL1","PDPK1"
"BTK","RPS6KA5","PDPK1"
"BTK","MAP3K7","PDPK1"
"BTK","IKBKB","PDPK1"
"BTK","DOK1","PDPK1"
"BTK","DAPK1","PDPK1"
"BTK","PXN","PDPK1"
"BTK","FGG","PDPK1"
"BTK","DVL1","PDPK1"
"BTK","FZR1","PDPK1"
"BTK","IKBKE","PDPK1"
"BTK","CCND1","PDPK1"
"BTK","STAP1","PDPK1"
"BTK","SPRED1","PDPK1"
"BTK","MEK1/2","PDPK1"
"BTK","MAP4K1","PDPK1"
"BTK","RET","PDPK1"
"BTK","DDX41","PDPK1"
"BTK","SHC1","PDPK1"
"BTK","RPS6KA4","PDPK1"
"BTK","NTRK1","PDPK1"
"BTK","GPSM3","PDPK1"
"BTK","MAP3K8","PDPK1"
"BTK","TMIGD2","PDPK1"
"BTK","CCR2","PDPK1"
"BTK","ARRB2","PDPK1"
"BTK","CRTC2","PDPK1"
"BTK","CD28","PDPK1"
"BTK","INPP5D","PDPK1"
"BTK","FRS2","PDPK1"
"BTK","IMPDH2","PDPK1"
"BTK","TRPV1","PDPK1"
"BTK","PPP1R14A","PDPK1"
"BTK","BCL10","PDPK1"
"BTK","MRE11","PDPK1"
"BTK","HDAC2","PDPK1"
"BTK","KSR1","PDPK1"
"BTK","WDFY3","PDPK1"
"BTK","LRP6","PDPK1"
"BTK","GRB14","PDPK1"
"BTK","HOXB7","PDPK1"
"BTK","PIK3C3","PDPK1"
"BTK","RND1","PDPK1"
"BTK","STING1","PDPK1"
"BTK","TELO2","PDPK1"
"BTK","CLSPN","PDPK1"
"BTK","BAZ1B","PDPK1"
"BTK","PPP1R14B","PDPK1"
"BTK","PABIR1","PDPK1"
"BTK","MAPK3","FGA"
"BTK","CHUK","FGA"
"BTK","AKT2","FGA"
"BTK","PTEN","FGA"
"BTK","MTOR","FGA"
"BTK","AKT1","FGA"
"BTK","PRKG1","FGA"
"BTK","RPS6K","FGA"
"BTK","CALM2","FGA"
"BTK","Gbeta","FGA"
"BTK","WNK1","FGA"
"BTK","PDPK1","FGA"
"BTK","SGK1","FGA"
"BTK","MAP2K1","FGA"
"BTK","MAP3K7","FGA"
"BTK","DOK1","FGA"
"BTK","MAP3K4","FGA"
"BTK","PXN","FGA"
"BTK","FGG","FGA"
"BTK","DVL1","FGA"
"BTK","FZR1","FGA"
"BTK","GRB2","FGA"
"BTK","VCPIP1","FGA"
"BTK","TBK1","FGA"
"BTK","SPRED1","FGA"
"BTK","C9orf72","FGA"
"BTK","RET","FGA"
"BTK","IKK-complex","FGA"
"BTK","SHC1","FGA"
"BTK","GPSM3","FGA"
"BTK","MAPKAPK5","FGA"
"BTK","MAP3K8","FGA"
"BTK","PTPRR","FGA"
"BTK","FBLIM1","FGA"
"BTK","TEC","FGA"
"BTK","GRIP1","FGA"
"BTK","STIP1","FGA"
"BTK","ARRB2","FGA"
"BTK","FRS2","FGA"
"BTK","IMPDH2","FGA"
"BTK","SET","FGA"
"BTK","PIK3CG","FGA"
"BTK","SH2B2","FGA"
"BTK","PIK3R6","FGA"
"BTK","MRE11","FGA"
"BTK","HDAC2","FGA"
"BTK","MST1R","FGA"
"BTK","ROR2","FGA"
"BTK","ABI1","FGA"
"BTK","RAD50","FGA"
"BTK","GRB14","FGA"
"BTK","HOXB7","FGA"
"BTK","PIK3C3","FGA"
"BTK","RND1","FGA"
"BTK","SPEN","FGA"
"BTK","NFKB1","FGA"
"BTK","GRB7","FGA"
"BTK","BAZ1B","FGA"
"BTK","PPP1R14B","FGA"
"BTK","MAPK3","TP53BP2"
"BTK","CHUK","TP53BP2"
"BTK","PTEN","TP53BP2"
"BTK","AKT1","TP53BP2"
"BTK","CALM2","TP53BP2"
"BTK","Gbeta","TP53BP2"
"BTK","CDK9","TP53BP2"
"BTK","WNK1","TP53BP2"
"BTK","PDPK1","TP53BP2"
"BTK","MAP2K1","TP53BP2"
"BTK","PRKCG","TP53BP2"
"BTK","PRKCZ","TP53BP2"
"BTK","MAP3K7","TP53BP2"
"BTK","IKBKB","TP53BP2"
"BTK","WWTR1","TP53BP2"
"BTK","MAP3K4","TP53BP2"
"BTK","DAPK1","TP53BP2"
"BTK","PXN","TP53BP2"
"BTK","ITK","TP53BP2"
"BTK","BCL3","TP53BP2"
"BTK","FZR1","TP53BP2"
"BTK","GRB2","TP53BP2"
"BTK","VCPIP1","TP53BP2"
"BTK","PTK6","TP53BP2"
"BTK","IKBKE","TP53BP2"
"BTK","CCND1","TP53BP2"
"BTK","PTPN7","TP53BP2"
"BTK","STK38","TP53BP2"
"BTK","C9orf72","TP53BP2"
"BTK","CDKN2A","TP53BP2"
"BTK","DDX41","TP53BP2"
"BTK","SHC1","TP53BP2"
"BTK","RPS6KA4","TP53BP2"
"BTK","GPSM3","TP53BP2"
"BTK","MAPKAPK5","TP53BP2"
"BTK","MAP3K8","TP53BP2"
"BTK","PTPRR","TP53BP2"
"BTK","FBLIM1","TP53BP2"
"BTK","GRIP1","TP53BP2"
"BTK","TMIGD2","TP53BP2"
"BTK","CCR2","TP53BP2"
"BTK","PSTPIP1","TP53BP2"
"BTK","INPP5D","TP53BP2"
"BTK","CCNE1","TP53BP2"
"BTK","IMPDH2","TP53BP2"
"BTK","SET","TP53BP2"
"BTK","PIK3CG","TP53BP2"
"BTK","SH2B2","TP53BP2"
"BTK","PIK3R6","TP53BP2"
"BTK","MRE11","TP53BP2"
"BTK","KSR1","TP53BP2"
"BTK","MST1R","TP53BP2"
"BTK","ABI1","TP53BP2"
"BTK","WDFY3","TP53BP2"
"BTK","PIK3C3","TP53BP2"
"BTK","RND1","TP53BP2"
"BTK","NFKB1","TP53BP2"
"BTK","CTDP1","TP53BP2"
"BTK","CLSPN","TP53BP2"
"BTK","GRB7","TP53BP2"
"BTK","BAZ1B","TP53BP2"
"BTK","PPP1R14B","TP53BP2"
"BTK","PABIR1","TP53BP2"
"BTK","MAPK3","RPS6KA1"
"BTK","AKT2","RPS6KA1"
"BTK","MTOR","RPS6KA1"
"BTK","PRKG1","RPS6KA1"
"BTK","RPS6K","RPS6KA1"
"BTK","Gbeta","RPS6KA1"
"BTK","ABL1","RPS6KA1"
"BTK","RPS6KA5","RPS6KA1"
"BTK","MAP2K1","RPS6KA1"
"BTK","PRKCZ","RPS6KA1"
"BTK","CyclinD/CDK4","RPS6KA1"
"BTK","IKBKB","RPS6KA1"
"BTK","FGG","RPS6KA1"
"BTK","SGK3","RPS6KA1"
"BTK","PTK6","RPS6KA1"
"BTK","ILK","RPS6KA1"
"BTK","TLK1","RPS6KA1"
"BTK","C9orf72","RPS6KA1"
"BTK","CDKN2A","RPS6KA1"
"BTK","MAP4K1","RPS6KA1"
"BTK","RET","RPS6KA1"
"BTK","DDX41","RPS6KA1"
"BTK","IKK-complex","RPS6KA1"
"BTK","SHC1","RPS6KA1"
"BTK","RPS6KA4","RPS6KA1"
"BTK","RELA","RPS6KA1"
"BTK","MAPKAPK5","RPS6KA1"
"BTK","EPHA2","RPS6KA1"
"BTK","MAP3K8","RPS6KA1"
"BTK","CDKN1B","RPS6KA1"
"BTK","FBLIM1","RPS6KA1"
"BTK","GRIP1","RPS6KA1"
"BTK","TMIGD2","RPS6KA1"
"BTK","STIP1","RPS6KA1"
"BTK","PSTPIP1","RPS6KA1"
"BTK","ARRB2","RPS6KA1"
"BTK","TRAF3","RPS6KA1"
"BTK","CRTC2","RPS6KA1"
"BTK","CCNE1","RPS6KA1"
"BTK","PIK3CG","RPS6KA1"
"BTK","BCL10","RPS6KA1"
"BTK","MRE11","RPS6KA1"
"BTK","HDAC2","RPS6KA1"
"BTK","KSR1","RPS6KA1"
"BTK","UBXN2B","RPS6KA1"
"BTK","MST1R","RPS6KA1"
"BTK","ABI1","RPS6KA1"
"BTK","TTI1","RPS6KA1"
"BTK","WDFY3","RPS6KA1"
"BTK","GRB14","RPS6KA1"
"BTK","SPEN","RPS6KA1"
"BTK","NFKB1","RPS6KA1"
"BTK","BAZ1B","RPS6KA1"
"BTK","RBL2","RPS6KA1"
"BTK","PPP1R14B","RPS6KA1"
"BTK","PABIR1","RPS6KA1"
"BTK","AKT3","VAV1"
"BTK","AKT2","VAV1"
"BTK","PTEN","VAV1"
"BTK","MTOR","VAV1"
"BTK","CCP110","VAV1"
"BTK","RPS6K","VAV1"
"BTK","ERK1/2","VAV1"
"BTK","Gbeta","VAV1"
"BTK","ABL1","VAV1"
"BTK","MAP2K1","VAV1"
"BTK","PRKCG","VAV1"
"BTK","CyclinD/CDK4","VAV1"
"BTK","MAP3K1","VAV1"
"BTK","MAP3K7","VAV1"
"BTK","AKT","VAV1"
"BTK","IKBKB","VAV1"
"BTK","DOK1","VAV1"
"BTK","PXN","VAV1"
"BTK","FGG","VAV1"
"BTK","SGK3","VAV1"
"BTK","ILK","VAV1"
"BTK","TBK1","VAV1"
"BTK","MEK1/2","VAV1"
"BTK","PTPN7","VAV1"
"BTK","CALM1","VAV1"
"BTK","STK38","VAV1"
"BTK","TLK1","VAV1"
"BTK","CDKN2A","VAV1"
"BTK","MAP4K1","VAV1"
"BTK","RET","VAV1"
"BTK","IKK-complex","VAV1"
"BTK","SHC1","VAV1"
"BTK","GPSM3","VAV1"
"BTK","EPHA2","VAV1"
"BTK","MAP3K8","VAV1"
"BTK","PTPRR","VAV1"
"BTK","CDKN1B","VAV1"
"BTK","TEC","VAV1"
"BTK","VCP","VAV1"
"BTK","GRIP1","VAV1"
"BTK","TMIGD2","VAV1"
"BTK","CCR2","VAV1"
"BTK","TRAF3","VAV1"
"BTK","CD28","VAV1"
"BTK","FRS2","VAV1"
"BTK","IMPDH2","VAV1"
"BTK","PIK3CG","VAV1"
"BTK","BCL10","VAV1"
"BTK","HDAC2","VAV1"
"BTK","UBXN2B","VAV1"
"BTK","MST1R","VAV1"
"BTK","WDFY3","VAV1"
"BTK","LRP6","VAV1"
"BTK","GRB14","VAV1"
"BTK","HOXB7","VAV1"
"BTK","PIK3C3","VAV1"
"BTK","RND1","VAV1"
"BTK","STING1","VAV1"
"BTK","SPEN","VAV1"
"BTK","NFKB1","VAV1"
"BTK","CTDP1","VAV1"
"BTK","BLVRA","VAV1"
"BTK","CLSPN","VAV1"
"BTK","MAPKAP1","VAV1"
"BTK","BAZ1B","VAV1"
"BTK","PLCG2","VAV1"
"BTK","PPP1R14B","VAV1"
"BTK","PABIR1","VAV1"
"BTK","MAPK3","PAK6"
"BTK","AKT3","PAK6"
"BTK","CHUK","PAK6"
"BTK","AKT1","PAK6"
"BTK","PRKG1","PAK6"
"BTK","Gbeta","PAK6"
"BTK","CDK9","PAK6"
"BTK","ABL1","PAK6"
"BTK","RPS6KA5","PAK6"
"BTK","PDPK1","PAK6"
"BTK","SGK1","PAK6"
"BTK","PRKCB","PAK6"
"BTK","CyclinD/CDK4","PAK6"
"BTK","MAP3K1","PAK6"
"BTK","AKT","PAK6"
"BTK","MAP3K4","PAK6"
"BTK","DAPK1","PAK6"
"BTK","PXN","PAK6"
"BTK","RPS6KA3","PAK6"
"BTK","FZR1","PAK6"
"BTK","VCPIP1","PAK6"
"BTK","ATR","PAK6"
"BTK","SGK3","PAK6"
"BTK","PTK6","PAK6"
"BTK","IKBKE","PAK6"
"BTK","CCND1","PAK6"
"BTK","STAP1","PAK6"
"BTK","TBK1","PAK6"
"BTK","MEK1/2","PAK6"
"BTK","FADD","PAK6"
"BTK","NTRK1","PAK6"
"BTK","EPHA2","PAK6"
"BTK","PTPRR","PAK6"
"BTK","TEC","PAK6"
"BTK","GRIP1","PAK6"
"BTK","ARRB2","PAK6"
"BTK","INPP5D","PAK6"
"BTK","IMPDH2","PAK6"
"BTK","SET","PAK6"
"BTK","SH2B2","PAK6"
"BTK","ABI1","PAK6"
"BTK","WDFY3","PAK6"
"BTK","GRB14","PAK6"
"BTK","CTDP1","PAK6"
"BTK","TELO2","PAK6"
"BTK","BAZ1B","PAK6"
"BTK","PLCG2","PAK6"
"BTK","PPP1R14B","PAK6"
"BTK","AKT3","SGK1"
"BTK","AKT1","SGK1"
"BTK","PRKG1","SGK1"
"BTK","ERK1/2","SGK1"
"BTK","WNK1","SGK1"
"BTK","PRKCZ","SGK1"
"BTK","AKT","SGK1"
"BTK","DAPK1","SGK1"
"BTK","PXN","SGK1"
"BTK","LEPR","SGK1"
"BTK","RPS6KA3","SGK1"
"BTK","PTK6","SGK1"
"BTK","STAP1","SGK1"
"BTK","STK38","SGK1"
"BTK","TLK1","SGK1"
"BTK","DDX41","SGK1"
"BTK","SHC1","SGK1"
"BTK","NTRK1","SGK1"
"BTK","EPHA2","SGK1"
"BTK","MAP3K8","SGK1"
"BTK","CDKN1B","SGK1"
"BTK","TEC","SGK1"
"BTK","GRIP1","SGK1"
"BTK","PSTPIP1","SGK1"
"BTK","ARRB2","SGK1"
"BTK","IMPDH2","SGK1"
"BTK","SET","SGK1"
"BTK","SH2B2","SGK1"
"BTK","PPP1R14A","SGK1"
"BTK","BCL10","SGK1"
"BTK","PIK3R6","SGK1"
"BTK","MRE11","SGK1"
"BTK","DDX58","SGK1"
"BTK","UBXN2B","SGK1"
"BTK","ABI1","SGK1"
"BTK","TTI1","SGK1"
"BTK","WDFY3","SGK1"
"BTK","LRP6","SGK1"
"BTK","PIK3C3","SGK1"
"BTK","NFKB1","SGK1"
"BTK","CTDP1","SGK1"
"BTK","CLSPN","SGK1"
"BTK","GRB7","SGK1"
"BTK","PABIR1","SGK1"
"BTK","AKT3","MAP2K1"
"BTK","CHUK","MAP2K1"
"BTK","AKT2","MAP2K1"
"BTK","MTOR","MAP2K1"
"BTK","PRKG1","MAP2K1"
"BTK","RPS6K","MAP2K1"
"BTK","ERK1/2","MAP2K1"
"BTK","ABL1","MAP2K1"
"BTK","PRKCB","MAP2K1"
"BTK","PRKCG","MAP2K1"
"BTK","PRKCZ","MAP2K1"
"BTK","CyclinD/CDK4","MAP2K1"
"BTK","MAP3K1","MAP2K1"
"BTK","AKT","MAP2K1"
"BTK","IKBKB","MAP2K1"
"BTK","MAP3K4","MAP2K1"
"BTK","PXN","MAP2K1"
"BTK","LEPR","MAP2K1"
"BTK","DVL1","MAP2K1"
"BTK","FZR1","MAP2K1"
"BTK","ILK","MAP2K1"
"BTK","STAP1","MAP2K1"
"BTK","STK38","MAP2K1"
"BTK","TLK1","MAP2K1"
"BTK","NTRK1","MAP2K1"
"BTK","GPSM3","MAP2K1"
"BTK","PTPRR","MAP2K1"
"BTK","CDKN1B","MAP2K1"
"BTK","NfKb-p65/p50","MAP2K1"
"BTK","TMIGD2","MAP2K1"
"BTK","CCR2","MAP2K1"
"BTK","TRAF3","MAP2K1"
"BTK","FRS2","MAP2K1"
"BTK","CCNE1","MAP2K1"
"BTK","PIK3CG","MAP2K1"
"BTK","SH2B2","MAP2K1"
"BTK","PIK3R6","MAP2K1"
"BTK","KSR1","MAP2K1"
"BTK","DDX58","MAP2K1"
"BTK","ROR2","MAP2K1"
"BTK","RAD50","MAP2K1"
"BTK","GRB14","MAP2K1"
"BTK","TELO2","MAP2K1"
"BTK","MAPKAP1","MAP2K1"
"BTK","GRB7","MAP2K1"
"BTK","PLCG2","MAP2K1"
"BTK","RBL2","MAP2K1"
"BTK","PPP1R14B","MAP2K1"
"BTK","PTEN","PRKCB"
"BTK","MTOR","PRKCB"
"BTK","PRKG1","PRKCB"
"BTK","ERK1/2","PRKCB"
"BTK","Gbeta","PRKCB"
"BTK","LCK","PRKCB"
"BTK","CDK9","PRKCB"
"BTK","ABL1","PRKCB"
"BTK","WNK1","PRKCB"
"BTK","SGK1","PRKCB"
"BTK","MAP2K1","PRKCB"
"BTK","PRKCG","PRKCB"
"BTK","PRKCZ","PRKCB"
"BTK","CyclinD/CDK4","PRKCB"
"BTK","MAP3K1","PRKCB"
"BTK","MAP3K7","PRKCB"
"BTK","WWTR1","PRKCB"
"BTK","RACK1","PRKCB"
"BTK","MAP3K4","PRKCB"
"BTK","FGG","PRKCB"
"BTK","RPS6KA3","PRKCB"
"BTK","BCL3","PRKCB"
"BTK","FZR1","PRKCB"
"BTK","ATR","PRKCB"
"BTK","SGK3","PRKCB"
"BTK","CCND1","PRKCB"
"BTK","ILK","PRKCB"
"BTK","STAP1","PRKCB"
"BTK","TBK1","PRKCB"
"BTK","SPRED1","PRKCB"
"BTK","MEK1/2","PRKCB"
"BTK","PTPN7","PRKCB"
"BTK","CALM1","PRKCB"
"BTK","TLK1","PRKCB"
"BTK","CDKN2A","PRKCB"
"BTK","MAP4K1","PRKCB"
"BTK","RET","PRKCB"
"BTK","IKK-complex","PRKCB"
"BTK","RPS6KA4","PRKCB"
"BTK","NTRK1","PRKCB"
"BTK","GPSM3","PRKCB"
"BTK","RELA","PRKCB"
"BTK","MAP3K8","PRKCB"
"BTK","PTPRR","PRKCB"
"BTK","CDKN1B","PRKCB"
"BTK","GRIP1","PRKCB"
"BTK","TMIGD2","PRKCB"
"BTK","STIP1","PRKCB"
"BTK","TRAF3","PRKCB"
"BTK","CRTC2","PRKCB"
"BTK","CD28","PRKCB"
"BTK","FRS2","PRKCB"
"BTK","IMPDH2","PRKCB"
"BTK","SH2B2","PRKCB"
"BTK","PIK3R6","PRKCB"
"BTK","UBXN2B","PRKCB"
"BTK","ROR2","PRKCB"
"BTK","WDFY3","PRKCB"
"BTK","LRP6","PRKCB"
"BTK","GRB14","PRKCB"
"BTK","HOXB7","PRKCB"
"BTK","PIK3C3","PRKCB"
"BTK","RND1","PRKCB"
"BTK","NFKB1","PRKCB"
"BTK","TELO2","PRKCB"
"BTK","CLSPN","PRKCB"
"BTK","GRB7","PRKCB"
"BTK","BAZ1B","PRKCB"
"BTK","RBL2","PRKCB"
"BTK","PPP1R14B","PRKCB"
"BTK","MAPK3","INSR"
"BTK","AKT3","INSR"
"BTK","CHUK","INSR"
"BTK","PTEN","INSR"
"BTK","PRKCQ","INSR"
"BTK","MTOR","INSR"
"BTK","AKT1","INSR"
"BTK","PRKG1","INSR"
"BTK","CCP110","INSR"
"BTK","RPS6K","INSR"
"BTK","CALM2","INSR"
"BTK","LCK","INSR"
"BTK","CDK9","INSR"
"BTK","ABL1","INSR"
"BTK","RPS6KA5","INSR"
"BTK","PDPK1","INSR"
"BTK","PRKCZ","INSR"
"BTK","CyclinD/CDK4","INSR"
"BTK","MAP3K1","INSR"
"BTK","MAP3K7","INSR"
"BTK","IKBKB","INSR"
"BTK","WWTR1","INSR"
"BTK","MAP3K4","INSR"
"BTK","FGG","INSR"
"BTK","LEPR","INSR"
"BTK","ITK","INSR"
"BTK","RPS6KA3","INSR"
"BTK","BCL3","INSR"
"BTK","DVL1","INSR"
"BTK","ATR","INSR"
"BTK","SGK3","INSR"
"BTK","PTK6","INSR"
"BTK","CCND1","INSR"
"BTK","MEK1/2","INSR"
"BTK","PTPN7","INSR"
"BTK","CALM1","INSR"
"BTK","FADD","INSR"
"BTK","TLK1","INSR"
"BTK","C9orf72","INSR"
"BTK","MAP4K1","INSR"
"BTK","RET","INSR"
"BTK","DDX41","INSR"
"BTK","IKK-complex","INSR"
"BTK","SHC1","INSR"
"BTK","NTRK1","INSR"
"BTK","GPSM3","INSR"
"BTK","RELA","INSR"
"BTK","MAPKAPK5","INSR"
"BTK","EPHA2","INSR"
"BTK","MAP3K8","INSR"
"BTK","PTPRR","INSR"
"BTK","CDKN1B","INSR"
"BTK","GRIP1","INSR"
"BTK","TMIGD2","INSR"
"BTK","STIP1","INSR"
"BTK","PSTPIP1","INSR"
"BTK","ARRB2","INSR"
"BTK","TRAF3","INSR"
"BTK","CRTC2","INSR"
"BTK","CD28","INSR"
"BTK","IMPDH2","INSR"
"BTK","SET","INSR"
"BTK","TRPV1","INSR"
"BTK","KSR1","INSR"
"BTK","DDX58","INSR"
"BTK","UBXN2B","INSR"
"BTK","MST1R","INSR"
"BTK","RAD50","INSR"
"BTK","HOXB7","INSR"
"BTK","RND1","INSR"
"BTK","NFKB1","INSR"
"BTK","CTDP1","INSR"
"BTK","BLVRA","INSR"
"BTK","CLSPN","INSR"
"BTK","MAPKAP1","INSR"
"BTK","PLCG2","INSR"
"BTK","MAPK3","DYRK2"
"BTK","AKT2","DYRK2"
"BTK","PRKCQ","DYRK2"
"BTK","MTOR","DYRK2"
"BTK","AKT1","DYRK2"
"BTK","Gbeta","DYRK2"
"BTK","LCK","DYRK2"
"BTK","ABL1","DYRK2"
"BTK","PRKCB","DYRK2"
"BTK","MAP3K1","DYRK2"
"BTK","AKT","DYRK2"
"BTK","WWTR1","DYRK2"
"BTK","MAP3K4","DYRK2"
"BTK","DAPK1","DYRK2"
"BTK","PXN","DYRK2"
"BTK","DVL1","DYRK2"
"BTK","FZR1","DYRK2"
"BTK","GRB2","DYRK2"
"BTK","VCPIP1","DYRK2"
"BTK","ATR","DYRK2"
"BTK","SGK3","DYRK2"
"BTK","PTK6","DYRK2"
"BTK","IKBKE","DYRK2"
"BTK","CCND1","DYRK2"
"BTK","ILK","DYRK2"
"BTK","SPRED1","DYRK2"
"BTK","CALM1","DYRK2"
"BTK","FADD","DYRK2"
"BTK","STK38","DYRK2"
"BTK","C9orf72","DYRK2"
"BTK","MAP4K1","DYRK2"
"BTK","RELA","DYRK2"
"BTK","MAPKAPK5","DYRK2"
"BTK","MAP3K8","DYRK2"
"BTK","TEC","DYRK2"
"BTK","VCP","DYRK2"
"BTK","GRIP1","DYRK2"
"BTK","ARRB2","DYRK2"
"BTK","CD28","DYRK2"
"BTK","SET","DYRK2"
"BTK","TRPV1","DYRK2"
"BTK","BCL10","DYRK2"
"BTK","UBXN2B","DYRK2"
"BTK","IFIH1","DYRK2"
"BTK","LRP6","DYRK2"
"BTK","HOXB7","DYRK2"
"BTK","SPEN","DYRK2"
"BTK","NFKB1","DYRK2"
"BTK","CTDP1","DYRK2"
"BTK","CLSPN","DYRK2"
"BTK","MAPKAP1","DYRK2"
"BTK","GRB7","DYRK2"
"BTK","PABIR1","DYRK2"
"BTK","TBK1","STK3"
"BTK","ITK","EGFR"
"BTK","MAPK3","PRKCG"
"BTK","CHUK","PRKCG"
"BTK","PTEN","PRKCG"
"BTK","AKT1","PRKCG"
"BTK","CALM2","PRKCG"
"BTK","Gbeta","PRKCG"
"BTK","RPS6KA5","PRKCG"
"BTK","MAP3K7","PRKCG"
"BTK","IKBKB","PRKCG"
"BTK","WWTR1","PRKCG"
"BTK","PXN","PRKCG"
"BTK","FGG","PRKCG"
"BTK","ITK","PRKCG"
"BTK","RPS6KA3","PRKCG"
"BTK","BCL3","PRKCG"
"BTK","FZR1","PRKCG"
"BTK","GRB2","PRKCG"
"BTK","SGK3","PRKCG"
"BTK","CCND1","PRKCG"
"BTK","STAP1","PRKCG"
"BTK","TBK1","PRKCG"
"BTK","SPRED1","PRKCG"
"BTK","MEK1/2","PRKCG"
"BTK","PTPN7","PRKCG"
"BTK","CALM1","PRKCG"
"BTK","FADD","PRKCG"
"BTK","TLK1","PRKCG"
"BTK","MAP4K1","PRKCG"
"BTK","SHC1","PRKCG"
"BTK","NTRK1","PRKCG"
"BTK","MAPKAPK5","PRKCG"
"BTK","MAP3K8","PRKCG"
"BTK","CDKN1B","PRKCG"
"BTK","TEC","PRKCG"
"BTK","VCP","PRKCG"
"BTK","GRIP1","PRKCG"
"BTK","CCR2","PRKCG"
"BTK","INPP5D","PRKCG"
"BTK","IMPDH2","PRKCG"
"BTK","PIK3CG","PRKCG"
"BTK","HDAC2","PRKCG"
"BTK","DDX58","PRKCG"
"BTK","UBXN2B","PRKCG"
"BTK","MST1R","PRKCG"
"BTK","ROR2","PRKCG"
"BTK","ABI1","PRKCG"
"BTK","IFIH1","PRKCG"
"BTK","TTI1","PRKCG"
"BTK","LRP6","PRKCG"
"BTK","GRB14","PRKCG"
"BTK","RND1","PRKCG"
"BTK","STING1","PRKCG"
"BTK","SPEN","PRKCG"
"BTK","CTDP1","PRKCG"
"BTK","GRB7","PRKCG"
"BTK","BAZ1B","PRKCG"
"BTK","CHUK","RAB1A"
"BTK","MTOR","RAB1A"
"BTK","ABL1","RAB1A"
"BTK","RPS6KA5","RAB1A"
"BTK","WNK1","RAB1A"
"BTK","SGK1","RAB1A"
"BTK","PRKCG","RAB1A"
"BTK","PRKCZ","RAB1A"
"BTK","CyclinD/CDK4","RAB1A"
"BTK","MAP3K1","RAB1A"
"BTK","MAP3K7","RAB1A"
"BTK","IKBKB","RAB1A"
"BTK","WWTR1","RAB1A"
"BTK","MAP3K4","RAB1A"
"BTK","FGG","RAB1A"
"BTK","LEPR","RAB1A"
"BTK","ITK","RAB1A"
"BTK","RPS6KA3","RAB1A"
"BTK","DVL1","RAB1A"
"BTK","FZR1","RAB1A"
"BTK","VCPIP1","RAB1A"
"BTK","ILK","RAB1A"
"BTK","STAP1","RAB1A"
"BTK","CALM1","RAB1A"
"BTK","STK38","RAB1A"
"BTK","CDKN2A","RAB1A"
"BTK","RET","RAB1A"
"BTK","DDX41","RAB1A"
"BTK","IKK-complex","RAB1A"
"BTK","RELA","RAB1A"
"BTK","FBLIM1","RAB1A"
"BTK","STIP1","RAB1A"
"BTK","ARRB2","RAB1A"
"BTK","TRAF3","RAB1A"
"BTK","CRTC2","RAB1A"
"BTK","SH2B2","RAB1A"
"BTK","TRPV1","RAB1A"
"BTK","BCL10","RAB1A"
"BTK","HDAC2","RAB1A"
"BTK","KSR1","RAB1A"
"BTK","UBXN2B","RAB1A"
"BTK","ABI1","RAB1A"
"BTK","RAD50","RAB1A"
"BTK","WDFY3","RAB1A"
"BTK","LRP6","RAB1A"
"BTK","RND1","RAB1A"
"BTK","BLVRA","RAB1A"
"BTK","BAZ1B","RAB1A"
"BTK","PABIR1","RAB1A"
"BTK","CHUK","PRKCZ"
"BTK","AKT2","PRKCZ"
"BTK","PTEN","PRKCZ"
"BTK","PRKG1","PRKCZ"
"BTK","RPS6K","PRKCZ"
"BTK","CALM2","PRKCZ"
"BTK","ERK1/2","PRKCZ"
"BTK","Gbeta","PRKCZ"
"BTK","LCK","PRKCZ"
"BTK","ABL1","PRKCZ"
"BTK","RPS6KA5","PRKCZ"
"BTK","PRKCB","PRKCZ"
"BTK","DOK1","PRKCZ"
"BTK","FGG","PRKCZ"
"BTK","ITK","PRKCZ"
"BTK","RPS6KA3","PRKCZ"
"BTK","BCL3","PRKCZ"
"BTK","GRB2","PRKCZ"
"BTK","CCND1","PRKCZ"
"BTK","ILK","PRKCZ"
"BTK","STAP1","PRKCZ"
"BTK","MEK1/2","PRKCZ"
"BTK","FADD","PRKCZ"
"BTK","STK38","PRKCZ"
"BTK","TLK1","PRKCZ"
"BTK","C9orf72","PRKCZ"
"BTK","IKK-complex","PRKCZ"
"BTK","SHC1","PRKCZ"
"BTK","NTRK1","PRKCZ"
"BTK","GPSM3","PRKCZ"
"BTK","EPHA2","PRKCZ"
"BTK","FBLIM1","PRKCZ"
"BTK","VCP","PRKCZ"
"BTK","TMIGD2","PRKCZ"
"BTK","STIP1","PRKCZ"
"BTK","PSTPIP1","PRKCZ"
"BTK","INPP5D","PRKCZ"
"BTK","IMPDH2","PRKCZ"
"BTK","TRPV1","PRKCZ"
"BTK","KSR1","PRKCZ"
"BTK","MST1R","PRKCZ"
"BTK","TTI1","PRKCZ"
"BTK","WDFY3","PRKCZ"
"BTK","PIK3C3","PRKCZ"
"BTK","RND1","PRKCZ"
"BTK","CLSPN","PRKCZ"
"BTK","PLCG2","PRKCZ"
"BTK","PABIR1","PRKCZ"
"BTK","AKT3","RIN1"
"BTK","CHUK","RIN1"
"BTK","MTOR","RIN1"
"BTK","AKT1","RIN1"
"BTK","RPS6K","RIN1"
"BTK","CALM2","RIN1"
"BTK","Gbeta","RIN1"
"BTK","LCK","RIN1"
"BTK","PDPK1","RIN1"
"BTK","PRKCB","RIN1"
"BTK","CyclinD/CDK4","RIN1"
"BTK","MAP3K1","RIN1"
"BTK","AKT","RIN1"
"BTK","PXN","RIN1"
"BTK","ITK","RIN1"
"BTK","RPS6KA3","RIN1"
"BTK","BCL3","RIN1"
"BTK","DVL1","RIN1"
"BTK","FZR1","RIN1"
"BTK","VCPIP1","RIN1"
"BTK","SGK3","RIN1"
"BTK","PTK6","RIN1"
"BTK","IKBKE","RIN1"
"BTK","CCND1","RIN1"
"BTK","ILK","RIN1"
"BTK","TBK1","RIN1"
"BTK","MEK1/2","RIN1"
"BTK","FADD","RIN1"
"BTK","STK38","RIN1"
"BTK","TLK1","RIN1"
"BTK","CDKN2A","RIN1"
"BTK","RET","RIN1"
"BTK","DDX41","RIN1"
"BTK","IKK-complex","RIN1"
"BTK","SHC1","RIN1"
"BTK","GPSM3","RIN1"
"BTK","RELA","RIN1"
"BTK","MAPKAPK5","RIN1"
"BTK","EPHA2","RIN1"
"BTK","MAP3K8","RIN1"
"BTK","CDKN1B","RIN1"
"BTK","FBLIM1","RIN1"
"BTK","TEC","RIN1"
"BTK","GRIP1","RIN1"
"BTK","CCR2","RIN1"
"BTK","STIP1","RIN1"
"BTK","PSTPIP1","RIN1"
"BTK","ARRB2","RIN1"
"BTK","TRAF3","RIN1"
"BTK","CRTC2","RIN1"
"BTK","CD28","RIN1"
"BTK","CCNE1","RIN1"
"BTK","IMPDH2","RIN1"
"BTK","SET","RIN1"
"BTK","TRPV1","RIN1"
"BTK","BCL10","RIN1"
"BTK","HDAC2","RIN1"
"BTK","KSR1","RIN1"
"BTK","DDX58","RIN1"
"BTK","UBXN2B","RIN1"
"BTK","MST1R","RIN1"
"BTK","ROR2","RIN1"
"BTK","ABI1","RIN1"
"BTK","IFIH1","RIN1"
"BTK","LRP6","RIN1"
"BTK","GRB14","RIN1"
"BTK","HOXB7","RIN1"
"BTK","RND1","RIN1"
"BTK","STING1","RIN1"
"BTK","SPEN","RIN1"
"BTK","CTDP1","RIN1"
"BTK","TELO2","RIN1"
"BTK","MAPKAP1","RIN1"
"BTK","GRB7","RIN1"
"BTK","BAZ1B","RIN1"
"BTK","PPP1R14B","RIN1"
"BTK","CHUK","CyclinD/CDK4"
"BTK","AKT2","CyclinD/CDK4"
"BTK","PTEN","CyclinD/CDK4"
"BTK","PRKCQ","CyclinD/CDK4"
"BTK","MTOR","CyclinD/CDK4"
"BTK","AKT1","CyclinD/CDK4"
"BTK","PRKG1","CyclinD/CDK4"
"BTK","CCP110","CyclinD/CDK4"
"BTK","RPS6K","CyclinD/CDK4"
"BTK","CALM2","CyclinD/CDK4"
"BTK","ERK1/2","CyclinD/CDK4"
"BTK","Gbeta","CyclinD/CDK4"
"BTK","LCK","CyclinD/CDK4"
"BTK","CDK9","CyclinD/CDK4"
"BTK","RPS6KA5","CyclinD/CDK4"
"BTK","WNK1","CyclinD/CDK4"
"BTK","MAP2K1","CyclinD/CDK4"
"BTK","PRKCB","CyclinD/CDK4"
"BTK","PRKCZ","CyclinD/CDK4"
"BTK","MAP3K7","CyclinD/CDK4"
"BTK","AKT","CyclinD/CDK4"
"BTK","WWTR1","CyclinD/CDK4"
"BTK","DOK1","CyclinD/CDK4"
"BTK","MAP3K4","CyclinD/CDK4"
"BTK","DAPK1","CyclinD/CDK4"
"BTK","LEPR","CyclinD/CDK4"
"BTK","RPS6KA3","CyclinD/CDK4"
"BTK","FZR1","CyclinD/CDK4"
"BTK","CCND1","CyclinD/CDK4"
"BTK","ILK","CyclinD/CDK4"
"BTK","STAP1","CyclinD/CDK4"
"BTK","SPRED1","CyclinD/CDK4"
"BTK","MEK1/2","CyclinD/CDK4"
"BTK","CALM1","CyclinD/CDK4"
"BTK","FADD","CyclinD/CDK4"
"BTK","STK38","CyclinD/CDK4"
"BTK","TLK1","CyclinD/CDK4"
"BTK","C9orf72","CyclinD/CDK4"
"BTK","CDKN2A","CyclinD/CDK4"
"BTK","MAP4K1","CyclinD/CDK4"
"BTK","RET","CyclinD/CDK4"
"BTK","DDX41","CyclinD/CDK4"
"BTK","IKK-complex","CyclinD/CDK4"
"BTK","RPS6KA4","CyclinD/CDK4"
"BTK","NTRK1","CyclinD/CDK4"
"BTK","GPSM3","CyclinD/CDK4"
"BTK","RELA","CyclinD/CDK4"
"BTK","MAPKAPK5","CyclinD/CDK4"
"BTK","MAP3K8","CyclinD/CDK4"
"BTK","PTPRR","CyclinD/CDK4"
"BTK","CDKN1B","CyclinD/CDK4"
"BTK","FBLIM1","CyclinD/CDK4"
"BTK","TEC","CyclinD/CDK4"
"BTK","VCP","CyclinD/CDK4"
"BTK","STIP1","CyclinD/CDK4"
"BTK","TRAF3","CyclinD/CDK4"
"BTK","CRTC2","CyclinD/CDK4"
"BTK","INPP5D","CyclinD/CDK4"
"BTK","SET","CyclinD/CDK4"
"BTK","PIK3CG","CyclinD/CDK4"
"BTK","SH2B2","CyclinD/CDK4"
"BTK","TRPV1","CyclinD/CDK4"
"BTK","PPP1R14A","CyclinD/CDK4"
"BTK","BCL10","CyclinD/CDK4"
"BTK","MRE11","CyclinD/CDK4"
"BTK","KSR1","CyclinD/CDK4"
"BTK","DDX58","CyclinD/CDK4"
"BTK","MST1R","CyclinD/CDK4"
"BTK","ROR2","CyclinD/CDK4"
"BTK","ABI1","CyclinD/CDK4"
"BTK","IFIH1","CyclinD/CDK4"
"BTK","RAD50","CyclinD/CDK4"
"BTK","TTI1","CyclinD/CDK4"
"BTK","LRP6","CyclinD/CDK4"
"BTK","GRB14","CyclinD/CDK4"
"BTK","RND1","CyclinD/CDK4"
"BTK","NFKB1","CyclinD/CDK4"
"BTK","CTDP1","CyclinD/CDK4"
"BTK","TELO2","CyclinD/CDK4"
"BTK","BLVRA","CyclinD/CDK4"
"BTK","CLSPN","CyclinD/CDK4"
"BTK","MAPKAP1","CyclinD/CDK4"
"BTK","GRB7","CyclinD/CDK4"
"BTK","PLCG2","CyclinD/CDK4"
"BTK","RBL2","CyclinD/CDK4"
"BTK","PPP1R14B","CyclinD/CDK4"
"BTK","PABIR1","CyclinD/CDK4"
"BTK","AKT3","CDK5"
"BTK","CHUK","CDK5"
"BTK","AKT2","CDK5"
"BTK","MTOR","CDK5"
"BTK","AKT1","CDK5"
"BTK","CCP110","CDK5"
"BTK","CALM2","CDK5"
"BTK","ERK1/2","CDK5"
"BTK","LCK","CDK5"
"BTK","WNK1","CDK5"
"BTK","SGK1","CDK5"
"BTK","MAP2K1","CDK5"
"BTK","PRKCB","CDK5"
"BTK","CyclinD/CDK4","CDK5"
"BTK","MAP3K1","CDK5"
"BTK","DOK1","CDK5"
"BTK","MAP3K4","CDK5"
"BTK","DAPK1","CDK5"
"BTK","ITK","CDK5"
"BTK","FZR1","CDK5"
"BTK","ATR","CDK5"
"BTK","PTK6","CDK5"
"BTK","IKBKE","CDK5"
"BTK","CCND1","CDK5"
"BTK","STAP1","CDK5"
"BTK","SPRED1","CDK5"
"BTK","MEK1/2","CDK5"
"BTK","FADD","CDK5"
"BTK","NTRK1","CDK5"
"BTK","MAPKAPK5","CDK5"
"BTK","CDKN1B","CDK5"
"BTK","STIP1","CDK5"
"BTK","TRAF3","CDK5"
"BTK","CD28","CDK5"
"BTK","TRPV1","CDK5"
"BTK","PPP1R14A","CDK5"
"BTK","MRE11","CDK5"
"BTK","ABI1","CDK5"
"BTK","IFIH1","CDK5"
"BTK","RAD50","CDK5"
"BTK","WDFY3","CDK5"
"BTK","HOXB7","CDK5"
"BTK","NFKB1","CDK5"
"BTK","CTDP1","CDK5"
"BTK","BLVRA","CDK5"
"BTK","CHUK","MAP3K1"
"BTK","AKT2","MAP3K1"
"BTK","PRKCQ","MAP3K1"
"BTK","PRKCB","MAP3K1"
"BTK","MAP3K7","MAP3K1"
"BTK","FGG","MAP3K1"
"BTK","DVL1","MAP3K1"
"BTK","FZR1","MAP3K1"
"BTK","SGK3","MAP3K1"
"BTK","CCND1","MAP3K1"
"BTK","ILK","MAP3K1"
"BTK","STAP1","MAP3K1"
"BTK","TBK1","MAP3K1"
"BTK","MEK1/2","MAP3K1"
"BTK","PTPN7","MAP3K1"
"BTK","FADD","MAP3K1"
"BTK","STK38","MAP3K1"
"BTK","TLK1","MAP3K1"
"BTK","C9orf72","MAP3K1"
"BTK","SHC1","MAP3K1"
"BTK","RELA","MAP3K1"
"BTK","MAPKAPK5","MAP3K1"
"BTK","MAP3K8","MAP3K1"
"BTK","PTPRR","MAP3K1"
"BTK","TEC","MAP3K1"
"BTK","VCP","MAP3K1"
"BTK","STIP1","MAP3K1"
"BTK","TRAF3","MAP3K1"
"BTK","CRTC2","MAP3K1"
"BTK","INPP5D","MAP3K1"
"BTK","FRS2","MAP3K1"
"BTK","CCNE1","MAP3K1"
"BTK","PIK3CG","MAP3K1"
"BTK","PPP1R14A","MAP3K1"
"BTK","HDAC2","MAP3K1"
"BTK","ABI1","MAP3K1"
"BTK","TTI1","MAP3K1"
"BTK","LRP6","MAP3K1"
"BTK","PIK3C3","MAP3K1"
"BTK","STING1","MAP3K1"
"BTK","TELO2","MAP3K1"
"BTK","CLSPN","MAP3K1"
"BTK","GRB7","MAP3K1"
"BTK","PABIR1","MAP3K1"
"BTK","CHUK","MAP3K7"
"BTK","AKT2","MAP3K7"
"BTK","PRKCQ","MAP3K7"
"BTK","PRKG1","MAP3K7"
"BTK","RPS6K","MAP3K7"
"BTK","LCK","MAP3K7"
"BTK","PRKCB","MAP3K7"
"BTK","CyclinD/CDK4","MAP3K7"
"BTK","WWTR1","MAP3K7"
"BTK","DOK1","MAP3K7"
"BTK","MAP3K4","MAP3K7"
"BTK","FGG","MAP3K7"
"BTK","FZR1","MAP3K7"
"BTK","ATR","MAP3K7"
"BTK","IKBKE","MAP3K7"
"BTK","TBK1","MAP3K7"
"BTK","CALM1","MAP3K7"
"BTK","STK38","MAP3K7"
"BTK","CDKN2A","MAP3K7"
"BTK","DDX41","MAP3K7"
"BTK","IKK-complex","MAP3K7"
"BTK","SHC1","MAP3K7"
"BTK","NTRK1","MAP3K7"
"BTK","GPSM3","MAP3K7"
"BTK","FBLIM1","MAP3K7"
"BTK","TEC","MAP3K7"
"BTK","GRIP1","MAP3K7"
"BTK","STIP1","MAP3K7"
"BTK","TRAF3","MAP3K7"
"BTK","INPP5D","MAP3K7"
"BTK","IMPDH2","MAP3K7"
"BTK","SH2B2","MAP3K7"
"BTK","PPP1R14A","MAP3K7"
"BTK","BCL10","MAP3K7"
"BTK","HDAC2","MAP3K7"
"BTK","UBXN2B","MAP3K7"
"BTK","ROR2","MAP3K7"
"BTK","HOXB7","MAP3K7"
"BTK","NFKB1","MAP3K7"
"BTK","TELO2","MAP3K7"
"BTK","MAPKAP1","MAP3K7"
"BTK","GRB7","MAP3K7"
"BTK","RBL2","MAP3K7"
"BTK","PPP1R14B","MAP3K7"
"BTK","CHUK","AKT"
"BTK","PTEN","AKT"
"BTK","MTOR","AKT"
"BTK","AKT1","AKT"
"BTK","CCP110","AKT"
"BTK","CALM2","AKT"
"BTK","ERK1/2","AKT"
"BTK","LCK","AKT"
"BTK","CDK9","AKT"
"BTK","WNK1","AKT"
"BTK","PDPK1","AKT"
"BTK","PRKCB","AKT"
"BTK","PRKCG","AKT"
"BTK","PRKCZ","AKT"
"BTK","CyclinD/CDK4","AKT"
"BTK","IKBKB","AKT"
"BTK","MAP3K4","AKT"
"BTK","DAPK1","AKT"
"BTK","LEPR","AKT"
"BTK","RPS6KA3","AKT"
"BTK","VCPIP1","AKT"
"BTK","ILK","AKT"
"BTK","PTPN7","AKT"
"BTK","FADD","AKT"
"BTK","STK38","AKT"
"BTK","TLK1","AKT"
"BTK","C9orf72","AKT"
"BTK","RET","AKT"
"BTK","DDX41","AKT"
"BTK","RPS6KA4","AKT"
"BTK","RELA","AKT"
"BTK","MAPKAPK5","AKT"
"BTK","EPHA2","AKT"
"BTK","PTPRR","AKT"
"BTK","TEC","AKT"
"BTK","VCP","AKT"
"BTK","STIP1","AKT"
"BTK","TRAF3","AKT"
"BTK","CD28","AKT"
"BTK","PIK3CG","AKT"
"BTK","PPP1R14A","AKT"
"BTK","PIK3R6","AKT"
"BTK","HDAC2","AKT"
"BTK","MST1R","AKT"
"BTK","ROR2","AKT"
"BTK","RAD50","AKT"
"BTK","RND1","AKT"
"BTK","SPEN","AKT"
"BTK","CTDP1","AKT"
"BTK","BLVRA","AKT"
"BTK","CHUK","IKBKB"
"BTK","PRKG1","IKBKB"
"BTK","CCP110","IKBKB"
"BTK","CALM2","IKBKB"
"BTK","ERK1/2","IKBKB"
"BTK","LCK","IKBKB"
"BTK","CDK9","IKBKB"
"BTK","SGK1","IKBKB"
"BTK","PRKCB","IKBKB"
"BTK","MAP3K7","IKBKB"
"BTK","AKT","IKBKB"
"BTK","WWTR1","IKBKB"
"BTK","LEPR","IKBKB"
"BTK","RPS6KA3","IKBKB"
"BTK","FZR1","IKBKB"
"BTK","GRB2","IKBKB"
"BTK","VCPIP1","IKBKB"
"BTK","IKBKE","IKBKB"
"BTK","ILK","IKBKB"
"BTK","STAP1","IKBKB"
"BTK","MEK1/2","IKBKB"
"BTK","PTPN7","IKBKB"
"BTK","FADD","IKBKB"
"BTK","C9orf72","IKBKB"
"BTK","RET","IKBKB"
"BTK","DDX41","IKBKB"
"BTK","IKK-complex","IKBKB"
"BTK","GPSM3","IKBKB"
"BTK","CDKN1B","IKBKB"
"BTK","VCP","IKBKB"
"BTK","ARRB2","IKBKB"
"BTK","CD28","IKBKB"
"BTK","FRS2","IKBKB"
"BTK","IMPDH2","IKBKB"
"BTK","SET","IKBKB"
"BTK","PPP1R14A","IKBKB"
"BTK","MRE11","IKBKB"
"BTK","KSR1","IKBKB"
"BTK","UBXN2B","IKBKB"
"BTK","ABI1","IKBKB"
"BTK","TTI1","IKBKB"
"BTK","LRP6","IKBKB"
"BTK","PIK3C3","IKBKB"
"BTK","CLSPN","IKBKB"
"BTK","MAPKAP1","IKBKB"
"BTK","PABIR1","IKBKB"
"BTK","MAPK3","WWTR1"
"BTK","PRKCQ","WWTR1"
"BTK","PRKG1","WWTR1"
"BTK","CCP110","WWTR1"
"BTK","Gbeta","WWTR1"
"BTK","LCK","WWTR1"
"BTK","MAP2K1","WWTR1"
"BTK","PRKCB","WWTR1"
"BTK","PRKCG","WWTR1"
"BTK","CyclinD/CDK4","WWTR1"
"BTK","MAP3K7","WWTR1"
"BTK","IKBKB","WWTR1"
"BTK","MAP3K4","WWTR1"
"BTK","DAPK1","WWTR1"
"BTK","FGG","WWTR1"
"BTK","ITK","WWTR1"
"BTK","BCL3","WWTR1"
"BTK","DVL1","WWTR1"
"BTK","VCPIP1","WWTR1"
"BTK","SPRED1","WWTR1"
"BTK","TLK1","WWTR1"
"BTK","RPS6KA4","WWTR1"
"BTK","NTRK1","WWTR1"
"BTK","MAP3K8","WWTR1"
"BTK","FBLIM1","WWTR1"
"BTK","TMIGD2","WWTR1"
"BTK","CCR2","WWTR1"
"BTK","ARRB2","WWTR1"
"BTK","TRAF3","WWTR1"
"BTK","FRS2","WWTR1"
"BTK","CCNE1","WWTR1"
"BTK","IMPDH2","WWTR1"
"BTK","PIK3CG","WWTR1"
"BTK","SH2B2","WWTR1"
"BTK","DDX58","WWTR1"
"BTK","UBXN2B","WWTR1"
"BTK","MST1R","WWTR1"
"BTK","ROR2","WWTR1"
"BTK","ABI1","WWTR1"
"BTK","RAD50","WWTR1"
"BTK","TTI1","WWTR1"
"BTK","WDFY3","WWTR1"
"BTK","LRP6","WWTR1"
"BTK","RND1","WWTR1"
"BTK","MAPKAP1","WWTR1"
"BTK","PRKCQ","DOK1"
"BTK","AKT1","DOK1"
"BTK","PRKG1","DOK1"
"BTK","CCP110","DOK1"
"BTK","ERK1/2","DOK1"
"BTK","Gbeta","DOK1"
"BTK","ABL1","DOK1"
"BTK","RPS6KA5","DOK1"
"BTK","SGK1","DOK1"
"BTK","PRKCZ","DOK1"
"BTK","CyclinD/CDK4","DOK1"
"BTK","MAP3K7","DOK1"
"BTK","IKBKB","DOK1"
"BTK","MAP3K4","DOK1"
"BTK","PXN","DOK1"
"BTK","FGG","DOK1"
"BTK","RPS6KA3","DOK1"
"BTK","DVL1","DOK1"
"BTK","VCPIP1","DOK1"
"BTK","PTK6","DOK1"
"BTK","ILK","DOK1"
"BTK","SPRED1","DOK1"
"BTK","CALM1","DOK1"
"BTK","FADD","DOK1"
"BTK","RET","DOK1"
"BTK","DDX41","DOK1"
"BTK","IKK-complex","DOK1"
"BTK","SHC1","DOK1"
"BTK","RPS6KA4","DOK1"
"BTK","NTRK1","DOK1"
"BTK","GPSM3","DOK1"
"BTK","EPHA2","DOK1"
"BTK","MAP3K8","DOK1"
"BTK","PTPRR","DOK1"
"BTK","FBLIM1","DOK1"
"BTK","TEC","DOK1"
"BTK","VCP","DOK1"
"BTK","GRIP1","DOK1"
"BTK","TMIGD2","DOK1"
"BTK","CCR2","DOK1"
"BTK","STIP1","DOK1"
"BTK","PSTPIP1","DOK1"
"BTK","TRAF3","DOK1"
"BTK","FRS2","DOK1"
"BTK","IMPDH2","DOK1"
"BTK","SET","DOK1"
"BTK","SH2B2","DOK1"
"BTK","HDAC2","DOK1"
"BTK","KSR1","DOK1"
"BTK","DDX58","DOK1"
"BTK","UBXN2B","DOK1"
"BTK","MST1R","DOK1"
"BTK","ROR2","DOK1"
"BTK","ABI1","DOK1"
"BTK","RAD50","DOK1"
"BTK","GRB14","DOK1"
"BTK","HOXB7","DOK1"
"BTK","PIK3C3","DOK1"
"BTK","CTDP1","DOK1"
"BTK","BLVRA","DOK1"
"BTK","CLSPN","DOK1"
"BTK","MAPKAP1","DOK1"
"BTK","GRB7","DOK1"
"BTK","BAZ1B","DOK1"
"BTK","PLCG2","DOK1"
"BTK","RBL2","DOK1"
"BTK","MAPK3","RACK1"
"BTK","AKT3","RACK1"
"BTK","AKT2","RACK1"
"BTK","PTEN","RACK1"
"BTK","PRKCQ","RACK1"
"BTK","MTOR","RACK1"
"BTK","CCP110","RACK1"
"BTK","SGK1","RACK1"
"BTK","MAP2K1","RACK1"
"BTK","MAP3K4","RACK1"
"BTK","PXN","RACK1"
"BTK","FGG","RACK1"
"BTK","LEPR","RACK1"
"BTK","ITK","RACK1"
"BTK","RPS6KA3","RACK1"
"BTK","SGK3","RACK1"
"BTK","IKBKE","RACK1"
"BTK","SPRED1","RACK1"
"BTK","MEK1/2","RACK1"
"BTK","PTPN7","RACK1"
"BTK","CALM1","RACK1"
"BTK","FADD","RACK1"
"BTK","RET","RACK1"
"BTK","DDX41","RACK1"
"BTK","IKK-complex","RACK1"
"BTK","SHC1","RACK1"
"BTK","MAPKAPK5","RACK1"
"BTK","MAP3K8","RACK1"
"BTK","GRIP1","RACK1"
"BTK","CCR2","RACK1"
"BTK","CRTC2","RACK1"
"BTK","CD28","RACK1"
"BTK","INPP5D","RACK1"
"BTK","BCL10","RACK1"
"BTK","RAD50","RACK1"
"BTK","PIK3C3","RACK1"
"BTK","RND1","RACK1"
"BTK","STING1","RACK1"
"BTK","NFKB1","RACK1"
"BTK","CTDP1","RACK1"
"BTK","CLSPN","RACK1"
"BTK","MAPKAP1","RACK1"
"BTK","GRB7","RACK1"
"BTK","BAZ1B","RACK1"
"BTK","CCP110","HMGA1"
"BTK","CALM2","HMGA1"
"BTK","ERK1/2","HMGA1"
"BTK","LCK","HMGA1"
"BTK","WNK1","HMGA1"
"BTK","PDPK1","HMGA1"
"BTK","PRKCG","HMGA1"
"BTK","IKBKB","HMGA1"
"BTK","WWTR1","HMGA1"
"BTK","DOK1","HMGA1"
"BTK","MAP3K4","HMGA1"
"BTK","PXN","HMGA1"
"BTK","ITK","HMGA1"
"BTK","BCL3","HMGA1"
"BTK","FZR1","HMGA1"
"BTK","GRB2","HMGA1"
"BTK","STAP1","HMGA1"
"BTK","SPRED1","HMGA1"
"BTK","CALM1","HMGA1"
"BTK","FADD","HMGA1"
"BTK","STK38","HMGA1"
"BTK","C9orf72","HMGA1"
"BTK","MAP4K1","HMGA1"
"BTK","SHC1","HMGA1"
"BTK","RPS6KA4","HMGA1"
"BTK","GPSM3","HMGA1"
"BTK","MAPKAPK5","HMGA1"
"BTK","PTPRR","HMGA1"
"BTK","FBLIM1","HMGA1"
"BTK","TMIGD2","HMGA1"
"BTK","CCR2","HMGA1"
"BTK","STIP1","HMGA1"
"BTK","PSTPIP1","HMGA1"
"BTK","ARRB2","HMGA1"
"BTK","TRAF3","HMGA1"
"BTK","CRTC2","HMGA1"
"BTK","CD28","HMGA1"
"BTK","INPP5D","HMGA1"
"BTK","FRS2","HMGA1"
"BTK","CCNE1","HMGA1"
"BTK","IMPDH2","HMGA1"
"BTK","SH2B2","HMGA1"
"BTK","TRPV1","HMGA1"
"BTK","BCL10","HMGA1"
"BTK","HDAC2","HMGA1"
"BTK","DDX58","HMGA1"
"BTK","MST1R","HMGA1"
"BTK","ROR2","HMGA1"
"BTK","IFIH1","HMGA1"
"BTK","RAD50","HMGA1"
"BTK","WDFY3","HMGA1"
"BTK","LRP6","HMGA1"
"BTK","GRB14","HMGA1"
"BTK","HOXB7","HMGA1"
"BTK","PIK3C3","HMGA1"
"BTK","RND1","HMGA1"
"BTK","STING1","HMGA1"
"BTK","NFKB1","HMGA1"
"BTK","CTDP1","HMGA1"
"BTK","TELO2","HMGA1"
"BTK","BLVRA","HMGA1"
"BTK","GRB7","HMGA1"
"BTK","PLCG2","HMGA1"
"BTK","MAPK3","ID2"
"BTK","CHUK","ID2"
"BTK","PTEN","ID2"
"BTK","PRKG1","ID2"
"BTK","CCP110","ID2"
"BTK","RPS6K","ID2"
"BTK","CALM2","ID2"
"BTK","ERK1/2","ID2"
"BTK","Gbeta","ID2"
"BTK","LCK","ID2"
"BTK","ABL1","ID2"
"BTK","RPS6KA5","ID2"
"BTK","WNK1","ID2"
"BTK","PDPK1","ID2"
"BTK","SGK1","ID2"
"BTK","PRKCZ","ID2"
"BTK","MAP3K1","ID2"
"BTK","AKT","ID2"
"BTK","IKBKB","ID2"
"BTK","WWTR1","ID2"
"BTK","DOK1","ID2"
"BTK","DAPK1","ID2"
"BTK","LEPR","ID2"
"BTK","RPS6KA3","ID2"
"BTK","BCL3","ID2"
"BTK","VCPIP1","ID2"
"BTK","SGK3","ID2"
"BTK","PTK6","ID2"
"BTK","IKBKE","ID2"
"BTK","ILK","ID2"
"BTK","TBK1","ID2"
"BTK","SPRED1","ID2"
"BTK","MEK1/2","ID2"
"BTK","CALM1","ID2"
"BTK","FADD","ID2"
"BTK","STK38","ID2"
"BTK","TLK1","ID2"
"BTK","RPS6KA4","ID2"
"BTK","NTRK1","ID2"
"BTK","GPSM3","ID2"
"BTK","MAPKAPK5","ID2"
"BTK","EPHA2","ID2"
"BTK","PTPRR","ID2"
"BTK","CDKN1B","ID2"
"BTK","FBLIM1","ID2"
"BTK","GRIP1","ID2"
"BTK","TMIGD2","ID2"
"BTK","STIP1","ID2"
"BTK","CRTC2","ID2"
"BTK","INPP5D","ID2"
"BTK","SH2B2","ID2"
"BTK","BCL10","ID2"
"BTK","PIK3R6","ID2"
"BTK","HDAC2","ID2"
"BTK","KSR1","ID2"
"BTK","DDX58","ID2"
"BTK","UBXN2B","ID2"
"BTK","ROR2","ID2"
"BTK","RAD50","ID2"
"BTK","TTI1","ID2"
"BTK","WDFY3","ID2"
"BTK","GRB14","ID2"
"BTK","STING1","ID2"
"BTK","SPEN","ID2"
"BTK","BLVRA","ID2"
"BTK","CLSPN","ID2"
"BTK","MAPKAP1","ID2"
"BTK","GRB7","ID2"
"BTK","RBL2","ID2"
"BTK","MAPK3","TLN1"
"BTK","AKT3","TLN1"
"BTK","CHUK","TLN1"
"BTK","CALM2","TLN1"
"BTK","ERK1/2","TLN1"
"BTK","Gbeta","TLN1"
"BTK","LCK","TLN1"
"BTK","CDK9","TLN1"
"BTK","ABL1","TLN1"
"BTK","RPS6KA5","TLN1"
"BTK","SGK1","TLN1"
"BTK","PRKCZ","TLN1"
"BTK","MAP3K7","TLN1"
"BTK","WWTR1","TLN1"
"BTK","DOK1","TLN1"
"BTK","DAPK1","TLN1"
"BTK","PXN","TLN1"
"BTK","LEPR","TLN1"
"BTK","ITK","TLN1"
"BTK","SGK3","TLN1"
"BTK","PTK6","TLN1"
"BTK","CCND1","TLN1"
"BTK","ILK","TLN1"
"BTK","TBK1","TLN1"
"BTK","SPRED1","TLN1"
"BTK","CALM1","TLN1"
"BTK","FADD","TLN1"
"BTK","STK38","TLN1"
"BTK","C9orf72","TLN1"
"BTK","CDKN2A","TLN1"
"BTK","MAP4K1","TLN1"
"BTK","RET","TLN1"
"BTK","DDX41","TLN1"
"BTK","SHC1","TLN1"
"BTK","RPS6KA4","TLN1"
"BTK","NTRK1","TLN1"
"BTK","GPSM3","TLN1"
"BTK","RELA","TLN1"
"BTK","EPHA2","TLN1"
"BTK","MAP3K8","TLN1"
"BTK","PTPRR","TLN1"
"BTK","CDKN1B","TLN1"
"BTK","FBLIM1","TLN1"
"BTK","TEC","TLN1"
"BTK","CCR2","TLN1"
"BTK","ARRB2","TLN1"
"BTK","TRAF3","TLN1"
"BTK","CD28","TLN1"
"BTK","CCNE1","TLN1"
"BTK","IMPDH2","TLN1"
"BTK","SET","TLN1"
"BTK","PIK3CG","TLN1"
"BTK","SH2B2","TLN1"
"BTK","PPP1R14A","TLN1"
"BTK","PIK3R6","TLN1"
"BTK","HDAC2","TLN1"
"BTK","KSR1","TLN1"
"BTK","UBXN2B","TLN1"
"BTK","MST1R","TLN1"
"BTK","ROR2","TLN1"
"BTK","ABI1","TLN1"
"BTK","IFIH1","TLN1"
"BTK","RAD50","TLN1"
"BTK","WDFY3","TLN1"
"BTK","LRP6","TLN1"
"BTK","PIK3C3","TLN1"
"BTK","SPEN","TLN1"
"BTK","NFKB1","TLN1"
"BTK","CTDP1","TLN1"
"BTK","TELO2","TLN1"
"BTK","BLVRA","TLN1"
"BTK","CLSPN","TLN1"
"BTK","MAPKAP1","TLN1"
"BTK","BAZ1B","TLN1"
"BTK","PLCG2","TLN1"
"BTK","RBL2","TLN1"
"BTK","PPP1R14B","TLN1"
"BTK","MAPK3","MAP3K4"
"BTK","AKT3","MAP3K4"
"BTK","CHUK","MAP3K4"
"BTK","PRKCQ","MAP3K4"
"BTK","MTOR","MAP3K4"
"BTK","PRKG1","MAP3K4"
"BTK","RPS6K","MAP3K4"
"BTK","CALM2","MAP3K4"
"BTK","Gbeta","MAP3K4"
"BTK","ABL1","MAP3K4"
"BTK","PDPK1","MAP3K4"
"BTK","SGK1","MAP3K4"
"BTK","PRKCG","MAP3K4"
"BTK","PRKCZ","MAP3K4"
"BTK","IKBKB","MAP3K4"
"BTK","WWTR1","MAP3K4"
"BTK","DOK1","MAP3K4"
"BTK","FGG","MAP3K4"
"BTK","RPS6KA3","MAP3K4"
"BTK","GRB2","MAP3K4"
"BTK","VCPIP1","MAP3K4"
"BTK","IKBKE","MAP3K4"
"BTK","SPRED1","MAP3K4"
"BTK","C9orf72","MAP3K4"
"BTK","DDX41","MAP3K4"
"BTK","GPSM3","MAP3K4"
"BTK","RELA","MAP3K4"
"BTK","PTPRR","MAP3K4"
"BTK","STIP1","MAP3K4"
"BTK","CCNE1","MAP3K4"
"BTK","IMPDH2","MAP3K4"
"BTK","SH2B2","MAP3K4"
"BTK","TRPV1","MAP3K4"
"BTK","MRE11","MAP3K4"
"BTK","HDAC2","MAP3K4"
"BTK","DDX58","MAP3K4"
"BTK","UBXN2B","MAP3K4"
"BTK","ABI1","MAP3K4"
"BTK","WDFY3","MAP3K4"
"BTK","RND1","MAP3K4"
"BTK","BLVRA","MAP3K4"
"BTK","BAZ1B","MAP3K4"
"BTK","PPP1R14B","MAP3K4"
"BTK","PABIR1","MAP3K4"
"BTK","CHUK","DAPK1"
"BTK","PTEN","DAPK1"
"BTK","MTOR","DAPK1"
"BTK","PRKG1","DAPK1"
"BTK","ERK1/2","DAPK1"
"BTK","Gbeta","DAPK1"
"BTK","ABL1","DAPK1"
"BTK","SGK1","DAPK1"
"BTK","PRKCB","DAPK1"
"BTK","CyclinD/CDK4","DAPK1"
"BTK","MAP3K1","DAPK1"
"BTK","AKT","DAPK1"
"BTK","IKBKB","DAPK1"
"BTK","MAP3K4","DAPK1"
"BTK","ITK","DAPK1"
"BTK","VCPIP1","DAPK1"
"BTK","TBK1","DAPK1"
"BTK","SPRED1","DAPK1"
"BTK","MEK1/2","DAPK1"
"BTK","CALM1","DAPK1"
"BTK","CDKN2A","DAPK1"
"BTK","SHC1","DAPK1"
"BTK","RPS6KA4","DAPK1"
"BTK","MAPKAPK5","DAPK1"
"BTK","PTPRR","DAPK1"
"BTK","TMIGD2","DAPK1"
"BTK","CCR2","DAPK1"
"BTK","STIP1","DAPK1"
"BTK","PSTPIP1","DAPK1"
"BTK","CRTC2","DAPK1"
"BTK","CCNE1","DAPK1"
"BTK","SET","DAPK1"
"BTK","SH2B2","DAPK1"
"BTK","TRPV1","DAPK1"
"BTK","PPP1R14A","DAPK1"
"BTK","PIK3R6","DAPK1"
"BTK","HDAC2","DAPK1"
"BTK","DDX58","DAPK1"
"BTK","WDFY3","DAPK1"
"BTK","HOXB7","DAPK1"
"BTK","TELO2","DAPK1"
"BTK","GRB7","DAPK1"
"BTK","PPP1R14B","DAPK1"
"BTK","CCP110","PXN"
"BTK","RPS6K","PXN"
"BTK","Gbeta","PXN"
"BTK","RPS6KA5","PXN"
"BTK","PDPK1","PXN"
"BTK","MAP2K1","PXN"
"BTK","PRKCB","PXN"
"BTK","PRKCZ","PXN"
"BTK","CyclinD/CDK4","PXN"
"BTK","MAP3K7","PXN"
"BTK","DOK1","PXN"
"BTK","FZR1","PXN"
"BTK","SGK3","PXN"
"BTK","IKBKE","PXN"
"BTK","PTPN7","PXN"
"BTK","CALM1","PXN"
"BTK","STK38","PXN"
"BTK","TLK1","PXN"
"BTK","RET","PXN"
"BTK","IKK-complex","PXN"
"BTK","SHC1","PXN"
"BTK","RELA","PXN"
"BTK","MAPKAPK5","PXN"
"BTK","EPHA2","PXN"
"BTK","MAP3K8","PXN"
"BTK","PTPRR","PXN"
"BTK","CDKN1B","PXN"
"BTK","CCR2","PXN"
"BTK","STIP1","PXN"
"BTK","PSTPIP1","PXN"
"BTK","ARRB2","PXN"
"BTK","TRAF3","PXN"
"BTK","CD28","PXN"
"BTK","INPP5D","PXN"
"BTK","SH2B2","PXN"
"BTK","PPP1R14A","PXN"
"BTK","PIK3R6","PXN"
"BTK","HDAC2","PXN"
"BTK","UBXN2B","PXN"
"BTK","WDFY3","PXN"
"BTK","GRB14","PXN"
"BTK","BLVRA","PXN"
"BTK","PLCG2","PXN"
"BTK","AKT3","PRKD1"
"BTK","PRKCQ","PRKD1"
"BTK","AKT1","PRKD1"
"BTK","PRKG1","PRKD1"
"BTK","CCP110","PRKD1"
"BTK","ERK1/2","PRKD1"
"BTK","Gbeta","PRKD1"
"BTK","LCK","PRKD1"
"BTK","WNK1","PRKD1"
"BTK","ITK","PRKD1"
"BTK","BCL3","PRKD1"
"BTK","DVL1","PRKD1"
"BTK","FZR1","PRKD1"
"BTK","VCPIP1","PRKD1"
"BTK","ATR","PRKD1"
"BTK","SGK3","PRKD1"
"BTK","CCND1","PRKD1"
"BTK","ILK","PRKD1"
"BTK","SPRED1","PRKD1"
"BTK","FADD","PRKD1"
"BTK","STK38","PRKD1"
"BTK","C9orf72","PRKD1"
"BTK","DDX41","PRKD1"
"BTK","SHC1","PRKD1"
"BTK","RELA","PRKD1"
"BTK","EPHA2","PRKD1"
"BTK","ARRB2","PRKD1"
"BTK","CD28","PRKD1"
"BTK","INPP5D","PRKD1"
"BTK","PPP1R14A","PRKD1"
"BTK","PIK3R6","PRKD1"
"BTK","MRE11","PRKD1"
"BTK","HDAC2","PRKD1"
"BTK","KSR1","PRKD1"
"BTK","DDX58","PRKD1"
"BTK","UBXN2B","PRKD1"
"BTK","MST1R","PRKD1"
"BTK","ABI1","PRKD1"
"BTK","LRP6","PRKD1"
"BTK","GRB14","PRKD1"
"BTK","PIK3C3","PRKD1"
"BTK","RND1","PRKD1"
"BTK","NFKB1","PRKD1"
"BTK","CTDP1","PRKD1"
"BTK","TELO2","PRKD1"
"BTK","CLSPN","PRKD1"
"BTK","MAPKAP1","PRKD1"
"BTK","GRB7","PRKD1"
"BTK","BAZ1B","PRKD1"
"BTK","PLCG2","PRKD1"
"BTK","RBL2","PRKD1"
"BTK","PPP1R14B","PRKD1"
"BTK","PABIR1","PRKD1"
"BTK","AKT3","MAPKAPK2"
"BTK","CHUK","MAPKAPK2"
"BTK","AKT2","MAPKAPK2"
"BTK","PRKCQ","MAPKAPK2"
"BTK","AKT1","MAPKAPK2"
"BTK","CCP110","MAPKAPK2"
"BTK","RPS6K","MAPKAPK2"
"BTK","CALM2","MAPKAPK2"
"BTK","ERK1/2","MAPKAPK2"
"BTK","Gbeta","MAPKAPK2"
"BTK","CDK9","MAPKAPK2"
"BTK","ABL1","MAPKAPK2"
"BTK","RPS6KA5","MAPKAPK2"
"BTK","PDPK1","MAPKAPK2"
"BTK","SGK1","MAPKAPK2"
"BTK","MAP2K1","MAPKAPK2"
"BTK","PRKCG","MAPKAPK2"
"BTK","PRKCZ","MAPKAPK2"
"BTK","CyclinD/CDK4","MAPKAPK2"
"BTK","MAP3K1","MAPKAPK2"
"BTK","MAP3K7","MAPKAPK2"
"BTK","AKT","MAPKAPK2"
"BTK","IKBKB","MAPKAPK2"
"BTK","WWTR1","MAPKAPK2"
"BTK","DOK1","MAPKAPK2"
"BTK","MAP3K4","MAPKAPK2"
"BTK","PXN","MAPKAPK2"
"BTK","FGG","MAPKAPK2"
"BTK","LEPR","MAPKAPK2"
"BTK","ITK","MAPKAPK2"
"BTK","RPS6KA3","MAPKAPK2"
"BTK","BCL3","MAPKAPK2"
"BTK","ATR","MAPKAPK2"
"BTK","SGK3","MAPKAPK2"
"BTK","IKBKE","MAPKAPK2"
"BTK","ILK","MAPKAPK2"
"BTK","STAP1","MAPKAPK2"
"BTK","TBK1","MAPKAPK2"
"BTK","SPRED1","MAPKAPK2"
"BTK","MEK1/2","MAPKAPK2"
"BTK","PTPN7","MAPKAPK2"
"BTK","CALM1","MAPKAPK2"
"BTK","STK38","MAPKAPK2"
"BTK","TLK1","MAPKAPK2"
"BTK","C9orf72","MAPKAPK2"
"BTK","CDKN2A","MAPKAPK2"
"BTK","DDX41","MAPKAPK2"
"BTK","IKK-complex","MAPKAPK2"
"BTK","SHC1","MAPKAPK2"
"BTK","NTRK1","MAPKAPK2"
"BTK","GPSM3","MAPKAPK2"
"BTK","RELA","MAPKAPK2"
"BTK","MAPKAPK5","MAPKAPK2"
"BTK","MAP3K8","MAPKAPK2"
"BTK","CDKN1B","MAPKAPK2"
"BTK","FBLIM1","MAPKAPK2"
"BTK","VCP","MAPKAPK2"
"BTK","GRIP1","MAPKAPK2"
"BTK","TMIGD2","MAPKAPK2"
"BTK","CCR2","MAPKAPK2"
"BTK","STIP1","MAPKAPK2"
"BTK","PSTPIP1","MAPKAPK2"
"BTK","TRAF3","MAPKAPK2"
"BTK","CRTC2","MAPKAPK2"
"BTK","CD28","MAPKAPK2"
"BTK","INPP5D","MAPKAPK2"
"BTK","FRS2","MAPKAPK2"
"BTK","IMPDH2","MAPKAPK2"
"BTK","SET","MAPKAPK2"
"BTK","HDAC2","MAPKAPK2"
"BTK","KSR1","MAPKAPK2"
"BTK","DDX58","MAPKAPK2"
"BTK","IFIH1","MAPKAPK2"
"BTK","RAD50","MAPKAPK2"
"BTK","LRP6","MAPKAPK2"
"BTK","HOXB7","MAPKAPK2"
"BTK","PIK3C3","MAPKAPK2"
"BTK","RND1","MAPKAPK2"
"BTK","STING1","MAPKAPK2"
"BTK","SPEN","MAPKAPK2"
"BTK","NFKB1","MAPKAPK2"
"BTK","TELO2","MAPKAPK2"
"BTK","BLVRA","MAPKAPK2"
"BTK","CLSPN","MAPKAPK2"
"BTK","MAPKAP1","MAPKAPK2"
"BTK","BAZ1B","MAPKAPK2"
"BTK","PLCG2","MAPKAPK2"
"BTK","RBL2","MAPKAPK2"
"BTK","PPP1R14B","MAPKAPK2"
"BTK","PABIR1","MAPKAPK2"
"BTK","AKT3","IFNGR2/INFGR1"
"BTK","CHUK","IFNGR2/INFGR1"
"BTK","PTEN","IFNGR2/INFGR1"
"BTK","MTOR","IFNGR2/INFGR1"
"BTK","PRKG1","IFNGR2/INFGR1"
"BTK","CCP110","IFNGR2/INFGR1"
"BTK","ERK1/2","IFNGR2/INFGR1"
"BTK","Gbeta","IFNGR2/INFGR1"
"BTK","LCK","IFNGR2/INFGR1"
"BTK","ABL1","IFNGR2/INFGR1"
"BTK","RPS6KA5","IFNGR2/INFGR1"
"BTK","WNK1","IFNGR2/INFGR1"
"BTK","SGK1","IFNGR2/INFGR1"
"BTK","MAP2K1","IFNGR2/INFGR1"
"BTK","PRKCG","IFNGR2/INFGR1"
"BTK","IKBKB","IFNGR2/INFGR1"
"BTK","WWTR1","IFNGR2/INFGR1"
"BTK","FGG","IFNGR2/INFGR1"
"BTK","ITK","IFNGR2/INFGR1"
"BTK","BCL3","IFNGR2/INFGR1"
"BTK","DVL1","IFNGR2/INFGR1"
"BTK","VCPIP1","IFNGR2/INFGR1"
"BTK","ATR","IFNGR2/INFGR1"
"BTK","SGK3","IFNGR2/INFGR1"
"BTK","CCND1","IFNGR2/INFGR1"
"BTK","TBK1","IFNGR2/INFGR1"
"BTK","SPRED1","IFNGR2/INFGR1"
"BTK","MEK1/2","IFNGR2/INFGR1"
"BTK","PTPN7","IFNGR2/INFGR1"
"BTK","CALM1","IFNGR2/INFGR1"
"BTK","FADD","IFNGR2/INFGR1"
"BTK","TLK1","IFNGR2/INFGR1"
"BTK","C9orf72","IFNGR2/INFGR1"
"BTK","CDKN2A","IFNGR2/INFGR1"
"BTK","DDX41","IFNGR2/INFGR1"
"BTK","IKK-complex","IFNGR2/INFGR1"
"BTK","RPS6KA4","IFNGR2/INFGR1"
"BTK","NTRK1","IFNGR2/INFGR1"
"BTK","GPSM3","IFNGR2/INFGR1"
"BTK","MAPKAPK5","IFNGR2/INFGR1"
"BTK","EPHA2","IFNGR2/INFGR1"
"BTK","PTPRR","IFNGR2/INFGR1"
"BTK","CDKN1B","IFNGR2/INFGR1"
"BTK","FBLIM1","IFNGR2/INFGR1"
"BTK","GRIP1","IFNGR2/INFGR1"
"BTK","TMIGD2","IFNGR2/INFGR1"
"BTK","CCR2","IFNGR2/INFGR1"
"BTK","STIP1","IFNGR2/INFGR1"
"BTK","PSTPIP1","IFNGR2/INFGR1"
"BTK","ARRB2","IFNGR2/INFGR1"
"BTK","TRAF3","IFNGR2/INFGR1"
"BTK","CRTC2","IFNGR2/INFGR1"
"BTK","CD28","IFNGR2/INFGR1"
"BTK","INPP5D","IFNGR2/INFGR1"
"BTK","FRS2","IFNGR2/INFGR1"
"BTK","CCNE1","IFNGR2/INFGR1"
"BTK","IMPDH2","IFNGR2/INFGR1"
"BTK","SET","IFNGR2/INFGR1"
"BTK","PIK3CG","IFNGR2/INFGR1"
"BTK","TRPV1","IFNGR2/INFGR1"
"BTK","PIK3R6","IFNGR2/INFGR1"
"BTK","KSR1","IFNGR2/INFGR1"
"BTK","UBXN2B","IFNGR2/INFGR1"
"BTK","MST1R","IFNGR2/INFGR1"
"BTK","ROR2","IFNGR2/INFGR1"
"BTK","ABI1","IFNGR2/INFGR1"
"BTK","IFIH1","IFNGR2/INFGR1"
"BTK","RAD50","IFNGR2/INFGR1"
"BTK","WDFY3","IFNGR2/INFGR1"
"BTK","LRP6","IFNGR2/INFGR1"
"BTK","HOXB7","IFNGR2/INFGR1"
"BTK","PIK3C3","IFNGR2/INFGR1"
"BTK","RND1","IFNGR2/INFGR1"
"BTK","STING1","IFNGR2/INFGR1"
"BTK","TELO2","IFNGR2/INFGR1"
"BTK","BLVRA","IFNGR2/INFGR1"
"BTK","CLSPN","IFNGR2/INFGR1"
"BTK","MAPKAP1","IFNGR2/INFGR1"
"BTK","BAZ1B","IFNGR2/INFGR1"
"BTK","PLCG2","IFNGR2/INFGR1"
"BTK","RBL2","IFNGR2/INFGR1"
"BTK","PPP1R14B","IFNGR2/INFGR1"
"BTK","PABIR1","IFNGR2/INFGR1"
"BTK","AKT3","FGG"
"BTK","AKT2","FGG"
"BTK","PTEN","FGG"
"BTK","PRKCQ","FGG"
"BTK","AKT1","FGG"
"BTK","PRKG1","FGG"
"BTK","RPS6K","FGG"
"BTK","ERK1/2","FGG"
"BTK","Gbeta","FGG"
"BTK","WNK1","FGG"
"BTK","PRKCB","FGG"
"BTK","IKBKB","FGG"
"BTK","DAPK1","FGG"
"BTK","LEPR","FGG"
"BTK","ITK","FGG"
"BTK","RPS6KA3","FGG"
"BTK","BCL3","FGG"
"BTK","DVL1","FGG"
"BTK","VCPIP1","FGG"
"BTK","ATR","FGG"
"BTK","SGK3","FGG"
"BTK","ILK","FGG"
"BTK","STAP1","FGG"
"BTK","CALM1","FGG"
"BTK","DDX41","FGG"
"BTK","IKK-complex","FGG"
"BTK","RPS6KA4","FGG"
"BTK","RELA","FGG"
"BTK","MAPKAPK5","FGG"
"BTK","EPHA2","FGG"
"BTK","MAP3K8","FGG"
"BTK","FBLIM1","FGG"
"BTK","GRIP1","FGG"
"BTK","STIP1","FGG"
"BTK","PSTPIP1","FGG"
"BTK","ARRB2","FGG"
"BTK","CRTC2","FGG"
"BTK","FRS2","FGG"
"BTK","IMPDH2","FGG"
"BTK","SET","FGG"
"BTK","PIK3CG","FGG"
"BTK","SH2B2","FGG"
"BTK","PIK3R6","FGG"
"BTK","HDAC2","FGG"
"BTK","DDX58","FGG"
"BTK","MST1R","FGG"
"BTK","ABI1","FGG"
"BTK","RAD50","FGG"
"BTK","GRB14","FGG"
"BTK","STING1","FGG"
"BTK","BLVRA","FGG"
"BTK","CLSPN","FGG"
"BTK","MAPKAP1","FGG"
"BTK","GRB7","FGG"
"BTK","BAZ1B","FGG"
"BTK","PPP1R14B","FGG"
"BTK","CHUK","HRAS"
"BTK","MTOR","HRAS"
"BTK","PRKG1","HRAS"
"BTK","RPS6K","HRAS"
"BTK","CALM2","HRAS"
"BTK","ERK1/2","HRAS"
"BTK","Gbeta","HRAS"
"BTK","LCK","HRAS"
"BTK","CDK9","HRAS"
"BTK","ABL1","HRAS"
"BTK","RPS6KA5","HRAS"
"BTK","WNK1","HRAS"
"BTK","PDPK1","HRAS"
"BTK","SGK1","HRAS"
"BTK","PRKCZ","HRAS"
"BTK","CyclinD/CDK4","HRAS"
"BTK","WWTR1","HRAS"
"BTK","PXN","HRAS"
"BTK","FGG","HRAS"
"BTK","ITK","HRAS"
"BTK","FZR1","HRAS"
"BTK","CCND1","HRAS"
"BTK","TBK1","HRAS"
"BTK","SPRED1","HRAS"
"BTK","MEK1/2","HRAS"
"BTK","CALM1","HRAS"
"BTK","FADD","HRAS"
"BTK","STK38","HRAS"
"BTK","TLK1","HRAS"
"BTK","MAP4K1","HRAS"
"BTK","DDX41","HRAS"
"BTK","RPS6KA4","HRAS"
"BTK","RELA","HRAS"
"BTK","MAP3K8","HRAS"
"BTK","PTPRR","HRAS"
"BTK","CDKN1B","HRAS"
"BTK","FBLIM1","HRAS"
"BTK","VCP","HRAS"
"BTK","TMIGD2","HRAS"
"BTK","CRTC2","HRAS"
"BTK","CD28","HRAS"
"BTK","FRS2","HRAS"
"BTK","IMPDH2","HRAS"
"BTK","BCL10","HRAS"
"BTK","HDAC2","HRAS"
"BTK","KSR1","HRAS"
"BTK","MST1R","HRAS"
"BTK","ROR2","HRAS"
"BTK","IFIH1","HRAS"
"BTK","WDFY3","HRAS"
"BTK","LRP6","HRAS"
"BTK","GRB14","HRAS"
"BTK","PIK3C3","HRAS"
"BTK","BLVRA","HRAS"
"BTK","GRB7","HRAS"
"BTK","PPP1R14B","HRAS"
"BTK","PABIR1","HRAS"
"BTK","MTOR","NFATC2"
"BTK","AKT1","NFATC2"
"BTK","CDK9","NFATC2"
"BTK","RPS6KA5","NFATC2"
"BTK","PDPK1","NFATC2"
"BTK","MAP2K1","NFATC2"
"BTK","PRKCG","NFATC2"
"BTK","IKBKB","NFATC2"
"BTK","WWTR1","NFATC2"
"BTK","PXN","NFATC2"
"BTK","RPS6KA3","NFATC2"
"BTK","GRB2","NFATC2"
"BTK","ATR","NFATC2"
"BTK","SGK3","NFATC2"
"BTK","PTK6","NFATC2"
"BTK","IKBKE","NFATC2"
"BTK","PTPN7","NFATC2"
"BTK","CALM1","NFATC2"
"BTK","FADD","NFATC2"
"BTK","STK38","NFATC2"
"BTK","TLK1","NFATC2"
"BTK","MAP4K1","NFATC2"
"BTK","NTRK1","NFATC2"
"BTK","MAPKAPK5","NFATC2"
"BTK","EPHA2","NFATC2"
"BTK","STIP1","NFATC2"
"BTK","TRAF3","NFATC2"
"BTK","CRTC2","NFATC2"
"BTK","IMPDH2","NFATC2"
"BTK","PIK3CG","NFATC2"
"BTK","BCL10","NFATC2"
"BTK","HDAC2","NFATC2"
"BTK","MST1R","NFATC2"
"BTK","TTI1","NFATC2"
"BTK","CTDP1","NFATC2"
"BTK","MAPKAP1","NFATC2"
"BTK","GRB7","NFATC2"
"BTK","AKT2","PRKD2"
"BTK","PRKG1","PRKD2"
"BTK","LCK","PRKD2"
"BTK","SGK1","PRKD2"
"BTK","MAP3K4","PRKD2"
"BTK","LEPR","PRKD2"
"BTK","FZR1","PRKD2"
"BTK","GRB2","PRKD2"
"BTK","SGK3","PRKD2"
"BTK","PTK6","PRKD2"
"BTK","IKBKE","PRKD2"
"BTK","STAP1","PRKD2"
"BTK","TBK1","PRKD2"
"BTK","MEK1/2","PRKD2"
"BTK","PTPN7","PRKD2"
"BTK","IKK-complex","PRKD2"
"BTK","RPS6KA4","PRKD2"
"BTK","MAP3K8","PRKD2"
"BTK","FBLIM1","PRKD2"
"BTK","TMIGD2","PRKD2"
"BTK","CCR2","PRKD2"
"BTK","TRAF3","PRKD2"
"BTK","CRTC2","PRKD2"
"BTK","CD28","PRKD2"
"BTK","FRS2","PRKD2"
"BTK","IMPDH2","PRKD2"
"BTK","MRE11","PRKD2"
"BTK","UBXN2B","PRKD2"
"BTK","LRP6","PRKD2"
"BTK","GRB14","PRKD2"
"BTK","RND1","PRKD2"
"BTK","STING1","PRKD2"
"BTK","NFKB1","PRKD2"
"BTK","TELO2","PRKD2"
"BTK","GRB7","PRKD2"
"BTK","BAZ1B","PRKD2"
"BTK","PLCG2","PRKD2"
"BTK","PPP1R14B","PRKD2"
"BTK","PTEN","PIK3CA"
"BTK","AKT1","PIK3CA"
"BTK","ERK1/2","PIK3CA"
"BTK","ABL1","PIK3CA"
"BTK","RPS6KA5","PIK3CA"
"BTK","WNK1","PIK3CA"
"BTK","SGK1","PIK3CA"
"BTK","PRKCG","PIK3CA"
"BTK","IKBKB","PIK3CA"
"BTK","WWTR1","PIK3CA"
"BTK","DOK1","PIK3CA"
"BTK","MAP3K4","PIK3CA"
"BTK","DAPK1","PIK3CA"
"BTK","FGG","PIK3CA"
"BTK","GRB2","PIK3CA"
"BTK","VCPIP1","PIK3CA"
"BTK","ATR","PIK3CA"
"BTK","SGK3","PIK3CA"
"BTK","ILK","PIK3CA"
"BTK","TLK1","PIK3CA"
"BTK","CDKN2A","PIK3CA"
"BTK","DDX41","PIK3CA"
"BTK","SHC1","PIK3CA"
"BTK","MAP3K8","PIK3CA"
"BTK","TEC","PIK3CA"
"BTK","CCR2","PIK3CA"
"BTK","STIP1","PIK3CA"
"BTK","ARRB2","PIK3CA"
"BTK","INPP5D","PIK3CA"
"BTK","PIK3R1","PIK3CA"
"BTK","CCNE1","PIK3CA"
"BTK","BCAR1","PIK3CA"
"BTK","SH2B2","PIK3CA"
"BTK","TRPV1","PIK3CA"
"BTK","PPP1R14A","PIK3CA"
"BTK","BCL10","PIK3CA"
"BTK","PIK3R6","PIK3CA"
"BTK","UBXN2B","PIK3CA"
"BTK","MST1R","PIK3CA"
"BTK","RAD50","PIK3CA"
"BTK","TTI1","PIK3CA"
"BTK","LRP6","PIK3CA"
"BTK","GRB14","PIK3CA"
"BTK","HOXB7","PIK3CA"
"BTK","STING1","PIK3CA"
"BTK","SPEN","PIK3CA"
"BTK","NFKB1","PIK3CA"
"BTK","TELO2","PIK3CA"
"BTK","BLVRA","PIK3CA"
"BTK","CLSPN","PIK3CA"
"BTK","RBL2","PIK3CA"
"BTK","PABIR1","PIK3CA"
"BTK","MAPK3","GATA3"
"BTK","AKT2","GATA3"
"BTK","PTEN","GATA3"
"BTK","CCP110","GATA3"
"BTK","CALM2","GATA3"
"BTK","WNK1","GATA3"
"BTK","PDPK1","GATA3"
"BTK","MAP3K7","GATA3"
"BTK","AKT","GATA3"
"BTK","IKBKB","GATA3"
"BTK","WWTR1","GATA3"
"BTK","DOK1","GATA3"
"BTK","MAP3K4","GATA3"
"BTK","DAPK1","GATA3"
"BTK","PXN","GATA3"
"BTK","LEPR","GATA3"
"BTK","BCL3","GATA3"
"BTK","DVL1","GATA3"
"BTK","FZR1","GATA3"
"BTK","GRB2","GATA3"
"BTK","VCPIP1","GATA3"
"BTK","SGK3","GATA3"
"BTK","SPRED1","GATA3"
"BTK","MEK1/2","GATA3"
"BTK","PTPN7","GATA3"
"BTK","FADD","GATA3"
"BTK","TLK1","GATA3"
"BTK","MAP4K1","GATA3"
"BTK","RET","GATA3"
"BTK","GPSM3","GATA3"
"BTK","PTPRR","GATA3"
"BTK","ARRB2","GATA3"
"BTK","TRPV1","GATA3"
"BTK","PPP1R14A","GATA3"
"BTK","PIK3R6","GATA3"
"BTK","HDAC2","GATA3"
"BTK","GRB14","GATA3"
"BTK","PIK3C3","GATA3"
"BTK","TELO2","GATA3"
"BTK","CLSPN","GATA3"
"BTK","BAZ1B","GATA3"
"BTK","ITK","PRKCE"
"BTK","AKT2","ABL2"
"BTK","PTEN","ABL2"
"BTK","PRKCQ","ABL2"
"BTK","CCP110","ABL2"
"BTK","ERK1/2","ABL2"
"BTK","Gbeta","ABL2"
"BTK","CDK9","ABL2"
"BTK","WNK1","ABL2"
"BTK","SGK1","ABL2"
"BTK","PRKCB","ABL2"
"BTK","PRKCZ","ABL2"
"BTK","WWTR1","ABL2"
"BTK","BCL3","ABL2"
"BTK","ATR","ABL2"
"BTK","TBK1","ABL2"
"BTK","SPRED1","ABL2"
"BTK","STK38","ABL2"
"BTK","TLK1","ABL2"
"BTK","C9orf72","ABL2"
"BTK","MAP4K1","ABL2"
"BTK","SHC1","ABL2"
"BTK","RPS6KA4","ABL2"
"BTK","GPSM3","ABL2"
"BTK","MAPKAPK5","ABL2"
"BTK","EPHA2","ABL2"
"BTK","TEC","ABL2"
"BTK","TRAF3","ABL2"
"BTK","CRTC2","ABL2"
"BTK","INPP5D","ABL2"
"BTK","IMPDH2","ABL2"
"BTK","SET","ABL2"
"BTK","PIK3CG","ABL2"
"BTK","BCL10","ABL2"
"BTK","HDAC2","ABL2"
"BTK","UBXN2B","ABL2"
"BTK","MST1R","ABL2"
"BTK","ROR2","ABL2"
"BTK","IFIH1","ABL2"
"BTK","WDFY3","ABL2"
"BTK","PIK3C3","ABL2"
"BTK","RND1","ABL2"
"BTK","TELO2","ABL2"
"BTK","MAPKAP1","ABL2"
"BTK","BAZ1B","ABL2"
"BTK","RBL2","ABL2"
"BTK","AKT2","FBXW7"
"BTK","AKT1","FBXW7"
"BTK","ERK1/2","FBXW7"
"BTK","LCK","FBXW7"
"BTK","CDK9","FBXW7"
"BTK","ABL1","FBXW7"
"BTK","WNK1","FBXW7"
"BTK","MAP2K1","FBXW7"
"BTK","PRKCB","FBXW7"
"BTK","PRKCG","FBXW7"
"BTK","PRKCZ","FBXW7"
"BTK","CyclinD/CDK4","FBXW7"
"BTK","MAP3K1","FBXW7"
"BTK","IKBKB","FBXW7"
"BTK","WWTR1","FBXW7"
"BTK","DOK1","FBXW7"
"BTK","MAP3K4","FBXW7"
"BTK","DAPK1","FBXW7"
"BTK","PXN","FBXW7"
"BTK","ITK","FBXW7"
"BTK","RPS6KA3","FBXW7"
"BTK","DVL1","FBXW7"
"BTK","FZR1","FBXW7"
"BTK","VCPIP1","FBXW7"
"BTK","ATR","FBXW7"
"BTK","PTK6","FBXW7"
"BTK","IKBKE","FBXW7"
"BTK","TBK1","FBXW7"
"BTK","PTPN7","FBXW7"
"BTK","CALM1","FBXW7"
"BTK","STK38","FBXW7"
"BTK","CDKN2A","FBXW7"
"BTK","DDX41","FBXW7"
"BTK","IKK-complex","FBXW7"
"BTK","RPS6KA4","FBXW7"
"BTK","NTRK1","FBXW7"
"BTK","MAPKAPK5","FBXW7"
"BTK","EPHA2","FBXW7"
"BTK","CCR2","FBXW7"
"BTK","PSTPIP1","FBXW7"
"BTK","ARRB2","FBXW7"
"BTK","TRAF3","FBXW7"
"BTK","CRTC2","FBXW7"
"BTK","CD28","FBXW7"
"BTK","INPP5D","FBXW7"
"BTK","FRS2","FBXW7"
"BTK","IMPDH2","FBXW7"
"BTK","SET","FBXW7"
"BTK","PIK3CG","FBXW7"
"BTK","SH2B2","FBXW7"
"BTK","TRPV1","FBXW7"
"BTK","MRE11","FBXW7"
"BTK","HDAC2","FBXW7"
"BTK","DDX58","FBXW7"
"BTK","UBXN2B","FBXW7"
"BTK","IFIH1","FBXW7"
"BTK","WDFY3","FBXW7"
"BTK","HOXB7","FBXW7"
"BTK","RND1","FBXW7"
"BTK","STING1","FBXW7"
"BTK","SPEN","FBXW7"
"BTK","CTDP1","FBXW7"
"BTK","CLSPN","FBXW7"
"BTK","MAPKAP1","FBXW7"
"BTK","PPP1R14B","FBXW7"
"BTK","CHUK","PTK2"
"BTK","CCP110","PTK2"
"BTK","RPS6K","PTK2"
"BTK","ABL1","PTK2"
"BTK","WNK1","PTK2"
"BTK","PDPK1","PTK2"
"BTK","MAP2K1","PTK2"
"BTK","CyclinD/CDK4","PTK2"
"BTK","MAP3K1","PTK2"
"BTK","AKT","PTK2"
"BTK","WWTR1","PTK2"
"BTK","DOK1","PTK2"
"BTK","BCL3","PTK2"
"BTK","IKBKE","PTK2"
"BTK","CCND1","PTK2"
"BTK","TBK1","PTK2"
"BTK","PTPN7","PTK2"
"BTK","CALM1","PTK2"
"BTK","FADD","PTK2"
"BTK","CDKN2A","PTK2"
"BTK","IKK-complex","PTK2"
"BTK","GPSM3","PTK2"
"BTK","RELA","PTK2"
"BTK","EPHA2","PTK2"
"BTK","VCP","PTK2"
"BTK","STIP1","PTK2"
"BTK","PSTPIP1","PTK2"
"BTK","PIK3CG","PTK2"
"BTK","TRPV1","PTK2"
"BTK","PPP1R14A","PTK2"
"BTK","PIK3R6","PTK2"
"BTK","DDX58","PTK2"
"BTK","ABI1","PTK2"
"BTK","GRB14","PTK2"
"BTK","PIK3C3","PTK2"
"BTK","RND1","PTK2"
"BTK","STING1","PTK2"
"BTK","NFKB1","PTK2"
"BTK","BLVRA","PTK2"
"BTK","CLSPN","PTK2"
"BTK","MAPKAP1","PTK2"
"BTK","AKT1","LEPR"
"BTK","PRKG1","LEPR"
"BTK","CCP110","LEPR"
"BTK","RPS6K","LEPR"
"BTK","ERK1/2","LEPR"
"BTK","LCK","LEPR"
"BTK","CDK9","LEPR"
"BTK","ABL1","LEPR"
"BTK","RPS6KA5","LEPR"
"BTK","PDPK1","LEPR"
"BTK","SGK1","LEPR"
"BTK","MAP2K1","LEPR"
"BTK","PRKCZ","LEPR"
"BTK","CyclinD/CDK4","LEPR"
"BTK","IKBKB","LEPR"
"BTK","WWTR1","LEPR"
"BTK","MAP3K4","LEPR"
"BTK","DAPK1","LEPR"
"BTK","FGG","LEPR"
"BTK","ITK","LEPR"
"BTK","BCL3","LEPR"
"BTK","GRB2","LEPR"
"BTK","IKBKE","LEPR"
"BTK","ILK","LEPR"
"BTK","MEK1/2","LEPR"
"BTK","PTPN7","LEPR"
"BTK","CALM1","LEPR"
"BTK","FADD","LEPR"
"BTK","TLK1","LEPR"
"BTK","C9orf72","LEPR"
"BTK","MAP4K1","LEPR"
"BTK","SHC1","LEPR"
"BTK","RPS6KA4","LEPR"
"BTK","GPSM3","LEPR"
"BTK","MAPKAPK5","LEPR"
"BTK","FBLIM1","LEPR"
"BTK","VCP","LEPR"
"BTK","CCR2","LEPR"
"BTK","STIP1","LEPR"
"BTK","PSTPIP1","LEPR"
"BTK","ARRB2","LEPR"
"BTK","INPP5D","LEPR"
"BTK","FRS2","LEPR"
"BTK","SET","LEPR"
"BTK","PPP1R14A","LEPR"
"BTK","BCL10","LEPR"
"BTK","MRE11","LEPR"
"BTK","MST1R","LEPR"
"BTK","ABI1","LEPR"
"BTK","HOXB7","LEPR"
"BTK","PIK3C3","LEPR"
"BTK","PLCG2","LEPR"
"BTK","RBL2","LEPR"
"BTK","MAPK3","ITK"
"BTK","PTPN6","ITK"
"BTK","SGK1","ITK"
"BTK","MAP2K1","ITK"
"BTK","MAP3K1","ITK"
"BTK","AKT","ITK"
"BTK","FGG","ITK"
"BTK","VCPIP1","ITK"
"BTK","CREBBP","ITK"
"BTK","STK38","ITK"
"BTK","CDKN2A","ITK"
"BTK","PTPRR","ITK"
"BTK","CDKN1B","ITK"
"BTK","TMIGD2","ITK"
"BTK","FRS2","ITK"
"BTK","BCL10","ITK"
"BTK","CBL","ITK"
"BTK","CLSPN","ITK"
"BTK","MAPKAP1","ITK"
"BTK","BAZ1B","ITK"
"BTK","MAPK3","RPS6KA3"
"BTK","CHUK","RPS6KA3"
"BTK","AKT2","RPS6KA3"
"BTK","PTEN","RPS6KA3"
"BTK","PRKCQ","RPS6KA3"
"BTK","PRKG1","RPS6KA3"
"BTK","CCP110","RPS6KA3"
"BTK","RPS6K","RPS6KA3"
"BTK","ERK1/2","RPS6KA3"
"BTK","Gbeta","RPS6KA3"
"BTK","LCK","RPS6KA3"
"BTK","RPS6KA5","RPS6KA3"
"BTK","WNK1","RPS6KA3"
"BTK","PRKCB","RPS6KA3"
"BTK","MAP3K1","RPS6KA3"
"BTK","AKT","RPS6KA3"
"BTK","MAP3K4","RPS6KA3"
"BTK","DAPK1","RPS6KA3"
"BTK","LEPR","RPS6KA3"
"BTK","BCL3","RPS6KA3"
"BTK","DVL1","RPS6KA3"
"BTK","GRB2","RPS6KA3"
"BTK","VCPIP1","RPS6KA3"
"BTK","SGK3","RPS6KA3"
"BTK","PTK6","RPS6KA3"
"BTK","IKBKE","RPS6KA3"
"BTK","ILK","RPS6KA3"
"BTK","STAP1","RPS6KA3"
"BTK","TBK1","RPS6KA3"
"BTK","MEK1/2","RPS6KA3"
"BTK","FADD","RPS6KA3"
"BTK","STK38","RPS6KA3"
"BTK","TLK1","RPS6KA3"
"BTK","C9orf72","RPS6KA3"
"BTK","CDKN2A","RPS6KA3"
"BTK","MAP4K1","RPS6KA3"
"BTK","RET","RPS6KA3"
"BTK","DDX41","RPS6KA3"
"BTK","IKK-complex","RPS6KA3"
"BTK","SHC1","RPS6KA3"
"BTK","RELA","RPS6KA3"
"BTK","PTPRR","RPS6KA3"
"BTK","FBLIM1","RPS6KA3"
"BTK","VCP","RPS6KA3"
"BTK","CCR2","RPS6KA3"
"BTK","FRS2","RPS6KA3"
"BTK","CCNE1","RPS6KA3"
"BTK","PPP1R14A","RPS6KA3"
"BTK","BCL10","RPS6KA3"
"BTK","PIK3R6","RPS6KA3"
"BTK","MRE11","RPS6KA3"
"BTK","HDAC2","RPS6KA3"
"BTK","KSR1","RPS6KA3"
"BTK","UBXN2B","RPS6KA3"
"BTK","MST1R","RPS6KA3"
"BTK","ROR2","RPS6KA3"
"BTK","ABI1","RPS6KA3"
"BTK","RAD50","RPS6KA3"
"BTK","TTI1","RPS6KA3"
"BTK","WDFY3","RPS6KA3"
"BTK","LRP6","RPS6KA3"
"BTK","GRB14","RPS6KA3"
"BTK","PIK3C3","RPS6KA3"
"BTK","RND1","RPS6KA3"
"BTK","STING1","RPS6KA3"
"BTK","SPEN","RPS6KA3"
"BTK","NFKB1","RPS6KA3"
"BTK","CTDP1","RPS6KA3"
"BTK","TELO2","RPS6KA3"
"BTK","BLVRA","RPS6KA3"
"BTK","CLSPN","RPS6KA3"
"BTK","MAPKAP1","RPS6KA3"
"BTK","GRB7","RPS6KA3"
"BTK","BAZ1B","RPS6KA3"
"BTK","RBL2","RPS6KA3"
"BTK","PABIR1","RPS6KA3"
"BTK","CHUK","PRKACB"
"BTK","PTEN","PRKACB"
"BTK","AKT1","PRKACB"
"BTK","PRKG1","PRKACB"
"BTK","CCP110","PRKACB"
"BTK","RPS6K","PRKACB"
"BTK","ERK1/2","PRKACB"
"BTK","Gbeta","PRKACB"
"BTK","CDK9","PRKACB"
"BTK","RPS6KA5","PRKACB"
"BTK","WNK1","PRKACB"
"BTK","SGK1","PRKACB"
"BTK","MAP2K1","PRKACB"
"BTK","PRKCB","PRKACB"
"BTK","PRKCZ","PRKACB"
"BTK","CyclinD/CDK4","PRKACB"
"BTK","MAP3K7","PRKACB"
"BTK","AKT","PRKACB"
"BTK","DOK1","PRKACB"
"BTK","PXN","PRKACB"
"BTK","FGG","PRKACB"
"BTK","LEPR","PRKACB"
"BTK","ITK","PRKACB"
"BTK","RPS6KA3","PRKACB"
"BTK","BCL3","PRKACB"
"BTK","DVL1","PRKACB"
"BTK","GRB2","PRKACB"
"BTK","VCPIP1","PRKACB"
"BTK","ATR","PRKACB"
"BTK","SGK3","PRKACB"
"BTK","IKBKE","PRKACB"
"BTK","CCND1","PRKACB"
"BTK","ILK","PRKACB"
"BTK","SPRED1","PRKACB"
"BTK","MEK1/2","PRKACB"
"BTK","CALM1","PRKACB"
"BTK","STK38","PRKACB"
"BTK","TLK1","PRKACB"
"BTK","CDKN2A","PRKACB"
"BTK","DDX41","PRKACB"
"BTK","SHC1","PRKACB"
"BTK","RPS6KA4","PRKACB"
"BTK","NTRK1","PRKACB"
"BTK","MAPKAPK5","PRKACB"
"BTK","EPHA2","PRKACB"
"BTK","TEC","PRKACB"
"BTK","VCP","PRKACB"
"BTK","GRIP1","PRKACB"
"BTK","TMIGD2","PRKACB"
"BTK","PSTPIP1","PRKACB"
"BTK","ARRB2","PRKACB"
"BTK","CD28","PRKACB"
"BTK","FRS2","PRKACB"
"BTK","IMPDH2","PRKACB"
"BTK","SET","PRKACB"
"BTK","TRPV1","PRKACB"
"BTK","PPP1R14A","PRKACB"
"BTK","PIK3R6","PRKACB"
"BTK","MRE11","PRKACB"
"BTK","HDAC2","PRKACB"
"BTK","UBXN2B","PRKACB"
"BTK","MST1R","PRKACB"
"BTK","ABI1","PRKACB"
"BTK","TTI1","PRKACB"
"BTK","RND1","PRKACB"
"BTK","STING1","PRKACB"
"BTK","SPEN","PRKACB"
"BTK","NFKB1","PRKACB"
"BTK","CTDP1","PRKACB"
"BTK","CLSPN","PRKACB"
"BTK","RBL2","PRKACB"
"BTK","MAPK3","MARK2"
"BTK","AKT3","MARK2"
"BTK","AKT2","MARK2"
"BTK","RPS6K","MARK2"
"BTK","CALM2","MARK2"
"BTK","LCK","MARK2"
"BTK","RPS6KA5","MARK2"
"BTK","PDPK1","MARK2"
"BTK","SGK1","MARK2"
"BTK","MAP2K1","MARK2"
"BTK","PRKCB","MARK2"
"BTK","PRKCG","MARK2"
"BTK","PRKCZ","MARK2"
"BTK","IKBKB","MARK2"
"BTK","WWTR1","MARK2"
"BTK","PXN","MARK2"
"BTK","FGG","MARK2"
"BTK","RPS6KA3","MARK2"
"BTK","BCL3","MARK2"
"BTK","DVL1","MARK2"
"BTK","ATR","MARK2"
"BTK","ILK","MARK2"
"BTK","STAP1","MARK2"
"BTK","SPRED1","MARK2"
"BTK","MEK1/2","MARK2"
"BTK","CALM1","MARK2"
"BTK","CDKN2A","MARK2"
"BTK","RET","MARK2"
"BTK","IKK-complex","MARK2"
"BTK","RELA","MARK2"
"BTK","EPHA2","MARK2"
"BTK","PTPRR","MARK2"
"BTK","FBLIM1","MARK2"
"BTK","CCR2","MARK2"
"BTK","STIP1","MARK2"
"BTK","ARRB2","MARK2"
"BTK","CD28","MARK2"
"BTK","SET","MARK2"
"BTK","TRPV1","MARK2"
"BTK","PIK3R6","MARK2"
"BTK","MST1R","MARK2"
"BTK","STING1","MARK2"
"BTK","TELO2","MARK2"
"BTK","MAPKAP1","MARK2"
"BTK","BAZ1B","MARK2"
"BTK","PLCG2","MARK2"
"BTK","PABIR1","MARK2"
"BTK","MAPK3","NCK1"
"BTK","AKT3","NCK1"
"BTK","PTEN","NCK1"
"BTK","PRKCQ","NCK1"
"BTK","AKT1","NCK1"
"BTK","PRKG1","NCK1"
"BTK","RPS6K","NCK1"
"BTK","PRKCB","NCK1"
"BTK","AKT","NCK1"
"BTK","MAP3K4","NCK1"
"BTK","FGG","NCK1"
"BTK","LEPR","NCK1"
"BTK","RPS6KA3","NCK1"
"BTK","BCL3","NCK1"
"BTK","FZR1","NCK1"
"BTK","VCPIP1","NCK1"
"BTK","SGK3","NCK1"
"BTK","IKBKE","NCK1"
"BTK","TBK1","NCK1"
"BTK","SPRED1","NCK1"
"BTK","MEK1/2","NCK1"
"BTK","PTPN7","NCK1"
"BTK","TLK1","NCK1"
"BTK","C9orf72","NCK1"
"BTK","RET","NCK1"
"BTK","DDX41","NCK1"
"BTK","IKK-complex","NCK1"
"BTK","RPS6KA4","NCK1"
"BTK","NTRK1","NCK1"
"BTK","GPSM3","NCK1"
"BTK","MKNK1","NCK1"
"BTK","RELA","NCK1"
"BTK","MAPKAPK5","NCK1"
"BTK","EPHA2","NCK1"
"BTK","FBLIM1","NCK1"
"BTK","TEC","NCK1"
"BTK","TMIGD2","NCK1"
"BTK","CRTC2","NCK1"
"BTK","FRS2","NCK1"
"BTK","CCNE1","NCK1"
"BTK","IMPDH2","NCK1"
"BTK","PIK3CG","NCK1"
"BTK","SH2B2","NCK1"
"BTK","TRPV1","NCK1"
"BTK","BCL10","NCK1"
"BTK","PIK3R6","NCK1"
"BTK","HDAC2","NCK1"
"BTK","KSR1","NCK1"
"BTK","DDX58","NCK1"
"BTK","ROR2","NCK1"
"BTK","ABI1","NCK1"
"BTK","RAD50","NCK1"
"BTK","LRP6","NCK1"
"BTK","GRB14","NCK1"
"BTK","HOXB7","NCK1"
"BTK","PIK3C3","NCK1"
"BTK","RND1","NCK1"
"BTK","STING1","NCK1"
"BTK","SPEN","NCK1"
"BTK","NFKB1","NCK1"
"BTK","CTDP1","NCK1"
"BTK","CLSPN","NCK1"
"BTK","GRB7","NCK1"
"BTK","BAZ1B","NCK1"
"BTK","PPP1R14B","NCK1"
"BTK","MAPK3","mTORC1"
"BTK","CHUK","mTORC1"
"BTK","PTEN","mTORC1"
"BTK","PRKCQ","mTORC1"
"BTK","ERK1/2","mTORC1"
"BTK","Gbeta","mTORC1"
"BTK","PDPK1","mTORC1"
"BTK","SGK1","mTORC1"
"BTK","MAP2K1","mTORC1"
"BTK","PRKCG","mTORC1"
"BTK","CyclinD/CDK4","mTORC1"
"BTK","MAP3K1","mTORC1"
"BTK","IKBKB","mTORC1"
"BTK","WWTR1","mTORC1"
"BTK","DOK1","mTORC1"
"BTK","MAP3K4","mTORC1"
"BTK","DAPK1","mTORC1"
"BTK","PXN","mTORC1"
"BTK","FGG","mTORC1"
"BTK","LEPR","mTORC1"
"BTK","ITK","mTORC1"
"BTK","RPS6KA3","mTORC1"
"BTK","BCL3","mTORC1"
"BTK","DVL1","mTORC1"
"BTK","GRB2","mTORC1"
"BTK","ATR","mTORC1"
"BTK","SGK3","mTORC1"
"BTK","STAP1","mTORC1"
"BTK","FADD","mTORC1"
"BTK","STK38","mTORC1"
"BTK","CDKN2A","mTORC1"
"BTK","RET","mTORC1"
"BTK","SHC1","mTORC1"
"BTK","RELA","mTORC1"
"BTK","EPHA2","mTORC1"
"BTK","MAP3K8","mTORC1"
"BTK","PTPRR","mTORC1"
"BTK","TEC","mTORC1"
"BTK","VCP","mTORC1"
"BTK","TMIGD2","mTORC1"
"BTK","STIP1","mTORC1"
"BTK","PSTPIP1","mTORC1"
"BTK","TRAF3","mTORC1"
"BTK","CRTC2","mTORC1"
"BTK","INPP5D","mTORC1"
"BTK","CCNE1","mTORC1"
"BTK","SET","mTORC1"
"BTK","PIK3CG","mTORC1"
"BTK","TRPV1","mTORC1"
"BTK","BCL10","mTORC1"
"BTK","PIK3R6","mTORC1"
"BTK","UBXN2B","mTORC1"
"BTK","MST1R","mTORC1"
"BTK","ROR2","mTORC1"
"BTK","IFIH1","mTORC1"
"BTK","TTI1","mTORC1"
"BTK","PIK3C3","mTORC1"
"BTK","STING1","mTORC1"
"BTK","SPEN","mTORC1"
"BTK","TELO2","mTORC1"
"BTK","MAPKAP1","mTORC1"
"BTK","PLCG2","mTORC1"
"BTK","RBL2","mTORC1"
"BTK","AKT2","AHSA1"
"BTK","PTEN","AHSA1"
"BTK","PRKCQ","AHSA1"
"BTK","AKT1","AHSA1"
"BTK","PRKG1","AHSA1"
"BTK","CCP110","AHSA1"
"BTK","RPS6K","AHSA1"
"BTK","CALM2","AHSA1"
"BTK","ERK1/2","AHSA1"
"BTK","LCK","AHSA1"
"BTK","CDK9","AHSA1"
"BTK","RPS6KA5","AHSA1"
"BTK","MAP2K1","AHSA1"
"BTK","PRKCZ","AHSA1"
"BTK","CyclinD/CDK4","AHSA1"
"BTK","MAP3K7","AHSA1"
"BTK","DAPK1","AHSA1"
"BTK","PXN","AHSA1"
"BTK","RPS6KA3","AHSA1"
"BTK","BCL3","AHSA1"
"BTK","FZR1","AHSA1"
"BTK","ATR","AHSA1"
"BTK","PTK6","AHSA1"
"BTK","MEK1/2","AHSA1"
"BTK","CALM1","AHSA1"
"BTK","FADD","AHSA1"
"BTK","STK38","AHSA1"
"BTK","TLK1","AHSA1"
"BTK","C9orf72","AHSA1"
"BTK","RET","AHSA1"
"BTK","GPSM3","AHSA1"
"BTK","MAPKAPK5","AHSA1"
"BTK","EPHA2","AHSA1"
"BTK","MAP3K8","AHSA1"
"BTK","FBLIM1","AHSA1"
"BTK","STIP1","AHSA1"
"BTK","ARRB2","AHSA1"
"BTK","TRAF3","AHSA1"
"BTK","CRTC2","AHSA1"
"BTK","CCNE1","AHSA1"
"BTK","PIK3R6","AHSA1"
"BTK","HDAC2","AHSA1"
"BTK","DDX58","AHSA1"
"BTK","RAD50","AHSA1"
"BTK","WDFY3","AHSA1"
"BTK","GRB14","AHSA1"
"BTK","PIK3C3","AHSA1"
"BTK","STING1","AHSA1"
"BTK","NFKB1","AHSA1"
"BTK","BLVRA","AHSA1"
"BTK","PLCG2","AHSA1"
"BTK","RBL2","AHSA1"
"BTK","PPP1R14B","AHSA1"
"BTK","PABIR1","AHSA1"
"BTK","MAPK3","DLX5"
"BTK","CCP110","DLX5"
"BTK","RPS6K","DLX5"
"BTK","CALM2","DLX5"
"BTK","ERK1/2","DLX5"
"BTK","Gbeta","DLX5"
"BTK","ABL1","DLX5"
"BTK","RPS6KA5","DLX5"
"BTK","WNK1","DLX5"
"BTK","PDPK1","DLX5"
"BTK","SGK1","DLX5"
"BTK","PRKCG","DLX5"
"BTK","CyclinD/CDK4","DLX5"
"BTK","ATR","DLX5"
"BTK","PTK6","DLX5"
"BTK","IKBKE","DLX5"
"BTK","CCND1","DLX5"
"BTK","TBK1","DLX5"
"BTK","SPRED1","DLX5"
"BTK","CDKN2A","DLX5"
"BTK","IKK-complex","DLX5"
"BTK","SHC1","DLX5"
"BTK","GPSM3","DLX5"
"BTK","EPHA2","DLX5"
"BTK","CDKN1B","DLX5"
"BTK","FBLIM1","DLX5"
"BTK","VCP","DLX5"
"BTK","TMIGD2","DLX5"
"BTK","STIP1","DLX5"
"BTK","TRPV1","DLX5"
"BTK","MRE11","DLX5"
"BTK","HDAC2","DLX5"
"BTK","KSR1","DLX5"
"BTK","RAD50","DLX5"
"BTK","WDFY3","DLX5"
"BTK","LRP6","DLX5"
"BTK","PIK3C3","DLX5"
"BTK","RND1","DLX5"
"BTK","GRB7","DLX5"
"BTK","PLCG2","DLX5"
"BTK","PABIR1","DLX5"
"BTK","AKT3","RASSF1"
"BTK","PRKCQ","RASSF1"
"BTK","RPS6K","RASSF1"
"BTK","CALM2","RASSF1"
"BTK","ABL1","RASSF1"
"BTK","SGK1","RASSF1"
"BTK","PRKCB","RASSF1"
"BTK","PRKCG","RASSF1"
"BTK","PRKCZ","RASSF1"
"BTK","AKT","RASSF1"
"BTK","MAP3K4","RASSF1"
"BTK","DAPK1","RASSF1"
"BTK","LEPR","RASSF1"
"BTK","ITK","RASSF1"
"BTK","FZR1","RASSF1"
"BTK","GRB2","RASSF1"
"BTK","ATR","RASSF1"
"BTK","SGK3","RASSF1"
"BTK","PTK6","RASSF1"
"BTK","CCND1","RASSF1"
"BTK","STK38","RASSF1"
"BTK","TLK1","RASSF1"
"BTK","RET","RASSF1"
"BTK","SHC1","RASSF1"
"BTK","NTRK1","RASSF1"
"BTK","MAPKAPK5","RASSF1"
"BTK","PTPRR","RASSF1"
"BTK","CDKN1B","RASSF1"
"BTK","FBLIM1","RASSF1"
"BTK","GRIP1","RASSF1"
"BTK","CCR2","RASSF1"
"BTK","PSTPIP1","RASSF1"
"BTK","PIK3CG","RASSF1"
"BTK","BCL10","RASSF1"
"BTK","MST1R","RASSF1"
"BTK","WDFY3","RASSF1"
"BTK","PIK3C3","RASSF1"
"BTK","RND1","RASSF1"
"BTK","CTDP1","RASSF1"
"BTK","CLSPN","RASSF1"
"BTK","GRB7","RASSF1"
"BTK","PABIR1","RASSF1"
"BTK","PRKCQ","BCL3"
"BTK","CCP110","BCL3"
"BTK","RPS6K","BCL3"
"BTK","ERK1/2","BCL3"
"BTK","CDK9","BCL3"
"BTK","ABL1","BCL3"
"BTK","RPS6KA5","BCL3"
"BTK","PRKCZ","BCL3"
"BTK","MAP3K7","BCL3"
"BTK","AKT","BCL3"
"BTK","IKBKB","BCL3"
"BTK","DOK1","BCL3"
"BTK","MAP3K4","BCL3"
"BTK","FGG","BCL3"
"BTK","FZR1","BCL3"
"BTK","STAP1","BCL3"
"BTK","SPRED1","BCL3"
"BTK","MAP4K1","BCL3"
"BTK","DDX41","BCL3"
"BTK","SHC1","BCL3"
"BTK","MAPKAPK5","BCL3"
"BTK","PTPRR","BCL3"
"BTK","TEC","BCL3"
"BTK","ARRB2","BCL3"
"BTK","INPP5D","BCL3"
"BTK","CCNE1","BCL3"
"BTK","SH2B2","BCL3"
"BTK","TRPV1","BCL3"
"BTK","PPP1R14A","BCL3"
"BTK","UBXN2B","BCL3"
"BTK","IFIH1","BCL3"
"BTK","TTI1","BCL3"
"BTK","LRP6","BCL3"
"BTK","SPEN","BCL3"
"BTK","TELO2","BCL3"
"BTK","BAZ1B","BCL3"
"BTK","PABIR1","BCL3"
"BTK","MAPK3","NEB"
"BTK","AKT3","NEB"
"BTK","AKT2","NEB"
"BTK","MTOR","NEB"
"BTK","Gbeta","NEB"
"BTK","LCK","NEB"
"BTK","CDK9","NEB"
"BTK","RPS6KA5","NEB"
"BTK","WNK1","NEB"
"BTK","PDPK1","NEB"
"BTK","MAP3K1","NEB"
"BTK","MAP3K7","NEB"
"BTK","IKBKB","NEB"
"BTK","DOK1","NEB"
"BTK","RPS6KA3","NEB"
"BTK","FZR1","NEB"
"BTK","SGK3","NEB"
"BTK","IKBKE","NEB"
"BTK","PTPN7","NEB"
"BTK","C9orf72","NEB"
"BTK","RET","NEB"
"BTK","RELA","NEB"
"BTK","MAPKAPK5","NEB"
"BTK","EPHA2","NEB"
"BTK","MAP3K8","NEB"
"BTK","CDKN1B","NEB"
"BTK","FBLIM1","NEB"
"BTK","VCP","NEB"
"BTK","TMIGD2","NEB"
"BTK","CCR2","NEB"
"BTK","ARRB2","NEB"
"BTK","TRAF3","NEB"
"BTK","CD28","NEB"
"BTK","INPP5D","NEB"
"BTK","FRS2","NEB"
"BTK","CCNE1","NEB"
"BTK","IMPDH2","NEB"
"BTK","SET","NEB"
"BTK","HDAC2","NEB"
"BTK","DDX58","NEB"
"BTK","MST1R","NEB"
"BTK","ROR2","NEB"
"BTK","ABI1","NEB"
"BTK","RAD50","NEB"
"BTK","TTI1","NEB"
"BTK","LRP6","NEB"
"BTK","PIK3C3","NEB"
"BTK","RND1","NEB"
"BTK","SPEN","NEB"
"BTK","BLVRA","NEB"
"BTK","CLSPN","NEB"
"BTK","MAPKAP1","NEB"
"BTK","RBL2","NEB"
"BTK","MAPK3","A6/b4 integrin"
"BTK","CHUK","A6/b4 integrin"
"BTK","AKT2","A6/b4 integrin"
"BTK","PTEN","A6/b4 integrin"
"BTK","PRKCQ","A6/b4 integrin"
"BTK","AKT1","A6/b4 integrin"
"BTK","CCP110","A6/b4 integrin"
"BTK","RPS6K","A6/b4 integrin"
"BTK","ERK1/2","A6/b4 integrin"
"BTK","WNK1","A6/b4 integrin"
"BTK","PDPK1","A6/b4 integrin"
"BTK","SGK1","A6/b4 integrin"
"BTK","PRKCB","A6/b4 integrin"
"BTK","PRKCG","A6/b4 integrin"
"BTK","PRKCZ","A6/b4 integrin"
"BTK","MAP3K1","A6/b4 integrin"
"BTK","MAP3K7","A6/b4 integrin"
"BTK","AKT","A6/b4 integrin"
"BTK","DOK1","A6/b4 integrin"
"BTK","DAPK1","A6/b4 integrin"
"BTK","PXN","A6/b4 integrin"
"BTK","BCL3","A6/b4 integrin"
"BTK","DVL1","A6/b4 integrin"
"BTK","FZR1","A6/b4 integrin"
"BTK","GRB2","A6/b4 integrin"
"BTK","VCPIP1","A6/b4 integrin"
"BTK","SGK3","A6/b4 integrin"
"BTK","PTK6","A6/b4 integrin"
"BTK","STAP1","A6/b4 integrin"
"BTK","PTPN7","A6/b4 integrin"
"BTK","CALM1","A6/b4 integrin"
"BTK","FADD","A6/b4 integrin"
"BTK","TLK1","A6/b4 integrin"
"BTK","CDKN2A","A6/b4 integrin"
"BTK","MAP4K1","A6/b4 integrin"
"BTK","DDX41","A6/b4 integrin"
"BTK","IKK-complex","A6/b4 integrin"
"BTK","SHC1","A6/b4 integrin"
"BTK","RPS6KA4","A6/b4 integrin"
"BTK","NTRK1","A6/b4 integrin"
"BTK","GPSM3","A6/b4 integrin"
"BTK","RELA","A6/b4 integrin"
"BTK","EPHA2","A6/b4 integrin"
"BTK","PTPRR","A6/b4 integrin"
"BTK","CDKN1B","A6/b4 integrin"
"BTK","FBLIM1","A6/b4 integrin"
"BTK","VCP","A6/b4 integrin"
"BTK","TMIGD2","A6/b4 integrin"
"BTK","STIP1","A6/b4 integrin"
"BTK","ARRB2","A6/b4 integrin"
"BTK","TRAF3","A6/b4 integrin"
"BTK","INPP5D","A6/b4 integrin"
"BTK","PIK3CG","A6/b4 integrin"
"BTK","SH2B2","A6/b4 integrin"
"BTK","BCL10","A6/b4 integrin"
"BTK","MRE11","A6/b4 integrin"
"BTK","DDX58","A6/b4 integrin"
"BTK","ROR2","A6/b4 integrin"
"BTK","RAD50","A6/b4 integrin"
"BTK","TTI1","A6/b4 integrin"
"BTK","WDFY3","A6/b4 integrin"
"BTK","LRP6","A6/b4 integrin"
"BTK","GRB14","A6/b4 integrin"
"BTK","PIK3C3","A6/b4 integrin"
"BTK","RND1","A6/b4 integrin"
"BTK","NFKB1","A6/b4 integrin"
"BTK","MAPKAP1","A6/b4 integrin"
"BTK","GRB7","A6/b4 integrin"
"BTK","PLCG2","A6/b4 integrin"
"BTK","RBL2","A6/b4 integrin"
"BTK","PPP1R14B","A6/b4 integrin"
"BTK","TEC","ERBB2"
"BTK","MAPK3","PHLPP1"
"BTK","AKT1","PHLPP1"
"BTK","ERK1/2","PHLPP1"
"BTK","Gbeta","PHLPP1"
"BTK","LCK","PHLPP1"
"BTK","CDK9","PHLPP1"
"BTK","WNK1","PHLPP1"
"BTK","PDPK1","PHLPP1"
"BTK","SGK1","PHLPP1"
"BTK","MAP2K1","PHLPP1"
"BTK","PRKCG","PHLPP1"
"BTK","PRKCZ","PHLPP1"
"BTK","CyclinD/CDK4","PHLPP1"
"BTK","MAP3K1","PHLPP1"
"BTK","MAP3K7","PHLPP1"
"BTK","IKBKB","PHLPP1"
"BTK","WWTR1","PHLPP1"
"BTK","DOK1","PHLPP1"
"BTK","DAPK1","PHLPP1"
"BTK","PXN","PHLPP1"
"BTK","FGG","PHLPP1"
"BTK","LEPR","PHLPP1"
"BTK","RPS6KA3","PHLPP1"
"BTK","BCL3","PHLPP1"
"BTK","FZR1","PHLPP1"
"BTK","ILK","PHLPP1"
"BTK","STAP1","PHLPP1"
"BTK","MEK1/2","PHLPP1"
"BTK","PTPN7","PHLPP1"
"BTK","FADD","PHLPP1"
"BTK","STK38","PHLPP1"
"BTK","CDKN2A","PHLPP1"
"BTK","MAP4K1","PHLPP1"
"BTK","SHC1","PHLPP1"
"BTK","NTRK1","PHLPP1"
"BTK","GPSM3","PHLPP1"
"BTK","MAPKAPK5","PHLPP1"
"BTK","EPHA2","PHLPP1"
"BTK","CDKN1B","PHLPP1"
"BTK","FBLIM1","PHLPP1"
"BTK","VCP","PHLPP1"
"BTK","GRIP1","PHLPP1"
"BTK","TMIGD2","PHLPP1"
"BTK","CCR2","PHLPP1"
"BTK","PSTPIP1","PHLPP1"
"BTK","ARRB2","PHLPP1"
"BTK","CD28","PHLPP1"
"BTK","INPP5D","PHLPP1"
"BTK","CCNE1","PHLPP1"
"BTK","IMPDH2","PHLPP1"
"BTK","PIK3CG","PHLPP1"
"BTK","SH2B2","PHLPP1"
"BTK","AKAP11","PHLPP1"
"BTK","BCL10","PHLPP1"
"BTK","PIK3R6","PHLPP1"
"BTK","MRE11","PHLPP1"
"BTK","HDAC2","PHLPP1"
"BTK","ROR2","PHLPP1"
"BTK","TTI1","PHLPP1"
"BTK","STING1","PHLPP1"
"BTK","SPEN","PHLPP1"
"BTK","CLSPN","PHLPP1"
"BTK","PLCG2","PHLPP1"
"BTK","RBL2","PHLPP1"
"BTK","PLCG2","CALM3"
"BTK","MAPK3","DVL1"
"BTK","AKT3","DVL1"
"BTK","AKT2","DVL1"
"BTK","PRKCQ","DVL1"
"BTK","MTOR","DVL1"
"BTK","CALM2","DVL1"
"BTK","ABL1","DVL1"
"BTK","SGK1","DVL1"
"BTK","MAP2K1","DVL1"
"BTK","PRKCG","DVL1"
"BTK","AKT","DVL1"
"BTK","MAP3K4","DVL1"
"BTK","PXN","DVL1"
"BTK","FGG","DVL1"
"BTK","RPS6KA3","DVL1"
"BTK","BCL3","DVL1"
"BTK","FZR1","DVL1"
"BTK","ATR","DVL1"
"BTK","SGK3","DVL1"
"BTK","PTK6","DVL1"
"BTK","SPRED1","DVL1"
"BTK","MEK1/2","DVL1"
"BTK","PTPN7","DVL1"
"BTK","RET","DVL1"
"BTK","DDX41","DVL1"
"BTK","IKK-complex","DVL1"
"BTK","RPS6KA4","DVL1"
"BTK","NTRK1","DVL1"
"BTK","RELA","DVL1"
"BTK","EPHA2","DVL1"
"BTK","PTPRR","DVL1"
"BTK","VCP","DVL1"
"BTK","PSTPIP1","DVL1"
"BTK","CRTC2","DVL1"
"BTK","CCNE1","DVL1"
"BTK","PIK3CG","DVL1"
"BTK","SH2B2","DVL1"
"BTK","TRPV1","DVL1"
"BTK","PPP1R14A","DVL1"
"BTK","DDX58","DVL1"
"BTK","MST1R","DVL1"
"BTK","ROR2","DVL1"
"BTK","IFIH1","DVL1"
"BTK","TTI1","DVL1"
"BTK","WDFY3","DVL1"
"BTK","LRP6","DVL1"
"BTK","HOXB7","DVL1"
"BTK","PIK3C3","DVL1"
"BTK","RND1","DVL1"
"BTK","TELO2","DVL1"
"BTK","BLVRA","DVL1"
"BTK","MAPKAP1","DVL1"
"BTK","BAZ1B","DVL1"
"BTK","MAPK3","MCL1"
"BTK","AKT2","MCL1"
"BTK","MTOR","MCL1"
"BTK","PRKG1","MCL1"
"BTK","RPS6K","MCL1"
"BTK","CALM2","MCL1"
"BTK","Gbeta","MCL1"
"BTK","LCK","MCL1"
"BTK","CDK9","MCL1"
"BTK","RPS6KA5","MCL1"
"BTK","WNK1","MCL1"
"BTK","PDPK1","MCL1"
"BTK","PRKCB","MCL1"
"BTK","PRKCG","MCL1"
"BTK","PRKCZ","MCL1"
"BTK","MAP3K1","MCL1"
"BTK","WWTR1","MCL1"
"BTK","DOK1","MCL1"
"BTK","MAP3K4","MCL1"
"BTK","DAPK1","MCL1"
"BTK","PXN","MCL1"
"BTK","FGG","MCL1"
"BTK","LEPR","MCL1"
"BTK","ITK","MCL1"
"BTK","RPS6KA3","MCL1"
"BTK","DVL1","MCL1"
"BTK","FZR1","MCL1"
"BTK","ATR","MCL1"
"BTK","PTK6","MCL1"
"BTK","CCND1","MCL1"
"BTK","STAP1","MCL1"
"BTK","SPRED1","MCL1"
"BTK","PTPN7","MCL1"
"BTK","MAP4K1","MCL1"
"BTK","GPSM3","MCL1"
"BTK","MAPKAPK5","MCL1"
"BTK","PTPRR","MCL1"
"BTK","GRIP1","MCL1"
"BTK","HDAC2","MCL1"
"BTK","UBXN2B","MCL1"
"BTK","MST1R","MCL1"
"BTK","TTI1","MCL1"
"BTK","LRP6","MCL1"
"BTK","STING1","MCL1"
"BTK","CTDP1","MCL1"
"BTK","BLVRA","MCL1"
"BTK","CLSPN","MCL1"
"BTK","AKT3","NUMA1"
"BTK","PTEN","NUMA1"
"BTK","PRKCQ","NUMA1"
"BTK","AKT1","NUMA1"
"BTK","RPS6K","NUMA1"
"BTK","ERK1/2","NUMA1"
"BTK","Gbeta","NUMA1"
"BTK","CDK9","NUMA1"
"BTK","ABL1","NUMA1"
"BTK","RPS6KA5","NUMA1"
"BTK","CyclinD/CDK4","NUMA1"
"BTK","MAP3K1","NUMA1"
"BTK","IKBKB","NUMA1"
"BTK","DAPK1","NUMA1"
"BTK","ITK","NUMA1"
"BTK","SGK3","NUMA1"
"BTK","ILK","NUMA1"
"BTK","STAP1","NUMA1"
"BTK","MEK1/2","NUMA1"
"BTK","C9orf72","NUMA1"
"BTK","MAP4K1","NUMA1"
"BTK","RET","NUMA1"
"BTK","DDX41","NUMA1"
"BTK","SHC1","NUMA1"
"BTK","CDKN1B","NUMA1"
"BTK","STIP1","NUMA1"
"BTK","CRTC2","NUMA1"
"BTK","CCNE1","NUMA1"
"BTK","SET","NUMA1"
"BTK","TRPV1","NUMA1"
"BTK","PIK3R6","NUMA1"
"BTK","UBXN2B","NUMA1"
"BTK","MST1R","NUMA1"
"BTK","ABI1","NUMA1"
"BTK","GRB14","NUMA1"
"BTK","PIK3C3","NUMA1"
"BTK","NFKB1","NUMA1"
"BTK","BAZ1B","NUMA1"
"BTK","PLCG2","NUMA1"
"BTK","RBL2","NUMA1"
"BTK","PABIR1","NUMA1"
"BTK","MAPK3","FZR1"
"BTK","AKT3","FZR1"
"BTK","AKT2","FZR1"
"BTK","AKT1","FZR1"
"BTK","RPS6K","FZR1"
"BTK","CDK9","FZR1"
"BTK","RPS6KA5","FZR1"
"BTK","MAP2K1","FZR1"
"BTK","PRKCZ","FZR1"
"BTK","LEPR","FZR1"
"BTK","ITK","FZR1"
"BTK","RPS6KA3","FZR1"
"BTK","DVL1","FZR1"
"BTK","GRB2","FZR1"
"BTK","SGK3","FZR1"
"BTK","IKBKE","FZR1"
"BTK","ILK","FZR1"
"BTK","STAP1","FZR1"
"BTK","TBK1","FZR1"
"BTK","TLK1","FZR1"
"BTK","DDX41","FZR1"
"BTK","IKK-complex","FZR1"
"BTK","GPSM3","FZR1"
"BTK","EPHA2","FZR1"
"BTK","MAP3K8","FZR1"
"BTK","PTPRR","FZR1"
"BTK","CDKN1B","FZR1"
"BTK","FBLIM1","FZR1"
"BTK","VCP","FZR1"
"BTK","TMIGD2","FZR1"
"BTK","ARRB2","FZR1"
"BTK","TRAF3","FZR1"
"BTK","CD28","FZR1"
"BTK","FRS2","FZR1"
"BTK","CCNE1","FZR1"
"BTK","IMPDH2","FZR1"
"BTK","SET","FZR1"
"BTK","SH2B2","FZR1"
"BTK","TRPV1","FZR1"
"BTK","MRE11","FZR1"
"BTK","UBXN2B","FZR1"
"BTK","RAD50","FZR1"
"BTK","WDFY3","FZR1"
"BTK","GRB14","FZR1"
"BTK","HOXB7","FZR1"
"BTK","PIK3C3","FZR1"
"BTK","STING1","FZR1"
"BTK","SPEN","FZR1"
"BTK","NFKB1","FZR1"
"BTK","CTDP1","FZR1"
"BTK","BLVRA","FZR1"
"BTK","PLCG2","FZR1"
"BTK","PPP1R14B","FZR1"
"BTK","PABIR1","FZR1"
"BTK","AKT3","GRB2"
"BTK","CHUK","GRB2"
"BTK","AKT2","GRB2"
"BTK","PRKCQ","GRB2"
"BTK","MTOR","GRB2"
"BTK","AKT1","GRB2"
"BTK","CCP110","GRB2"
"BTK","CALM2","GRB2"
"BTK","ERK1/2","GRB2"
"BTK","CDK9","GRB2"
"BTK","WNK1","GRB2"
"BTK","PDPK1","GRB2"
"BTK","MAP2K1","GRB2"
"BTK","PRKCG","GRB2"
"BTK","PRKCZ","GRB2"
"BTK","CyclinD/CDK4","GRB2"
"BTK","AKT","GRB2"
"BTK","DAPK1","GRB2"
"BTK","PXN","GRB2"
"BTK","FGG","GRB2"
"BTK","LEPR","GRB2"
"BTK","RPS6KA3","GRB2"
"BTK","BCL3","GRB2"
"BTK","DVL1","GRB2"
"BTK","VCPIP1","GRB2"
"BTK","PTK6","GRB2"
"BTK","IKBKE","GRB2"
"BTK","CCND1","GRB2"
"BTK","TBK1","GRB2"
"BTK","SPRED1","GRB2"
"BTK","CALM1","GRB2"
"BTK","FADD","GRB2"
"BTK","TLK1","GRB2"
"BTK","C9orf72","GRB2"
"BTK","CDKN2A","GRB2"
"BTK","IKK-complex","GRB2"
"BTK","SHC1","GRB2"
"BTK","RPS6KA4","GRB2"
"BTK","NTRK1","GRB2"
"BTK","MAP3K8","GRB2"
"BTK","PTPRR","GRB2"
"BTK","CDKN1B","GRB2"
"BTK","FBLIM1","GRB2"
"BTK","TMIGD2","GRB2"
"BTK","ARRB2","GRB2"
"BTK","CRTC2","GRB2"
"BTK","INPP5D","GRB2"
"BTK","CCNE1","GRB2"
"BTK","SET","GRB2"
"BTK","PIK3CG","GRB2"
"BTK","PPP1R14A","GRB2"
"BTK","BCL10","GRB2"
"BTK","PIK3R6","GRB2"
"BTK","KSR1","GRB2"
"BTK","DDX58","GRB2"
"BTK","UBXN2B","GRB2"
"BTK","ROR2","GRB2"
"BTK","ABI1","GRB2"
"BTK","IFIH1","GRB2"
"BTK","RAD50","GRB2"
"BTK","TTI1","GRB2"
"BTK","WDFY3","GRB2"
"BTK","GRB14","GRB2"
"BTK","HOXB7","GRB2"
"BTK","STING1","GRB2"
"BTK","SPEN","GRB2"
"BTK","TELO2","GRB2"
"BTK","BLVRA","GRB2"
"BTK","MAPKAP1","GRB2"
"BTK","GRB7","GRB2"
"BTK","BAZ1B","GRB2"
"BTK","RBL2","GRB2"
"BTK","PPP1R14B","GRB2"
"BTK","PABIR1","GRB2"
"BTK","MAPK3","CD19"
"BTK","CHUK","CD19"
"BTK","AKT2","CD19"
"BTK","MTOR","CD19"
"BTK","AKT1","CD19"
"BTK","PRKG1","CD19"
"BTK","CCP110","CD19"
"BTK","RPS6K","CD19"
"BTK","CALM2","CD19"
"BTK","ERK1/2","CD19"
"BTK","LCK","CD19"
"BTK","CDK9","CD19"
"BTK","RPS6KA5","CD19"
"BTK","WNK1","CD19"
"BTK","SGK1","CD19"
"BTK","PRKCB","CD19"
"BTK","PRKCG","CD19"
"BTK","PRKCZ","CD19"
"BTK","CyclinD/CDK4","CD19"
"BTK","MAP3K1","CD19"
"BTK","IKBKB","CD19"
"BTK","WWTR1","CD19"
"BTK","DOK1","CD19"
"BTK","RPS6KA3","CD19"
"BTK","BCL3","CD19"
"BTK","DVL1","CD19"
"BTK","FZR1","CD19"
"BTK","VCPIP1","CD19"
"BTK","SGK3","CD19"
"BTK","PTK6","CD19"
"BTK","CCND1","CD19"
"BTK","STAP1","CD19"
"BTK","TBK1","CD19"
"BTK","FADD","CD19"
"BTK","MAP4K1","CD19"
"BTK","RET","CD19"
"BTK","DDX41","CD19"
"BTK","IKK-complex","CD19"
"BTK","SHC1","CD19"
"BTK","RPS6KA4","CD19"
"BTK","NTRK1","CD19"
"BTK","GPSM3","CD19"
"BTK","RELA","CD19"
"BTK","MAPKAPK5","CD19"
"BTK","EPHA2","CD19"
"BTK","MAP3K8","CD19"
"BTK","CDKN1B","CD19"
"BTK","FBLIM1","CD19"
"BTK","GRIP1","CD19"
"BTK","TRAF3","CD19"
"BTK","FRS2","CD19"
"BTK","SET","CD19"
"BTK","PIK3CG","CD19"
"BTK","PPP1R14A","CD19"
"BTK","BCL10","CD19"
"BTK","PIK3R6","CD19"
"BTK","KSR1","CD19"
"BTK","MST1R","CD19"
"BTK","ROR2","CD19"
"BTK","ABI1","CD19"
"BTK","RAD50","CD19"
"BTK","TTI1","CD19"
"BTK","WDFY3","CD19"
"BTK","LRP6","CD19"
"BTK","GRB14","CD19"
"BTK","STING1","CD19"
"BTK","CTDP1","CD19"
"BTK","TELO2","CD19"
"BTK","CLSPN","CD19"
"BTK","BAZ1B","CD19"
"BTK","PPP1R14B","CD19"
"BTK","PABIR1","CD19"
"BTK","MAPK3","VCPIP1"
"BTK","CHUK","VCPIP1"
"BTK","AKT2","VCPIP1"
"BTK","PTEN","VCPIP1"
"BTK","PRKCQ","VCPIP1"
"BTK","MTOR","VCPIP1"
"BTK","CALM2","VCPIP1"
"BTK","Gbeta","VCPIP1"
"BTK","CDK9","VCPIP1"
"BTK","RPS6KA5","VCPIP1"
"BTK","WNK1","VCPIP1"
"BTK","PDPK1","VCPIP1"
"BTK","SGK1","VCPIP1"
"BTK","MAP2K1","VCPIP1"
"BTK","PRKCG","VCPIP1"
"BTK","PRKCZ","VCPIP1"
"BTK","CyclinD/CDK4","VCPIP1"
"BTK","MAP3K1","VCPIP1"
"BTK","MAP3K7","VCPIP1"
"BTK","IKBKB","VCPIP1"
"BTK","DOK1","VCPIP1"
"BTK","DAPK1","VCPIP1"
"BTK","PXN","VCPIP1"
"BTK","FGG","VCPIP1"
"BTK","LEPR","VCPIP1"
"BTK","FZR1","VCPIP1"
"BTK","GRB2","VCPIP1"
"BTK","ATR","VCPIP1"
"BTK","SGK3","VCPIP1"
"BTK","IKBKE","VCPIP1"
"BTK","CCND1","VCPIP1"
"BTK","ILK","VCPIP1"
"BTK","STAP1","VCPIP1"
"BTK","TBK1","VCPIP1"
"BTK","SPRED1","VCPIP1"
"BTK","MEK1/2","VCPIP1"
"BTK","PTPN7","VCPIP1"
"BTK","STK38","VCPIP1"
"BTK","TLK1","VCPIP1"
"BTK","CDKN2A","VCPIP1"
"BTK","RET","VCPIP1"
"BTK","DDX41","VCPIP1"
"BTK","IKK-complex","VCPIP1"
"BTK","SHC1","VCPIP1"
"BTK","RPS6KA4","VCPIP1"
"BTK","NTRK1","VCPIP1"
"BTK","PTPRR","VCPIP1"
"BTK","CDKN1B","VCPIP1"
"BTK","VCP","VCPIP1"
"BTK","GRIP1","VCPIP1"
"BTK","TMIGD2","VCPIP1"
"BTK","CCR2","VCPIP1"
"BTK","STIP1","VCPIP1"
"BTK","ARRB2","VCPIP1"
"BTK","TRAF3","VCPIP1"
"BTK","CD28","VCPIP1"
"BTK","INPP5D","VCPIP1"
"BTK","IMPDH2","VCPIP1"
"BTK","PIK3CG","VCPIP1"
"BTK","SH2B2","VCPIP1"
"BTK","TRPV1","VCPIP1"
"BTK","PPP1R14A","VCPIP1"
"BTK","PIK3R6","VCPIP1"
"BTK","MRE11","VCPIP1"
"BTK","MST1R","VCPIP1"
"BTK","ROR2","VCPIP1"
"BTK","RAD50","VCPIP1"
"BTK","GRB14","VCPIP1"
"BTK","HOXB7","VCPIP1"
"BTK","STING1","VCPIP1"
"BTK","SPEN","VCPIP1"
"BTK","NFKB1","VCPIP1"
"BTK","CTDP1","VCPIP1"
"BTK","TELO2","VCPIP1"
"BTK","BLVRA","VCPIP1"
"BTK","MAPKAP1","VCPIP1"
"BTK","BAZ1B","VCPIP1"
"BTK","PLCG2","VCPIP1"
"BTK","RBL2","VCPIP1"
"BTK","MAPK3","PTPN11"
"BTK","CHUK","PTPN11"
"BTK","MTOR","PTPN11"
"BTK","AKT1","PTPN11"
"BTK","RPS6K","PTPN11"
"BTK","ERK1/2","PTPN11"
"BTK","ABL1","PTPN11"
"BTK","PDPK1","PTPN11"
"BTK","SGK1","PTPN11"
"BTK","MAP2K1","PTPN11"
"BTK","PRKCG","PTPN11"
"BTK","PRKCZ","PTPN11"
"BTK","MAP3K7","PTPN11"
"BTK","AKT","PTPN11"
"BTK","WWTR1","PTPN11"
"BTK","LEPR","PTPN11"
"BTK","BCL3","PTPN11"
"BTK","VCPIP1","PTPN11"
"BTK","SGK3","PTPN11"
"BTK","ILK","PTPN11"
"BTK","STAP1","PTPN11"
"BTK","TBK1","PTPN11"
"BTK","SPRED1","PTPN11"
"BTK","MEK1/2","PTPN11"
"BTK","PTPN7","PTPN11"
"BTK","CALM1","PTPN11"
"BTK","FADD","PTPN11"
"BTK","STK38","PTPN11"
"BTK","C9orf72","PTPN11"
"BTK","CDKN2A","PTPN11"
"BTK","IKK-complex","PTPN11"
"BTK","GPSM3","PTPN11"
"BTK","PTPRR","PTPN11"
"BTK","CDKN1B","PTPN11"
"BTK","FBLIM1","PTPN11"
"BTK","TEC","PTPN11"
"BTK","VCP","PTPN11"
"BTK","TMIGD2","PTPN11"
"BTK","CCR2","PTPN11"
"BTK","PSTPIP1","PTPN11"
"BTK","ARRB2","PTPN11"
"BTK","TRAF3","PTPN11"
"BTK","CCNE1","PTPN11"
"BTK","IMPDH2","PTPN11"
"BTK","SET","PTPN11"
"BTK","PIK3CG","PTPN11"
"BTK","SH2B2","PTPN11"
"BTK","TRPV1","PTPN11"
"BTK","PPP1R14A","PTPN11"
"BTK","MRE11","PTPN11"
"BTK","DDX58","PTPN11"
"BTK","UBXN2B","PTPN11"
"BTK","ROR2","PTPN11"
"BTK","ABI1","PTPN11"
"BTK","GRB14","PTPN11"
"BTK","HOXB7","PTPN11"
"BTK","RND1","PTPN11"
"BTK","STING1","PTPN11"
"BTK","CTDP1","PTPN11"
"BTK","BLVRA","PTPN11"
"BTK","CLSPN","PTPN11"
"BTK","MAPKAP1","PTPN11"
"BTK","BAZ1B","PTPN11"
"BTK","RBL2","PTPN11"
"BTK","PPP1R14B","PTPN11"
"BTK","MAPK3","STAT1"
"BTK","PRKCQ","STAT1"
"BTK","MTOR","STAT1"
"BTK","AKT1","STAT1"
"BTK","PRKG1","STAT1"
"BTK","RPS6K","STAT1"
"BTK","CALM2","STAT1"
"BTK","ERK1/2","STAT1"
"BTK","LCK","STAT1"
"BTK","CDK9","STAT1"
"BTK","ABL1","STAT1"
"BTK","RPS6KA5","STAT1"
"BTK","WNK1","STAT1"
"BTK","PDPK1","STAT1"
"BTK","PRKCB","STAT1"
"BTK","PRKCG","STAT1"
"BTK","PRKCZ","STAT1"
"BTK","MAP3K1","STAT1"
"BTK","MAP3K7","STAT1"
"BTK","AKT","STAT1"
"BTK","IKBKB","STAT1"
"BTK","WWTR1","STAT1"
"BTK","DOK1","STAT1"
"BTK","DAPK1","STAT1"
"BTK","PXN","STAT1"
"BTK","FGG","STAT1"
"BTK","ITK","STAT1"
"BTK","RPS6KA3","STAT1"
"BTK","BCL3","STAT1"
"BTK","DVL1","STAT1"
"BTK","FZR1","STAT1"
"BTK","GRB2","STAT1"
"BTK","VCPIP1","STAT1"
"BTK","ATR","STAT1"
"BTK","SGK3","STAT1"
"BTK","PTK6","STAT1"
"BTK","CCND1","STAT1"
"BTK","ILK","STAT1"
"BTK","SPRED1","STAT1"
"BTK","CALM1","STAT1"
"BTK","FADD","STAT1"
"BTK","STK38","STAT1"
"BTK","TLK1","STAT1"
"BTK","C9orf72","STAT1"
"BTK","CDKN2A","STAT1"
"BTK","RET","STAT1"
"BTK","DDX41","STAT1"
"BTK","IKK-complex","STAT1"
"BTK","SHC1","STAT1"
"BTK","RPS6KA4","STAT1"
"BTK","GPSM3","STAT1"
"BTK","EPHA2","STAT1"
"BTK","MAP3K8","STAT1"
"BTK","PTPRR","STAT1"
"BTK","CDKN1B","STAT1"
"BTK","FBLIM1","STAT1"
"BTK","VCP","STAT1"
"BTK","TMIGD2","STAT1"
"BTK","PSTPIP1","STAT1"
"BTK","TRAF3","STAT1"
"BTK","CRTC2","STAT1"
"BTK","CD28","STAT1"
"BTK","FRS2","STAT1"
"BTK","CCNE1","STAT1"
"BTK","IMPDH2","STAT1"
"BTK","SET","STAT1"
"BTK","PIK3CG","STAT1"
"BTK","SH2B2","STAT1"
"BTK","TRPV1","STAT1"
"BTK","PPP1R14A","STAT1"
"BTK","BCL10","STAT1"
"BTK","PIK3R6","STAT1"
"BTK","MRE11","STAT1"
"BTK","HDAC2","STAT1"
"BTK","KSR1","STAT1"
"BTK","DDX58","STAT1"
"BTK","UBXN2B","STAT1"
"BTK","ROR2","STAT1"
"BTK","IFIH1","STAT1"
"BTK","TTI1","STAT1"
"BTK","WDFY3","STAT1"
"BTK","LRP6","STAT1"
"BTK","GRB14","STAT1"
"BTK","HOXB7","STAT1"
"BTK","PIK3C3","STAT1"
"BTK","RND1","STAT1"
"BTK","STING1","STAT1"
"BTK","SPEN","STAT1"
"BTK","NFKB1","STAT1"
"BTK","CTDP1","STAT1"
"BTK","BLVRA","STAT1"
"BTK","CLSPN","STAT1"
"BTK","MAPKAP1","STAT1"
"BTK","GRB7","STAT1"
"BTK","BAZ1B","STAT1"
"BTK","PLCG2","STAT1"
"BTK","PPP1R14B","STAT1"
"BTK","PABIR1","STAT1"
"BTK","DDX41","NFKBIA"
"BTK","STING1","NFKBIA"
"BTK","MAPK3","ITGAL"
"BTK","AKT3","ITGAL"
"BTK","CHUK","ITGAL"
"BTK","AKT2","ITGAL"
"BTK","PTEN","ITGAL"
"BTK","PRKCQ","ITGAL"
"BTK","AKT1","ITGAL"
"BTK","PRKG1","ITGAL"
"BTK","CCP110","ITGAL"
"BTK","RPS6K","ITGAL"
"BTK","CALM2","ITGAL"
"BTK","ERK1/2","ITGAL"
"BTK","LCK","ITGAL"
"BTK","CDK9","ITGAL"
"BTK","RPS6KA5","ITGAL"
"BTK","MAP2K1","ITGAL"
"BTK","MAP3K7","ITGAL"
"BTK","IKBKB","ITGAL"
"BTK","MAP3K4","ITGAL"
"BTK","FGG","ITGAL"
"BTK","LEPR","ITGAL"
"BTK","BCL3","ITGAL"
"BTK","FZR1","ITGAL"
"BTK","GRB2","ITGAL"
"BTK","ATR","ITGAL"
"BTK","SPRED1","ITGAL"
"BTK","MEK1/2","ITGAL"
"BTK","PTPN7","ITGAL"
"BTK","CALM1","ITGAL"
"BTK","STK38","ITGAL"
"BTK","TLK1","ITGAL"
"BTK","C9orf72","ITGAL"
"BTK","CDKN2A","ITGAL"
"BTK","MAP4K1","ITGAL"
"BTK","SHC1","ITGAL"
"BTK","NTRK1","ITGAL"
"BTK","GPSM3","ITGAL"
"BTK","MAP3K8","ITGAL"
"BTK","CDKN1B","ITGAL"
"BTK","VCP","ITGAL"
"BTK","GRIP1","ITGAL"
"BTK","ARRB2","ITGAL"
"BTK","INPP5D","ITGAL"
"BTK","FRS2","ITGAL"
"BTK","TRPV1","ITGAL"
"BTK","PPP1R14A","ITGAL"
"BTK","KSR1","ITGAL"
"BTK","MST1R","ITGAL"
"BTK","ROR2","ITGAL"
"BTK","WDFY3","ITGAL"
"BTK","GRB14","ITGAL"
"BTK","HOXB7","ITGAL"
"BTK","STING1","ITGAL"
"BTK","SPEN","ITGAL"
"BTK","NFKB1","ITGAL"
"BTK","CTDP1","ITGAL"
"BTK","MAPKAP1","ITGAL"
"BTK","GRB7","ITGAL"
"BTK","BAZ1B","ITGAL"
"BTK","PLCG2","ITGAL"
"BTK","RBL2","ITGAL"
"BTK","AKT3","ATR"
"BTK","CHUK","ATR"
"BTK","PTEN","ATR"
"BTK","ERK1/2","ATR"
"BTK","RPS6KA5","ATR"
"BTK","WNK1","ATR"
"BTK","PDPK1","ATR"
"BTK","PRKCB","ATR"
"BTK","MAP3K7","ATR"
"BTK","MAP3K4","ATR"
"BTK","PTK6","ATR"
"BTK","TLK1","ATR"
"BTK","C9orf72","ATR"
"BTK","DDX41","ATR"
"BTK","NTRK1","ATR"
"BTK","GPSM3","ATR"
"BTK","MAPKAPK5","ATR"
"BTK","EPHA2","ATR"
"BTK","PTPRR","ATR"
"BTK","CDKN1B","ATR"
"BTK","GRIP1","ATR"
"BTK","TMIGD2","ATR"
"BTK","CCR2","ATR"
"BTK","STIP1","ATR"
"BTK","ARRB2","ATR"
"BTK","TRAF3","ATR"
"BTK","INPP5D","ATR"
"BTK","TRPV1","ATR"
"BTK","MRE11","ATR"
"BTK","KSR1","ATR"
"BTK","UBXN2B","ATR"
"BTK","IFIH1","ATR"
"BTK","NFKB1","ATR"
"BTK","CTDP1","ATR"
"BTK","BLVRA","ATR"
"BTK","CLSPN","ATR"
"BTK","GRB7","ATR"
"BTK","BAZ1B","ATR"
"BTK","PLCG2","ATR"
"BTK","PABIR1","ATR"
"BTK","MAPK3","NBR1"
"BTK","AKT3","NBR1"
"BTK","CHUK","NBR1"
"BTK","PRKCQ","NBR1"
"BTK","MTOR","NBR1"
"BTK","AKT1","NBR1"
"BTK","PRKG1","NBR1"
"BTK","CALM2","NBR1"
"BTK","ERK1/2","NBR1"
"BTK","Gbeta","NBR1"
"BTK","LCK","NBR1"
"BTK","ABL1","NBR1"
"BTK","WNK1","NBR1"
"BTK","PDPK1","NBR1"
"BTK","PRKCB","NBR1"
"BTK","PRKCG","NBR1"
"BTK","CyclinD/CDK4","NBR1"
"BTK","MAP3K1","NBR1"
"BTK","MAP3K7","NBR1"
"BTK","AKT","NBR1"
"BTK","IKBKB","NBR1"
"BTK","WWTR1","NBR1"
"BTK","MAP3K4","NBR1"
"BTK","LEPR","NBR1"
"BTK","RPS6KA3","NBR1"
"BTK","DVL1","NBR1"
"BTK","VCPIP1","NBR1"
"BTK","ATR","NBR1"
"BTK","PTK6","NBR1"
"BTK","IKBKE","NBR1"
"BTK","CCND1","NBR1"
"BTK","TBK1","NBR1"
"BTK","SPRED1","NBR1"
"BTK","MEK1/2","NBR1"
"BTK","PTPN7","NBR1"
"BTK","CALM1","NBR1"
"BTK","FADD","NBR1"
"BTK","STK38","NBR1"
"BTK","TLK1","NBR1"
"BTK","C9orf72","NBR1"
"BTK","CDKN2A","NBR1"
"BTK","RET","NBR1"
"BTK","DDX41","NBR1"
"BTK","IKK-complex","NBR1"
"BTK","SHC1","NBR1"
"BTK","RPS6KA4","NBR1"
"BTK","NTRK1","NBR1"
"BTK","RELA","NBR1"
"BTK","MAP3K8","NBR1"
"BTK","PTPRR","NBR1"
"BTK","FBLIM1","NBR1"
"BTK","TEC","NBR1"
"BTK","VCP","NBR1"
"BTK","GRIP1","NBR1"
"BTK","TMIGD2","NBR1"
"BTK","STIP1","NBR1"
"BTK","PSTPIP1","NBR1"
"BTK","ARRB2","NBR1"
"BTK","CRTC2","NBR1"
"BTK","INPP5D","NBR1"
"BTK","CCNE1","NBR1"
"BTK","IMPDH2","NBR1"
"BTK","SET","NBR1"
"BTK","PIK3CG","NBR1"
"BTK","SH2B2","NBR1"
"BTK","TRPV1","NBR1"
"BTK","PIK3R6","NBR1"
"BTK","MRE11","NBR1"
"BTK","HDAC2","NBR1"
"BTK","ROR2","NBR1"
"BTK","IFIH1","NBR1"
"BTK","RAD50","NBR1"
"BTK","TTI1","NBR1"
"BTK","GRB14","NBR1"
"BTK","HOXB7","NBR1"
"BTK","PIK3C3","NBR1"
"BTK","STING1","NBR1"
"BTK","SPEN","NBR1"
"BTK","NFKB1","NBR1"
"BTK","CTDP1","NBR1"
"BTK","TELO2","NBR1"
"BTK","BLVRA","NBR1"
"BTK","CLSPN","NBR1"
"BTK","MAPKAP1","NBR1"
"BTK","GRB7","NBR1"
"BTK","BAZ1B","NBR1"
"BTK","PLCG2","NBR1"
"BTK","RBL2","NBR1"
"BTK","PPP1R14B","NBR1"
"BTK","PABIR1","NBR1"
"BTK","MAPK3","TP53RK"
"BTK","AKT3","TP53RK"
"BTK","CHUK","TP53RK"
"BTK","AKT2","TP53RK"
"BTK","PRKCQ","TP53RK"
"BTK","MTOR","TP53RK"
"BTK","PRKG1","TP53RK"
"BTK","CCP110","TP53RK"
"BTK","RPS6K","TP53RK"
"BTK","CALM2","TP53RK"
"BTK","Gbeta","TP53RK"
"BTK","LCK","TP53RK"
"BTK","ABL1","TP53RK"
"BTK","RPS6KA5","TP53RK"
"BTK","PDPK1","TP53RK"
"BTK","MAP2K1","TP53RK"
"BTK","PRKCG","TP53RK"
"BTK","PRKCZ","TP53RK"
"BTK","CyclinD/CDK4","TP53RK"
"BTK","AKT","TP53RK"
"BTK","IKBKB","TP53RK"
"BTK","WWTR1","TP53RK"
"BTK","MAP3K4","TP53RK"
"BTK","PXN","TP53RK"
"BTK","FGG","TP53RK"
"BTK","LEPR","TP53RK"
"BTK","BCL3","TP53RK"
"BTK","FZR1","TP53RK"
"BTK","VCPIP1","TP53RK"
"BTK","SGK3","TP53RK"
"BTK","IKBKE","TP53RK"
"BTK","CCND1","TP53RK"
"BTK","ILK","TP53RK"
"BTK","TBK1","TP53RK"
"BTK","SPRED1","TP53RK"
"BTK","MEK1/2","TP53RK"
"BTK","PTPN7","TP53RK"
"BTK","CALM1","TP53RK"
"BTK","FADD","TP53RK"
"BTK","TLK1","TP53RK"
"BTK","CDKN2A","TP53RK"
"BTK","MAP4K1","TP53RK"
"BTK","DDX41","TP53RK"
"BTK","IKK-complex","TP53RK"
"BTK","SHC1","TP53RK"
"BTK","RPS6KA4","TP53RK"
"BTK","NTRK1","TP53RK"
"BTK","GPSM3","TP53RK"
"BTK","RELA","TP53RK"
"BTK","MAPKAPK5","TP53RK"
"BTK","EPHA2","TP53RK"
"BTK","MAP3K8","TP53RK"
"BTK","PTPRR","TP53RK"
"BTK","FBLIM1","TP53RK"
"BTK","TEC","TP53RK"
"BTK","VCP","TP53RK"
"BTK","TMIGD2","TP53RK"
"BTK","CCR2","TP53RK"
"BTK","STIP1","TP53RK"
"BTK","PSTPIP1","TP53RK"
"BTK","ARRB2","TP53RK"
"BTK","TRAF3","TP53RK"
"BTK","CRTC2","TP53RK"
"BTK","INPP5D","TP53RK"
"BTK","FRS2","TP53RK"
"BTK","IMPDH2","TP53RK"
"BTK","SET","TP53RK"
"BTK","SH2B2","TP53RK"
"BTK","PPP1R14A","TP53RK"
"BTK","BCL10","TP53RK"
"BTK","PIK3R6","TP53RK"
"BTK","MRE11","TP53RK"
"BTK","DDX58","TP53RK"
"BTK","UBXN2B","TP53RK"
"BTK","ROR2","TP53RK"
"BTK","IFIH1","TP53RK"
"BTK","RAD50","TP53RK"
"BTK","WDFY3","TP53RK"
"BTK","HOXB7","TP53RK"
"BTK","PIK3C3","TP53RK"
"BTK","STING1","TP53RK"
"BTK","BLVRA","TP53RK"
"BTK","CLSPN","TP53RK"
"BTK","GRB7","TP53RK"
"BTK","BAZ1B","TP53RK"
"BTK","PLCG2","TP53RK"
"BTK","RBL2","TP53RK"
"BTK","PPP1R14B","TP53RK"
"BTK","AKT2","SGK3"
"BTK","PTEN","SGK3"
"BTK","PRKCQ","SGK3"
"BTK","MTOR","SGK3"
"BTK","AKT1","SGK3"
"BTK","CALM2","SGK3"
"BTK","ERK1/2","SGK3"
"BTK","CDK9","SGK3"
"BTK","SGK1","SGK3"
"BTK","MAP2K1","SGK3"
"BTK","PRKCB","SGK3"
"BTK","CyclinD/CDK4","SGK3"
"BTK","AKT","SGK3"
"BTK","IKBKB","SGK3"
"BTK","WWTR1","SGK3"
"BTK","MAP3K4","SGK3"
"BTK","DAPK1","SGK3"
"BTK","FGG","SGK3"
"BTK","LEPR","SGK3"
"BTK","RPS6KA3","SGK3"
"BTK","BCL3","SGK3"
"BTK","FZR1","SGK3"
"BTK","GRB2","SGK3"
"BTK","ATR","SGK3"
"BTK","PTK6","SGK3"
"BTK","IKBKE","SGK3"
"BTK","CCND1","SGK3"
"BTK","ILK","SGK3"
"BTK","TBK1","SGK3"
"BTK","CDKN2A","SGK3"
"BTK","MAP4K1","SGK3"
"BTK","SHC1","SGK3"
"BTK","NTRK1","SGK3"
"BTK","EPHA2","SGK3"
"BTK","TEC","SGK3"
"BTK","STIP1","SGK3"
"BTK","FRS2","SGK3"
"BTK","CCNE1","SGK3"
"BTK","SET","SGK3"
"BTK","SH2B2","SGK3"
"BTK","PPP1R14A","SGK3"
"BTK","PIK3R6","SGK3"
"BTK","MRE11","SGK3"
"BTK","MST1R","SGK3"
"BTK","ABI1","SGK3"
"BTK","TTI1","SGK3"
"BTK","RND1","SGK3"
"BTK","BLVRA","SGK3"
"BTK","PPP1R14B","SGK3"
"BTK","AKT2","HSP90AB1"
"BTK","PTEN","HSP90AB1"
"BTK","LCK","HSP90AB1"
"BTK","RPS6KA5","HSP90AB1"
"BTK","WNK1","HSP90AB1"
"BTK","SGK1","HSP90AB1"
"BTK","PRKCB","HSP90AB1"
"BTK","CyclinD/CDK4","HSP90AB1"
"BTK","MAP3K7","HSP90AB1"
"BTK","MAP3K4","HSP90AB1"
"BTK","DAPK1","HSP90AB1"
"BTK","PXN","HSP90AB1"
"BTK","FGG","HSP90AB1"
"BTK","LEPR","HSP90AB1"
"BTK","ITK","HSP90AB1"
"BTK","RPS6KA3","HSP90AB1"
"BTK","BCL3","HSP90AB1"
"BTK","DVL1","HSP90AB1"
"BTK","FZR1","HSP90AB1"
"BTK","VCPIP1","HSP90AB1"
"BTK","IKBKE","HSP90AB1"
"BTK","CCND1","HSP90AB1"
"BTK","ILK","HSP90AB1"
"BTK","STAP1","HSP90AB1"
"BTK","TBK1","HSP90AB1"
"BTK","MEK1/2","HSP90AB1"
"BTK","PTPN7","HSP90AB1"
"BTK","CALM1","HSP90AB1"
"BTK","FADD","HSP90AB1"
"BTK","STK38","HSP90AB1"
"BTK","C9orf72","HSP90AB1"
"BTK","MAP4K1","HSP90AB1"
"BTK","DDX41","HSP90AB1"
"BTK","IKK-complex","HSP90AB1"
"BTK","RPS6KA4","HSP90AB1"
"BTK","NTRK1","HSP90AB1"
"BTK","GPSM3","HSP90AB1"
"BTK","RELA","HSP90AB1"
"BTK","MAPKAPK5","HSP90AB1"
"BTK","MAP3K8","HSP90AB1"
"BTK","PTPRR","HSP90AB1"
"BTK","TEC","HSP90AB1"
"BTK","VCP","HSP90AB1"
"BTK","GRIP1","HSP90AB1"
"BTK","TMIGD2","HSP90AB1"
"BTK","CCR2","HSP90AB1"
"BTK","STIP1","HSP90AB1"
"BTK","ARRB2","HSP90AB1"
"BTK","TRAF3","HSP90AB1"
"BTK","CRTC2","HSP90AB1"
"BTK","CD28","HSP90AB1"
"BTK","INPP5D","HSP90AB1"
"BTK","FRS2","HSP90AB1"
"BTK","CCNE1","HSP90AB1"
"BTK","IMPDH2","HSP90AB1"
"BTK","PIK3CG","HSP90AB1"
"BTK","SH2B2","HSP90AB1"
"BTK","TRPV1","HSP90AB1"
"BTK","PPP1R14A","HSP90AB1"
"BTK","PIK3R6","HSP90AB1"
"BTK","MRE11","HSP90AB1"
"BTK","HDAC2","HSP90AB1"
"BTK","DDX58","HSP90AB1"
"BTK","UBXN2B","HSP90AB1"
"BTK","MST1R","HSP90AB1"
"BTK","ROR2","HSP90AB1"
"BTK","IFIH1","HSP90AB1"
"BTK","WDFY3","HSP90AB1"
"BTK","LRP6","HSP90AB1"
"BTK","GRB14","HSP90AB1"
"BTK","HOXB7","HSP90AB1"
"BTK","PIK3C3","HSP90AB1"
"BTK","RND1","HSP90AB1"
"BTK","STING1","HSP90AB1"
"BTK","CTDP1","HSP90AB1"
"BTK","TELO2","HSP90AB1"
"BTK","CLSPN","HSP90AB1"
"BTK","GRB7","HSP90AB1"
"BTK","BAZ1B","HSP90AB1"
"BTK","RBL2","HSP90AB1"
"BTK","PABIR1","HSP90AB1"
"BTK","AKT2","ABCA1"
"BTK","PTEN","ABCA1"
"BTK","MTOR","ABCA1"
"BTK","AKT1","ABCA1"
"BTK","Gbeta","ABCA1"
"BTK","ABL1","ABCA1"
"BTK","WNK1","ABCA1"
"BTK","PDPK1","ABCA1"
"BTK","MAP2K1","ABCA1"
"BTK","PRKCB","ABCA1"
"BTK","PRKCG","ABCA1"
"BTK","CyclinD/CDK4","ABCA1"
"BTK","MAP3K1","ABCA1"
"BTK","MAP3K7","ABCA1"
"BTK","IKBKB","ABCA1"
"BTK","WWTR1","ABCA1"
"BTK","DOK1","ABCA1"
"BTK","MAP3K4","ABCA1"
"BTK","DAPK1","ABCA1"
"BTK","PXN","ABCA1"
"BTK","FGG","ABCA1"
"BTK","LEPR","ABCA1"
"BTK","BCL3","ABCA1"
"BTK","GRB2","ABCA1"
"BTK","VCPIP1","ABCA1"
"BTK","ATR","ABCA1"
"BTK","PTK6","ABCA1"
"BTK","CCND1","ABCA1"
"BTK","STAP1","ABCA1"
"BTK","TBK1","ABCA1"
"BTK","MEK1/2","ABCA1"
"BTK","STK38","ABCA1"
"BTK","TLK1","ABCA1"
"BTK","MAP4K1","ABCA1"
"BTK","RPS6KA4","ABCA1"
"BTK","PTPRR","ABCA1"
"BTK","CDKN1B","ABCA1"
"BTK","FBLIM1","ABCA1"
"BTK","VCP","ABCA1"
"BTK","GRIP1","ABCA1"
"BTK","CCR2","ABCA1"
"BTK","ARRB2","ABCA1"
"BTK","TRAF3","ABCA1"
"BTK","CRTC2","ABCA1"
"BTK","CD28","ABCA1"
"BTK","FRS2","ABCA1"
"BTK","SH2B2","ABCA1"
"BTK","PIK3R6","ABCA1"
"BTK","MRE11","ABCA1"
"BTK","UBXN2B","ABCA1"
"BTK","IFIH1","ABCA1"
"BTK","TTI1","ABCA1"
"BTK","WDFY3","ABCA1"
"BTK","LRP6","ABCA1"
"BTK","GRB14","ABCA1"
"BTK","RND1","ABCA1"
"BTK","SPEN","ABCA1"
"BTK","NFKB1","ABCA1"
"BTK","CTDP1","ABCA1"
"BTK","TELO2","ABCA1"
"BTK","BLVRA","ABCA1"
"BTK","MAPKAP1","ABCA1"
"BTK","PPP1R14B","ABCA1"
"BTK","CHUK","CAMKK2"
"BTK","AKT2","CAMKK2"
"BTK","PRKCQ","CAMKK2"
"BTK","MTOR","CAMKK2"
"BTK","AKT1","CAMKK2"
"BTK","CCP110","CAMKK2"
"BTK","CALM2","CAMKK2"
"BTK","ERK1/2","CAMKK2"
"BTK","CDK9","CAMKK2"
"BTK","ABL1","CAMKK2"
"BTK","MAP2K1","CAMKK2"
"BTK","PRKCZ","CAMKK2"
"BTK","CyclinD/CDK4","CAMKK2"
"BTK","MAP3K1","CAMKK2"
"BTK","AKT","CAMKK2"
"BTK","DOK1","CAMKK2"
"BTK","PXN","CAMKK2"
"BTK","FGG","CAMKK2"
"BTK","LEPR","CAMKK2"
"BTK","BCL3","CAMKK2"
"BTK","DVL1","CAMKK2"
"BTK","FZR1","CAMKK2"
"BTK","GRB2","CAMKK2"
"BTK","ATR","CAMKK2"
"BTK","PTK6","CAMKK2"
"BTK","IKBKE","CAMKK2"
"BTK","CCND1","CAMKK2"
"BTK","STAP1","CAMKK2"
"BTK","SPRED1","CAMKK2"
"BTK","MEK1/2","CAMKK2"
"BTK","CALM1","CAMKK2"
"BTK","FADD","CAMKK2"
"BTK","STK38","CAMKK2"
"BTK","TLK1","CAMKK2"
"BTK","C9orf72","CAMKK2"
"BTK","DDX41","CAMKK2"
"BTK","IKK-complex","CAMKK2"
"BTK","SHC1","CAMKK2"
"BTK","RPS6KA4","CAMKK2"
"BTK","NTRK1","CAMKK2"
"BTK","RELA","CAMKK2"
"BTK","EPHA2","CAMKK2"
"BTK","MAP3K8","CAMKK2"
"BTK","CDKN1B","CAMKK2"
"BTK","FBLIM1","CAMKK2"
"BTK","GRIP1","CAMKK2"
"BTK","CCR2","CAMKK2"
"BTK","ARRB2","CAMKK2"
"BTK","TRAF3","CAMKK2"
"BTK","CRTC2","CAMKK2"
"BTK","CD28","CAMKK2"
"BTK","IMPDH2","CAMKK2"
"BTK","PIK3CG","CAMKK2"
"BTK","TRPV1","CAMKK2"
"BTK","PPP1R14A","CAMKK2"
"BTK","PIK3R6","CAMKK2"
"BTK","HDAC2","CAMKK2"
"BTK","DDX58","CAMKK2"
"BTK","MST1R","CAMKK2"
"BTK","ROR2","CAMKK2"
"BTK","ABI1","CAMKK2"
"BTK","IFIH1","CAMKK2"
"BTK","RAD50","CAMKK2"
"BTK","TTI1","CAMKK2"
"BTK","WDFY3","CAMKK2"
"BTK","LRP6","CAMKK2"
"BTK","GRB14","CAMKK2"
"BTK","PIK3C3","CAMKK2"
"BTK","SPEN","CAMKK2"
"BTK","BLVRA","CAMKK2"
"BTK","CLSPN","CAMKK2"
"BTK","MAPKAP1","CAMKK2"
"BTK","RBL2","CAMKK2"
"BTK","PPP1R14B","CAMKK2"
"BTK","PABIR1","CAMKK2"
"BTK","AKT3","PPM1D"
"BTK","PTEN","PPM1D"
"BTK","MTOR","PPM1D"
"BTK","PRKG1","PPM1D"
"BTK","RPS6K","PPM1D"
"BTK","LCK","PPM1D"
"BTK","CDK9","PPM1D"
"BTK","ABL1","PPM1D"
"BTK","PDPK1","PPM1D"
"BTK","PRKCZ","PPM1D"
"BTK","MAP3K1","PPM1D"
"BTK","MAP3K7","PPM1D"
"BTK","MAP3K4","PPM1D"
"BTK","FGG","PPM1D"
"BTK","BCL3","PPM1D"
"BTK","VCPIP1","PPM1D"
"BTK","ATR","PPM1D"
"BTK","IKBKE","PPM1D"
"BTK","CCND1","PPM1D"
"BTK","SPRED1","PPM1D"
"BTK","PTPN7","PPM1D"
"BTK","CALM1","PPM1D"
"BTK","C9orf72","PPM1D"
"BTK","IKK-complex","PPM1D"
"BTK","SHC1","PPM1D"
"BTK","RPS6KA4","PPM1D"
"BTK","NTRK1","PPM1D"
"BTK","MAPKAPK5","PPM1D"
"BTK","MAP3K8","PPM1D"
"BTK","PTPRR","PPM1D"
"BTK","FBLIM1","PPM1D"
"BTK","VCP","PPM1D"
"BTK","TMIGD2","PPM1D"
"BTK","STIP1","PPM1D"
"BTK","PSTPIP1","PPM1D"
"BTK","ARRB2","PPM1D"
"BTK","CRTC2","PPM1D"
"BTK","CD28","PPM1D"
"BTK","INPP5D","PPM1D"
"BTK","FRS2","PPM1D"
"BTK","CCNE1","PPM1D"
"BTK","IMPDH2","PPM1D"
"BTK","PIK3CG","PPM1D"
"BTK","SH2B2","PPM1D"
"BTK","KSR1","PPM1D"
"BTK","DDX58","PPM1D"
"BTK","ROR2","PPM1D"
"BTK","ABI1","PPM1D"
"BTK","RAD50","PPM1D"
"BTK","TTI1","PPM1D"
"BTK","GRB14","PPM1D"
"BTK","SPEN","PPM1D"
"BTK","CTDP1","PPM1D"
"BTK","TELO2","PPM1D"
"BTK","MAPKAP1","PPM1D"
"BTK","PLCG2","PPM1D"
"BTK","RBL2","PPM1D"
"BTK","PABIR1","PPM1D"
"BTK","AKT3","NTRK2"
"BTK","CHUK","NTRK2"
"BTK","AKT2","NTRK2"
"BTK","PTEN","NTRK2"
"BTK","PRKCQ","NTRK2"
"BTK","PRKG1","NTRK2"
"BTK","CCP110","NTRK2"
"BTK","CALM2","NTRK2"
"BTK","ERK1/2","NTRK2"
"BTK","LCK","NTRK2"
"BTK","CDK9","NTRK2"
"BTK","RPS6KA5","NTRK2"
"BTK","PDPK1","NTRK2"
"BTK","SGK1","NTRK2"
"BTK","MAP2K1","NTRK2"
"BTK","PRKCB","NTRK2"
"BTK","PRKCZ","NTRK2"
"BTK","CyclinD/CDK4","NTRK2"
"BTK","MAP3K7","NTRK2"
"BTK","AKT","NTRK2"
"BTK","WWTR1","NTRK2"
"BTK","MAP3K4","NTRK2"
"BTK","LEPR","NTRK2"
"BTK","ITK","NTRK2"
"BTK","RPS6KA3","NTRK2"
"BTK","BCL3","NTRK2"
"BTK","FZR1","NTRK2"
"BTK","GRB2","NTRK2"
"BTK","ATR","NTRK2"
"BTK","SGK3","NTRK2"
"BTK","CCND1","NTRK2"
"BTK","TBK1","NTRK2"
"BTK","SPRED1","NTRK2"
"BTK","CALM1","NTRK2"
"BTK","TLK1","NTRK2"
"BTK","C9orf72","NTRK2"
"BTK","DDX41","NTRK2"
"BTK","IKK-complex","NTRK2"
"BTK","GPSM3","NTRK2"
"BTK","EPHA2","NTRK2"
"BTK","PTPRR","NTRK2"
"BTK","FBLIM1","NTRK2"
"BTK","TEC","NTRK2"
"BTK","CCR2","NTRK2"
"BTK","STIP1","NTRK2"
"BTK","ARRB2","NTRK2"
"BTK","CRTC2","NTRK2"
"BTK","CD28","NTRK2"
"BTK","INPP5D","NTRK2"
"BTK","CCNE1","NTRK2"
"BTK","SET","NTRK2"
"BTK","PIK3CG","NTRK2"
"BTK","SH2B2","NTRK2"
"BTK","MRE11","NTRK2"
"BTK","DDX58","NTRK2"
"BTK","UBXN2B","NTRK2"
"BTK","ROR2","NTRK2"
"BTK","ABI1","NTRK2"
"BTK","IFIH1","NTRK2"
"BTK","RAD50","NTRK2"
"BTK","WDFY3","NTRK2"
"BTK","GRB14","NTRK2"
"BTK","HOXB7","NTRK2"
"BTK","STING1","NTRK2"
"BTK","CTDP1","NTRK2"
"BTK","TELO2","NTRK2"
"BTK","MAPKAP1","NTRK2"
"BTK","PABIR1","NTRK2"
"BTK","MAPK3","PTK6"
"BTK","PTEN","PTK6"
"BTK","PRKCQ","PTK6"
"BTK","MTOR","PTK6"
"BTK","PRKG1","PTK6"
"BTK","CCP110","PTK6"
"BTK","RPS6K","PTK6"
"BTK","ERK1/2","PTK6"
"BTK","WNK1","PTK6"
"BTK","SGK1","PTK6"
"BTK","MAP2K1","PTK6"
"BTK","PRKCB","PTK6"
"BTK","PRKCG","PTK6"
"BTK","PRKCZ","PTK6"
"BTK","MAP3K1","PTK6"
"BTK","AKT","PTK6"
"BTK","WWTR1","PTK6"
"BTK","DOK1","PTK6"
"BTK","MAP3K4","PTK6"
"BTK","DAPK1","PTK6"
"BTK","PXN","PTK6"
"BTK","FGG","PTK6"
"BTK","LEPR","PTK6"
"BTK","ITK","PTK6"
"BTK","BCL3","PTK6"
"BTK","DVL1","PTK6"
"BTK","ATR","PTK6"
"BTK","SGK3","PTK6"
"BTK","CCND1","PTK6"
"BTK","ILK","PTK6"
"BTK","CALM1","PTK6"
"BTK","FADD","PTK6"
"BTK","STK38","PTK6"
"BTK","CDKN2A","PTK6"
"BTK","MAP4K1","PTK6"
"BTK","RET","PTK6"
"BTK","IKK-complex","PTK6"
"BTK","SHC1","PTK6"
"BTK","NTRK1","PTK6"
"BTK","GPSM3","PTK6"
"BTK","RELA","PTK6"
"BTK","EPHA2","PTK6"
"BTK","MAP3K8","PTK6"
"BTK","PTPRR","PTK6"
"BTK","CDKN1B","PTK6"
"BTK","FBLIM1","PTK6"
"BTK","VCP","PTK6"
"BTK","GRIP1","PTK6"
"BTK","ARRB2","PTK6"
"BTK","TRAF3","PTK6"
"BTK","CRTC2","PTK6"
"BTK","CD28","PTK6"
"BTK","INPP5D","PTK6"
"BTK","FRS2","PTK6"
"BTK","IMPDH2","PTK6"
"BTK","SET","PTK6"
"BTK","PIK3CG","PTK6"
"BTK","SH2B2","PTK6"
"BTK","MRE11","PTK6"
"BTK","HDAC2","PTK6"
"BTK","KSR1","PTK6"
"BTK","DDX58","PTK6"
"BTK","MST1R","PTK6"
"BTK","ROR2","PTK6"
"BTK","WDFY3","PTK6"
"BTK","RND1","PTK6"
"BTK","STING1","PTK6"
"BTK","NFKB1","PTK6"
"BTK","CTDP1","PTK6"
"BTK","TELO2","PTK6"
"BTK","BLVRA","PTK6"
"BTK","GRB7","PTK6"
"BTK","BAZ1B","PTK6"
"BTK","PRKCQ","IER3"
"BTK","MTOR","IER3"
"BTK","CDK9","IER3"
"BTK","ABL1","IER3"
"BTK","SGK1","IER3"
"BTK","MAP2K1","IER3"
"BTK","AKT","IER3"
"BTK","MAP3K4","IER3"
"BTK","DAPK1","IER3"
"BTK","PXN","IER3"
"BTK","FGG","IER3"
"BTK","RPS6KA3","IER3"
"BTK","FZR1","IER3"
"BTK","GRB2","IER3"
"BTK","VCPIP1","IER3"
"BTK","ATR","IER3"
"BTK","SGK3","IER3"
"BTK","PTK6","IER3"
"BTK","IKBKE","IER3"
"BTK","ILK","IER3"
"BTK","TBK1","IER3"
"BTK","SPRED1","IER3"
"BTK","FADD","IER3"
"BTK","STK38","IER3"
"BTK","TLK1","IER3"
"BTK","MAP4K1","IER3"
"BTK","NTRK1","IER3"
"BTK","GPSM3","IER3"
"BTK","PTPRR","IER3"
"BTK","VCP","IER3"
"BTK","CRTC2","IER3"
"BTK","INPP5D","IER3"
"BTK","CCNE1","IER3"
"BTK","IMPDH2","IER3"
"BTK","PIK3CG","IER3"
"BTK","TRPV1","IER3"
"BTK","PIK3R6","IER3"
"BTK","MST1R","IER3"
"BTK","IFIH1","IER3"
"BTK","RAD50","IER3"
"BTK","WDFY3","IER3"
"BTK","LRP6","IER3"
"BTK","PIK3C3","IER3"
"BTK","RND1","IER3"
"BTK","SPEN","IER3"
"BTK","NFKB1","IER3"
"BTK","CTDP1","IER3"
"BTK","TELO2","IER3"
"BTK","CLSPN","IER3"
"BTK","MAPKAP1","IER3"
"BTK","GRB7","IER3"
"BTK","BAZ1B","IER3"
"BTK","PLCG2","IER3"
"BTK","PABIR1","IER3"
"BTK","AKT3","MAP3K5"
"BTK","PTEN","MAP3K5"
"BTK","AKT1","MAP3K5"
"BTK","RPS6K","MAP3K5"
"BTK","CALM2","MAP3K5"
"BTK","ERK1/2","MAP3K5"
"BTK","Gbeta","MAP3K5"
"BTK","LCK","MAP3K5"
"BTK","ABL1","MAP3K5"
"BTK","RPS6KA5","MAP3K5"
"BTK","PDPK1","MAP3K5"
"BTK","MAP2K1","MAP3K5"
"BTK","PRKCB","MAP3K5"
"BTK","MAP3K1","MAP3K5"
"BTK","AKT","MAP3K5"
"BTK","IKBKB","MAP3K5"
"BTK","WWTR1","MAP3K5"
"BTK","DOK1","MAP3K5"
"BTK","FGG","MAP3K5"
"BTK","DVL1","MAP3K5"
"BTK","FZR1","MAP3K5"
"BTK","GRB2","MAP3K5"
"BTK","VCPIP1","MAP3K5"
"BTK","SGK3","MAP3K5"
"BTK","PTK6","MAP3K5"
"BTK","TBK1","MAP3K5"
"BTK","SPRED1","MAP3K5"
"BTK","MEK1/2","MAP3K5"
"BTK","PTPN7","MAP3K5"
"BTK","FADD","MAP3K5"
"BTK","STK38","MAP3K5"
"BTK","TLK1","MAP3K5"
"BTK","RET","MAP3K5"
"BTK","IKK-complex","MAP3K5"
"BTK","RPS6KA4","MAP3K5"
"BTK","CDKN1B","MAP3K5"
"BTK","TMIGD2","MAP3K5"
"BTK","PSTPIP1","MAP3K5"
"BTK","CRTC2","MAP3K5"
"BTK","INPP5D","MAP3K5"
"BTK","SET","MAP3K5"
"BTK","PIK3CG","MAP3K5"
"BTK","SH2B2","MAP3K5"
"BTK","BCL10","MAP3K5"
"BTK","PIK3R6","MAP3K5"
"BTK","UBXN2B","MAP3K5"
"BTK","MST1R","MAP3K5"
"BTK","ROR2","MAP3K5"
"BTK","IFIH1","MAP3K5"
"BTK","TTI1","MAP3K5"
"BTK","WDFY3","MAP3K5"
"BTK","LRP6","MAP3K5"
"BTK","GRB14","MAP3K5"
"BTK","RND1","MAP3K5"
"BTK","STING1","MAP3K5"
"BTK","BLVRA","MAP3K5"
"BTK","CLSPN","MAP3K5"
"BTK","BAZ1B","MAP3K5"
"BTK","RBL2","MAP3K5"
"BTK","PPP1R14B","MAP3K5"
"BTK","CHUK","TRIB2"
"BTK","AKT2","TRIB2"
"BTK","PTEN","TRIB2"
"BTK","PRKG1","TRIB2"
"BTK","RPS6K","TRIB2"
"BTK","Gbeta","TRIB2"
"BTK","LCK","TRIB2"
"BTK","MAP2K1","TRIB2"
"BTK","PRKCG","TRIB2"
"BTK","PRKCZ","TRIB2"
"BTK","CyclinD/CDK4","TRIB2"
"BTK","MAP3K1","TRIB2"
"BTK","MAP3K7","TRIB2"
"BTK","IKBKB","TRIB2"
"BTK","ITK","TRIB2"
"BTK","FZR1","TRIB2"
"BTK","ATR","TRIB2"
"BTK","SGK3","TRIB2"
"BTK","PTK6","TRIB2"
"BTK","CCND1","TRIB2"
"BTK","ILK","TRIB2"
"BTK","SPRED1","TRIB2"
"BTK","PTPN7","TRIB2"
"BTK","STK38","TRIB2"
"BTK","CDKN2A","TRIB2"
"BTK","MAP4K1","TRIB2"
"BTK","RET","TRIB2"
"BTK","DDX41","TRIB2"
"BTK","SHC1","TRIB2"
"BTK","RPS6KA4","TRIB2"
"BTK","NTRK1","TRIB2"
"BTK","RELA","TRIB2"
"BTK","MAP3K8","TRIB2"
"BTK","PTPRR","TRIB2"
"BTK","CDKN1B","TRIB2"
"BTK","TEC","TRIB2"
"BTK","VCP","TRIB2"
"BTK","TMIGD2","TRIB2"
"BTK","ARRB2","TRIB2"
"BTK","INPP5D","TRIB2"
"BTK","FRS2","TRIB2"
"BTK","CCNE1","TRIB2"
"BTK","SET","TRIB2"
"BTK","PIK3CG","TRIB2"
"BTK","SH2B2","TRIB2"
"BTK","TRPV1","TRIB2"
"BTK","UBXN2B","TRIB2"
"BTK","MST1R","TRIB2"
"BTK","ROR2","TRIB2"
"BTK","ABI1","TRIB2"
"BTK","RAD50","TRIB2"
"BTK","WDFY3","TRIB2"
"BTK","LRP6","TRIB2"
"BTK","HOXB7","TRIB2"
"BTK","PIK3C3","TRIB2"
"BTK","SPEN","TRIB2"
"BTK","NFKB1","TRIB2"
"BTK","CTDP1","TRIB2"
"BTK","BLVRA","TRIB2"
"BTK","CLSPN","TRIB2"
"BTK","MAPKAP1","TRIB2"
"BTK","RBL2","TRIB2"
"BTK","PABIR1","TRIB2"
"BTK","CHUK","CDC20"
"BTK","AKT2","CDC20"
"BTK","PTEN","CDC20"
"BTK","PRKCQ","CDC20"
"BTK","MTOR","CDC20"
"BTK","CCP110","CDC20"
"BTK","CALM2","CDC20"
"BTK","ERK1/2","CDC20"
"BTK","Gbeta","CDC20"
"BTK","LCK","CDC20"
"BTK","ABL1","CDC20"
"BTK","WNK1","CDC20"
"BTK","PDPK1","CDC20"
"BTK","MAP2K1","CDC20"
"BTK","PRKCB","CDC20"
"BTK","CyclinD/CDK4","CDC20"
"BTK","MAP3K7","CDC20"
"BTK","AKT","CDC20"
"BTK","IKBKB","CDC20"
"BTK","WWTR1","CDC20"
"BTK","PXN","CDC20"
"BTK","LEPR","CDC20"
"BTK","DVL1","CDC20"
"BTK","IKBKE","CDC20"
"BTK","CCND1","CDC20"
"BTK","TBK1","CDC20"
"BTK","MEK1/2","CDC20"
"BTK","PTPN7","CDC20"
"BTK","CALM1","CDC20"
"BTK","STK38","CDC20"
"BTK","TLK1","CDC20"
"BTK","MAP4K1","CDC20"
"BTK","RET","CDC20"
"BTK","SHC1","CDC20"
"BTK","NTRK1","CDC20"
"BTK","GPSM3","CDC20"
"BTK","CDKN1B","CDC20"
"BTK","TEC","CDC20"
"BTK","CCR2","CDC20"
"BTK","TRAF3","CDC20"
"BTK","CRTC2","CDC20"
"BTK","INPP5D","CDC20"
"BTK","CCNE1","CDC20"
"BTK","IMPDH2","CDC20"
"BTK","SET","CDC20"
"BTK","PPP1R14A","CDC20"
"BTK","PIK3R6","CDC20"
"BTK","MRE11","CDC20"
"BTK","DDX58","CDC20"
"BTK","UBXN2B","CDC20"
"BTK","MST1R","CDC20"
"BTK","LRP6","CDC20"
"BTK","GRB14","CDC20"
"BTK","RND1","CDC20"
"BTK","STING1","CDC20"
"BTK","SPEN","CDC20"
"BTK","TELO2","CDC20"
"BTK","BLVRA","CDC20"
"BTK","CLSPN","CDC20"
"BTK","MAPKAP1","CDC20"
"BTK","RBL2","CDC20"
"BTK","PPP1R14B","CDC20"
"BTK","PABIR1","CDC20"
"BTK","CHUK","DVL2"
"BTK","PTEN","DVL2"
"BTK","MTOR","DVL2"
"BTK","PRKG1","DVL2"
"BTK","MAP2K1","DVL2"
"BTK","PRKCZ","DVL2"
"BTK","MAP3K7","DVL2"
"BTK","IKBKB","DVL2"
"BTK","WWTR1","DVL2"
"BTK","PXN","DVL2"
"BTK","RPS6KA3","DVL2"
"BTK","BCL3","DVL2"
"BTK","DVL1","DVL2"
"BTK","FZR1","DVL2"
"BTK","ATR","DVL2"
"BTK","PTK6","DVL2"
"BTK","IKBKE","DVL2"
"BTK","CCND1","DVL2"
"BTK","ILK","DVL2"
"BTK","STAP1","DVL2"
"BTK","SPRED1","DVL2"
"BTK","MEK1/2","DVL2"
"BTK","PTPN7","DVL2"
"BTK","FADD","DVL2"
"BTK","DDX41","DVL2"
"BTK","NTRK1","DVL2"
"BTK","GPSM3","DVL2"
"BTK","RELA","DVL2"
"BTK","MAP3K8","DVL2"
"BTK","PTPRR","DVL2"
"BTK","FBLIM1","DVL2"
"BTK","TEC","DVL2"
"BTK","GRIP1","DVL2"
"BTK","TMIGD2","DVL2"
"BTK","CCR2","DVL2"
"BTK","PSTPIP1","DVL2"
"BTK","ARRB2","DVL2"
"BTK","CD28","DVL2"
"BTK","CCNE1","DVL2"
"BTK","SET","DVL2"
"BTK","PIK3CG","DVL2"
"BTK","SH2B2","DVL2"
"BTK","TRPV1","DVL2"
"BTK","PPP1R14A","DVL2"
"BTK","PIK3R6","DVL2"
"BTK","UBXN2B","DVL2"
"BTK","MST1R","DVL2"
"BTK","IFIH1","DVL2"
"BTK","TTI1","DVL2"
"BTK","LRP6","DVL2"
"BTK","HOXB7","DVL2"
"BTK","PIK3C3","DVL2"
"BTK","RND1","DVL2"
"BTK","NFKB1","DVL2"
"BTK","CLSPN","DVL2"
"BTK","RBL2","DVL2"
"BTK","PPP1R14B","DVL2"
"BTK","MAPK3","IKBKE"
"BTK","CHUK","IKBKE"
"BTK","AKT2","IKBKE"
"BTK","RPS6K","IKBKE"
"BTK","ERK1/2","IKBKE"
"BTK","Gbeta","IKBKE"
"BTK","CDK9","IKBKE"
"BTK","ABL1","IKBKE"
"BTK","PDPK1","IKBKE"
"BTK","SGK1","IKBKE"
"BTK","MAP2K1","IKBKE"
"BTK","PRKCZ","IKBKE"
"BTK","CyclinD/CDK4","IKBKE"
"BTK","IKBKB","IKBKE"
"BTK","DAPK1","IKBKE"
"BTK","PXN","IKBKE"
"BTK","FGG","IKBKE"
"BTK","GRB2","IKBKE"
"BTK","SGK3","IKBKE"
"BTK","PTK6","IKBKE"
"BTK","ILK","IKBKE"
"BTK","PTPN7","IKBKE"
"BTK","CALM1","IKBKE"
"BTK","FADD","IKBKE"
"BTK","MAP4K1","IKBKE"
"BTK","SHC1","IKBKE"
"BTK","RPS6KA4","IKBKE"
"BTK","NTRK1","IKBKE"
"BTK","MAPKAPK5","IKBKE"
"BTK","EPHA2","IKBKE"
"BTK","MAP3K8","IKBKE"
"BTK","CDKN1B","IKBKE"
"BTK","TMIGD2","IKBKE"
"BTK","CCR2","IKBKE"
"BTK","PSTPIP1","IKBKE"
"BTK","ARRB2","IKBKE"
"BTK","CRTC2","IKBKE"
"BTK","INPP5D","IKBKE"
"BTK","CCNE1","IKBKE"
"BTK","TRPV1","IKBKE"
"BTK","MRE11","IKBKE"
"BTK","KSR1","IKBKE"
"BTK","DDX58","IKBKE"
"BTK","ROR2","IKBKE"
"BTK","IFIH1","IKBKE"
"BTK","WDFY3","IKBKE"
"BTK","LRP6","IKBKE"
"BTK","HOXB7","IKBKE"
"BTK","PIK3C3","IKBKE"
"BTK","RND1","IKBKE"
"BTK","SPEN","IKBKE"
"BTK","NFKB1","IKBKE"
"BTK","CTDP1","IKBKE"
"BTK","TELO2","IKBKE"
"BTK","GRB7","IKBKE"
"BTK","PABIR1","IKBKE"
"BTK","AKT3","PAK1"
"BTK","CHUK","PAK1"
"BTK","AKT2","PAK1"
"BTK","PTEN","PAK1"
"BTK","PRKCQ","PAK1"
"BTK","AKT1","PAK1"
"BTK","CALM2","PAK1"
"BTK","ABL1","PAK1"
"BTK","RPS6KA5","PAK1"
"BTK","WNK1","PAK1"
"BTK","MAP2K1","PAK1"
"BTK","PRKCB","PAK1"
"BTK","MAP3K1","PAK1"
"BTK","AKT","PAK1"
"BTK","DAPK1","PAK1"
"BTK","FGG","PAK1"
"BTK","LEPR","PAK1"
"BTK","BCL3","PAK1"
"BTK","DVL1","PAK1"
"BTK","FZR1","PAK1"
"BTK","GRB2","PAK1"
"BTK","VCPIP1","PAK1"
"BTK","TBK1","PAK1"
"BTK","SPRED1","PAK1"
"BTK","FADD","PAK1"
"BTK","STK38","PAK1"
"BTK","TLK1","PAK1"
"BTK","CDKN2A","PAK1"
"BTK","RET","PAK1"
"BTK","IKK-complex","PAK1"
"BTK","SHC1","PAK1"
"BTK","NTRK1","PAK1"
"BTK","RELA","PAK1"
"BTK","MAPKAPK5","PAK1"
"BTK","EPHA2","PAK1"
"BTK","GRIP1","PAK1"
"BTK","ARRB2","PAK1"
"BTK","CRTC2","PAK1"
"BTK","INPP5D","PAK1"
"BTK","IMPDH2","PAK1"
"BTK","BCL10","PAK1"
"BTK","PIK3R6","PAK1"
"BTK","MRE11","PAK1"
"BTK","KSR1","PAK1"
"BTK","DDX58","PAK1"
"BTK","MST1R","PAK1"
"BTK","ROR2","PAK1"
"BTK","GRB14","PAK1"
"BTK","PIK3C3","PAK1"
"BTK","STING1","PAK1"
"BTK","NFKB1","PAK1"
"BTK","BLVRA","PAK1"
"BTK","MAPKAP1","PAK1"
"BTK","GRB7","PAK1"
"BTK","BAZ1B","PAK1"
"BTK","PLCG2","PAK1"
"BTK","PABIR1","PAK1"
"BTK","MAPK3","CCND1"
"BTK","AKT2","CCND1"
"BTK","PTEN","CCND1"
"BTK","PRKCQ","CCND1"
"BTK","MTOR","CCND1"
"BTK","CCP110","CCND1"
"BTK","CALM2","CCND1"
"BTK","ERK1/2","CCND1"
"BTK","ABL1","CCND1"
"BTK","MAP2K1","CCND1"
"BTK","PRKCB","CCND1"
"BTK","PRKCG","CCND1"
"BTK","CyclinD/CDK4","CCND1"
"BTK","MAP3K1","CCND1"
"BTK","MAP3K7","CCND1"
"BTK","MAP3K4","CCND1"
"BTK","PXN","CCND1"
"BTK","RPS6KA3","CCND1"
"BTK","BCL3","CCND1"
"BTK","DVL1","CCND1"
"BTK","FZR1","CCND1"
"BTK","GRB2","CCND1"
"BTK","ATR","CCND1"
"BTK","SGK3","CCND1"
"BTK","PTK6","CCND1"
"BTK","IKBKE","CCND1"
"BTK","ILK","CCND1"
"BTK","STAP1","CCND1"
"BTK","TBK1","CCND1"
"BTK","SPRED1","CCND1"
"BTK","MEK1/2","CCND1"
"BTK","PTPN7","CCND1"
"BTK","CALM1","CCND1"
"BTK","FADD","CCND1"
"BTK","STK38","CCND1"
"BTK","TLK1","CCND1"
"BTK","C9orf72","CCND1"
"BTK","CDKN2A","CCND1"
"BTK","MAP4K1","CCND1"
"BTK","RET","CCND1"
"BTK","DDX41","CCND1"
"BTK","SHC1","CCND1"
"BTK","RPS6KA4","CCND1"
"BTK","EPHA2","CCND1"
"BTK","PTPRR","CCND1"
"BTK","CDKN1B","CCND1"
"BTK","FBLIM1","CCND1"
"BTK","TEC","CCND1"
"BTK","VCP","CCND1"
"BTK","GRIP1","CCND1"
"BTK","CCR2","CCND1"
"BTK","STIP1","CCND1"
"BTK","ARRB2","CCND1"
"BTK","TRAF3","CCND1"
"BTK","CRTC2","CCND1"
"BTK","CD28","CCND1"
"BTK","IMPDH2","CCND1"
"BTK","SET","CCND1"
"BTK","PIK3CG","CCND1"
"BTK","SH2B2","CCND1"
"BTK","TRPV1","CCND1"
"BTK","BCL10","CCND1"
"BTK","PIK3R6","CCND1"
"BTK","MRE11","CCND1"
"BTK","KSR1","CCND1"
"BTK","DDX58","CCND1"
"BTK","ABI1","CCND1"
"BTK","RAD50","CCND1"
"BTK","WDFY3","CCND1"
"BTK","LRP6","CCND1"
"BTK","HOXB7","CCND1"
"BTK","PIK3C3","CCND1"
"BTK","STING1","CCND1"
"BTK","NFKB1","CCND1"
"BTK","CTDP1","CCND1"
"BTK","BLVRA","CCND1"
"BTK","CLSPN","CCND1"
"BTK","MAPKAP1","CCND1"
"BTK","BAZ1B","CCND1"
"BTK","PLCG2","CCND1"
"BTK","RBL2","CCND1"
"BTK","PABIR1","CCND1"
"BTK","ITK","MET"
"BTK","MAPK3","TYK2"
"BTK","AKT3","TYK2"
"BTK","CHUK","TYK2"
"BTK","PRKCQ","TYK2"
"BTK","MTOR","TYK2"
"BTK","PRKG1","TYK2"
"BTK","CCP110","TYK2"
"BTK","RPS6K","TYK2"
"BTK","CALM2","TYK2"
"BTK","ERK1/2","TYK2"
"BTK","LCK","TYK2"
"BTK","CDK9","TYK2"
"BTK","ABL1","TYK2"
"BTK","RPS6KA5","TYK2"
"BTK","PDPK1","TYK2"
"BTK","MAP2K1","TYK2"
"BTK","PRKCB","TYK2"
"BTK","PRKCZ","TYK2"
"BTK","CyclinD/CDK4","TYK2"
"BTK","MAP3K7","TYK2"
"BTK","IKBKB","TYK2"
"BTK","DOK1","TYK2"
"BTK","MAP3K4","TYK2"
"BTK","DAPK1","TYK2"
"BTK","PXN","TYK2"
"BTK","FGG","TYK2"
"BTK","LEPR","TYK2"
"BTK","ITK","TYK2"
"BTK","BCL3","TYK2"
"BTK","DVL1","TYK2"
"BTK","FZR1","TYK2"
"BTK","GRB2","TYK2"
"BTK","ATR","TYK2"
"BTK","SGK3","TYK2"
"BTK","PTK6","TYK2"
"BTK","ILK","TYK2"
"BTK","MEK1/2","TYK2"
"BTK","STK38","TYK2"
"BTK","TLK1","TYK2"
"BTK","C9orf72","TYK2"
"BTK","CDKN2A","TYK2"
"BTK","MAP4K1","TYK2"
"BTK","RET","TYK2"
"BTK","NTRK1","TYK2"
"BTK","GPSM3","TYK2"
"BTK","RELA","TYK2"
"BTK","MAPKAPK5","TYK2"
"BTK","EPHA2","TYK2"
"BTK","PTPRR","TYK2"
"BTK","CDKN1B","TYK2"
"BTK","FBLIM1","TYK2"
"BTK","GRIP1","TYK2"
"BTK","TMIGD2","TYK2"
"BTK","STIP1","TYK2"
"BTK","ARRB2","TYK2"
"BTK","CRTC2","TYK2"
"BTK","INPP5D","TYK2"
"BTK","CCNE1","TYK2"
"BTK","IMPDH2","TYK2"
"BTK","SET","TYK2"
"BTK","SH2B2","TYK2"
"BTK","TRPV1","TYK2"
"BTK","BCL10","TYK2"
"BTK","PIK3R6","TYK2"
"BTK","MRE11","TYK2"
"BTK","HDAC2","TYK2"
"BTK","UBXN2B","TYK2"
"BTK","ROR2","TYK2"
"BTK","ABI1","TYK2"
"BTK","TTI1","TYK2"
"BTK","WDFY3","TYK2"
"BTK","GRB14","TYK2"
"BTK","STING1","TYK2"
"BTK","SPEN","TYK2"
"BTK","CTDP1","TYK2"
"BTK","BLVRA","TYK2"
"BTK","AKT3","FLT3"
"BTK","PTEN","FLT3"
"BTK","MTOR","FLT3"
"BTK","AKT1","FLT3"
"BTK","Gbeta","FLT3"
"BTK","PRKCB","FLT3"
"BTK","PRKCZ","FLT3"
"BTK","MAP3K7","FLT3"
"BTK","IKBKB","FLT3"
"BTK","WWTR1","FLT3"
"BTK","DAPK1","FLT3"
"BTK","PXN","FLT3"
"BTK","FGG","FLT3"
"BTK","FZR1","FLT3"
"BTK","GRB2","FLT3"
"BTK","VCPIP1","FLT3"
"BTK","ATR","FLT3"
"BTK","CCND1","FLT3"
"BTK","STAP1","FLT3"
"BTK","STK38","FLT3"
"BTK","DDX41","FLT3"
"BTK","RPS6KA4","FLT3"
"BTK","NTRK1","FLT3"
"BTK","MAPKAPK5","FLT3"
"BTK","EPHA2","FLT3"
"BTK","FBLIM1","FLT3"
"BTK","VCP","FLT3"
"BTK","TMIGD2","FLT3"
"BTK","STIP1","FLT3"
"BTK","TRAF3","FLT3"
"BTK","CD28","FLT3"
"BTK","INPP5D","FLT3"
"BTK","FRS2","FLT3"
"BTK","CCNE1","FLT3"
"BTK","IMPDH2","FLT3"
"BTK","SET","FLT3"
"BTK","PIK3CG","FLT3"
"BTK","TRPV1","FLT3"
"BTK","PPP1R14A","FLT3"
"BTK","MRE11","FLT3"
"BTK","DDX58","FLT3"
"BTK","MST1R","FLT3"
"BTK","ROR2","FLT3"
"BTK","RAD50","FLT3"
"BTK","LRP6","FLT3"
"BTK","GRB14","FLT3"
"BTK","RND1","FLT3"
"BTK","STING1","FLT3"
"BTK","SPEN","FLT3"
"BTK","CTDP1","FLT3"
"BTK","GRB7","FLT3"
"BTK","PLCG2","FLT3"
"BTK","PPP1R14B","FLT3"
"BTK","PLCG2","ZAP70"
"BTK","MAPK3","CIITA"
"BTK","AKT3","CIITA"
"BTK","CHUK","CIITA"
"BTK","PTEN","CIITA"
"BTK","PRKCQ","CIITA"
"BTK","MTOR","CIITA"
"BTK","PRKG1","CIITA"
"BTK","RPS6K","CIITA"
"BTK","ERK1/2","CIITA"
"BTK","LCK","CIITA"
"BTK","CDK9","CIITA"
"BTK","ABL1","CIITA"
"BTK","RPS6KA5","CIITA"
"BTK","PRKCB","CIITA"
"BTK","PRKCG","CIITA"
"BTK","CyclinD/CDK4","CIITA"
"BTK","MAP3K1","CIITA"
"BTK","MAP3K7","CIITA"
"BTK","AKT","CIITA"
"BTK","IKBKB","CIITA"
"BTK","WWTR1","CIITA"
"BTK","DOK1","CIITA"
"BTK","MAP3K4","CIITA"
"BTK","DAPK1","CIITA"
"BTK","PXN","CIITA"
"BTK","ITK","CIITA"
"BTK","RPS6KA3","CIITA"
"BTK","DVL1","CIITA"
"BTK","FZR1","CIITA"
"BTK","GRB2","CIITA"
"BTK","VCPIP1","CIITA"
"BTK","ATR","CIITA"
"BTK","PTK6","CIITA"
"BTK","IKBKE","CIITA"
"BTK","ILK","CIITA"
"BTK","STAP1","CIITA"
"BTK","MEK1/2","CIITA"
"BTK","PTPN7","CIITA"
"BTK","CALM1","CIITA"
"BTK","FADD","CIITA"
"BTK","STK38","CIITA"
"BTK","TLK1","CIITA"
"BTK","C9orf72","CIITA"
"BTK","CDKN2A","CIITA"
"BTK","IKK-complex","CIITA"
"BTK","GPSM3","CIITA"
"BTK","MAPKAPK5","CIITA"
"BTK","MAP3K8","CIITA"
"BTK","PTPRR","CIITA"
"BTK","CDKN1B","CIITA"
"BTK","FBLIM1","CIITA"
"BTK","GRIP1","CIITA"
"BTK","TMIGD2","CIITA"
"BTK","STIP1","CIITA"
"BTK","PSTPIP1","CIITA"
"BTK","PIK3CG","CIITA"
"BTK","PPP1R14A","CIITA"
"BTK","PIK3R6","CIITA"
"BTK","HDAC2","CIITA"
"BTK","ABI1","CIITA"
"BTK","TTI1","CIITA"
"BTK","LRP6","CIITA"
"BTK","GRB14","CIITA"
"BTK","SPEN","CIITA"
"BTK","TELO2","CIITA"
"BTK","BLVRA","CIITA"
"BTK","BAZ1B","CIITA"
"BTK","PLCG2","CIITA"
"BTK","RBL2","CIITA"
"BTK","PABIR1","CIITA"
"BTK","PTEN","ILK"
"BTK","MTOR","ILK"
"BTK","AKT1","ILK"
"BTK","PRKG1","ILK"
"BTK","RPS6K","ILK"
"BTK","CALM2","ILK"
"BTK","ABL1","ILK"
"BTK","SGK1","ILK"
"BTK","PRKCB","ILK"
"BTK","FGG","ILK"
"BTK","LEPR","ILK"
"BTK","ITK","ILK"
"BTK","BCL3","ILK"
"BTK","DVL1","ILK"
"BTK","FZR1","ILK"
"BTK","GRB2","ILK"
"BTK","VCPIP1","ILK"
"BTK","SGK3","ILK"
"BTK","PTK6","ILK"
"BTK","IKBKE","ILK"
"BTK","CCND1","ILK"
"BTK","STAP1","ILK"
"BTK","TBK1","ILK"
"BTK","SPRED1","ILK"
"BTK","MEK1/2","ILK"
"BTK","PTPN7","ILK"
"BTK","CALM1","ILK"
"BTK","FADD","ILK"
"BTK","STK38","ILK"
"BTK","TLK1","ILK"
"BTK","C9orf72","ILK"
"BTK","CDKN2A","ILK"
"BTK","MAP4K1","ILK"
"BTK","RET","ILK"
"BTK","DDX41","ILK"
"BTK","SHC1","ILK"
"BTK","NTRK1","ILK"
"BTK","GPSM3","ILK"
"BTK","RELA","ILK"
"BTK","MAPKAPK5","ILK"
"BTK","EPHA2","ILK"
"BTK","MAP3K8","ILK"
"BTK","PTPRR","ILK"
"BTK","CDKN1B","ILK"
"BTK","FBLIM1","ILK"
"BTK","TEC","ILK"
"BTK","VCP","ILK"
"BTK","GRIP1","ILK"
"BTK","TMIGD2","ILK"
"BTK","STIP1","ILK"
"BTK","PSTPIP1","ILK"
"BTK","ARRB2","ILK"
"BTK","CRTC2","ILK"
"BTK","CD28","ILK"
"BTK","INPP5D","ILK"
"BTK","FRS2","ILK"
"BTK","CCNE1","ILK"
"BTK","IMPDH2","ILK"
"BTK","SET","ILK"
"BTK","PIK3CG","ILK"
"BTK","TRPV1","ILK"
"BTK","PPP1R14A","ILK"
"BTK","BCL10","ILK"
"BTK","PIK3R6","ILK"
"BTK","HDAC2","ILK"
"BTK","KSR1","ILK"
"BTK","DDX58","ILK"
"BTK","UBXN2B","ILK"
"BTK","MST1R","ILK"
"BTK","ROR2","ILK"
"BTK","ABI1","ILK"
"BTK","IFIH1","ILK"
"BTK","RAD50","ILK"
"BTK","TTI1","ILK"
"BTK","WDFY3","ILK"
"BTK","LRP6","ILK"
"BTK","GRB14","ILK"
"BTK","HOXB7","ILK"
"BTK","PIK3C3","ILK"
"BTK","RND1","ILK"
"BTK","STING1","ILK"
"BTK","SPEN","ILK"
"BTK","NFKB1","ILK"
"BTK","CTDP1","ILK"
"BTK","TELO2","ILK"
"BTK","BLVRA","ILK"
"BTK","CLSPN","ILK"
"BTK","MAPKAP1","ILK"
"BTK","GRB7","ILK"
"BTK","BAZ1B","ILK"
"BTK","PLCG2","ILK"
"BTK","RBL2","ILK"
"BTK","PABIR1","ILK"
"BTK","MAPK3","PML"
"BTK","CHUK","PML"
"BTK","AKT2","PML"
"BTK","PTEN","PML"
"BTK","PRKCQ","PML"
"BTK","MTOR","PML"
"BTK","AKT1","PML"
"BTK","PRKG1","PML"
"BTK","CCP110","PML"
"BTK","CALM2","PML"
"BTK","CDK9","PML"
"BTK","PDPK1","PML"
"BTK","MAP2K1","PML"
"BTK","PRKCZ","PML"
"BTK","MAP3K1","PML"
"BTK","IKBKB","PML"
"BTK","PXN","PML"
"BTK","FGG","PML"
"BTK","LEPR","PML"
"BTK","ITK","PML"
"BTK","BCL3","PML"
"BTK","GRB2","PML"
"BTK","VCPIP1","PML"
"BTK","ILK","PML"
"BTK","TBK1","PML"
"BTK","MEK1/2","PML"
"BTK","FADD","PML"
"BTK","MAP4K1","PML"
"BTK","RET","PML"
"BTK","DDX41","PML"
"BTK","IKK-complex","PML"
"BTK","GPSM3","PML"
"BTK","MAP3K8","PML"
"BTK","CDKN1B","PML"
"BTK","VCP","PML"
"BTK","GRIP1","PML"
"BTK","TMIGD2","PML"
"BTK","STIP1","PML"
"BTK","PSTPIP1","PML"
"BTK","ARRB2","PML"
"BTK","TRAF3","PML"
"BTK","CD28","PML"
"BTK","FRS2","PML"
"BTK","CCNE1","PML"
"BTK","IMPDH2","PML"
"BTK","SET","PML"
"BTK","PIK3CG","PML"
"BTK","TRPV1","PML"
"BTK","PPP1R14A","PML"
"BTK","BCL10","PML"
"BTK","HDAC2","PML"
"BTK","KSR1","PML"
"BTK","DDX58","PML"
"BTK","ABI1","PML"
"BTK","IFIH1","PML"
"BTK","RAD50","PML"
"BTK","WDFY3","PML"
"BTK","LRP6","PML"
"BTK","HOXB7","PML"
"BTK","PIK3C3","PML"
"BTK","SPEN","PML"
"BTK","CTDP1","PML"
"BTK","BLVRA","PML"
"BTK","GRB7","PML"
"BTK","PLCG2","PML"
"BTK","PTEN","STAP1"
"BTK","CCP110","STAP1"
"BTK","LCK","STAP1"
"BTK","MAP3K1","STAP1"
"BTK","AKT","STAP1"
"BTK","MAP3K4","STAP1"
"BTK","DAPK1","STAP1"
"BTK","VCPIP1","STAP1"
"BTK","SPRED1","STAP1"
"BTK","PTPN7","STAP1"
"BTK","STK38","STAP1"
"BTK","RET","STAP1"
"BTK","RPS6KA4","STAP1"
"BTK","GPSM3","STAP1"
"BTK","FBLIM1","STAP1"
"BTK","TMIGD2","STAP1"
"BTK","PSTPIP1","STAP1"
"BTK","CD28","STAP1"
"BTK","FRS2","STAP1"
"BTK","SET","STAP1"
"BTK","HDAC2","STAP1"
"BTK","KSR1","STAP1"
"BTK","TTI1","STAP1"
"BTK","LRP6","STAP1"
"BTK","HOXB7","STAP1"
"BTK","PIK3C3","STAP1"
"BTK","NFKB1","STAP1"
"BTK","RBL2","STAP1"
"BTK","AKT3","DYRK1B"
"BTK","CHUK","DYRK1B"
"BTK","PTEN","DYRK1B"
"BTK","RPS6K","DYRK1B"
"BTK","ERK1/2","DYRK1B"
"BTK","LCK","DYRK1B"
"BTK","CDK9","DYRK1B"
"BTK","PRKCG","DYRK1B"
"BTK","PRKCZ","DYRK1B"
"BTK","CyclinD/CDK4","DYRK1B"
"BTK","AKT","DYRK1B"
"BTK","MAP3K4","DYRK1B"
"BTK","FGG","DYRK1B"
"BTK","LEPR","DYRK1B"
"BTK","ITK","DYRK1B"
"BTK","RPS6KA3","DYRK1B"
"BTK","BCL3","DYRK1B"
"BTK","FZR1","DYRK1B"
"BTK","VCPIP1","DYRK1B"
"BTK","IKBKE","DYRK1B"
"BTK","ILK","DYRK1B"
"BTK","STAP1","DYRK1B"
"BTK","TBK1","DYRK1B"
"BTK","SPRED1","DYRK1B"
"BTK","MEK1/2","DYRK1B"
"BTK","PTPN7","DYRK1B"
"BTK","STK38","DYRK1B"
"BTK","C9orf72","DYRK1B"
"BTK","NTRK1","DYRK1B"
"BTK","GPSM3","DYRK1B"
"BTK","MAP3K8","DYRK1B"
"BTK","PTPRR","DYRK1B"
"BTK","FBLIM1","DYRK1B"
"BTK","TMIGD2","DYRK1B"
"BTK","ARRB2","DYRK1B"
"BTK","INPP5D","DYRK1B"
"BTK","SET","DYRK1B"
"BTK","KSR1","DYRK1B"
"BTK","UBXN2B","DYRK1B"
"BTK","MST1R","DYRK1B"
"BTK","ROR2","DYRK1B"
"BTK","RAD50","DYRK1B"
"BTK","WDFY3","DYRK1B"
"BTK","HOXB7","DYRK1B"
"BTK","STING1","DYRK1B"
"BTK","SPEN","DYRK1B"
"BTK","NFKB1","DYRK1B"
"BTK","TELO2","DYRK1B"
"BTK","MAPKAP1","DYRK1B"
"BTK","GRB7","DYRK1B"
"BTK","PLCG2","DYRK1B"
"BTK","RBL2","DYRK1B"
"BTK","PPP1R14B","DYRK1B"
"BTK","CHUK","TBK1"
"BTK","AKT1","TBK1"
"BTK","RPS6K","TBK1"
"BTK","CALM2","TBK1"
"BTK","Gbeta","TBK1"
"BTK","LCK","TBK1"
"BTK","CDK9","TBK1"
"BTK","WNK1","TBK1"
"BTK","PRKCG","TBK1"
"BTK","MAP3K1","TBK1"
"BTK","MAP3K7","TBK1"
"BTK","AKT","TBK1"
"BTK","IKBKB","TBK1"
"BTK","PXN","TBK1"
"BTK","LEPR","TBK1"
"BTK","BCL3","TBK1"
"BTK","GRB2","TBK1"
"BTK","PTK6","TBK1"
"BTK","CCND1","TBK1"
"BTK","ILK","TBK1"
"BTK","STAP1","TBK1"
"BTK","CALM1","TBK1"
"BTK","FADD","TBK1"
"BTK","TLK1","TBK1"
"BTK","MAP4K1","TBK1"
"BTK","RPS6KA4","TBK1"
"BTK","PTPRR","TBK1"
"BTK","CDKN1B","TBK1"
"BTK","VCP","TBK1"
"BTK","CCR2","TBK1"
"BTK","STIP1","TBK1"
"BTK","ARRB2","TBK1"
"BTK","FRS2","TBK1"
"BTK","PIK3CG","TBK1"
"BTK","HDAC2","TBK1"
"BTK","ABI1","TBK1"
"BTK","PCBP2","TBK1"
"BTK","RAD50","TBK1"
"BTK","GRB14","TBK1"
"BTK","SPEN","TBK1"
"BTK","CTDP1","TBK1"
"BTK","TELO2","TBK1"
"BTK","PLCG2","TBK1"
"BTK","AKT3","PKN2"
"BTK","PTEN","PKN2"
"BTK","PRKCQ","PKN2"
"BTK","CCP110","PKN2"
"BTK","RPS6K","PKN2"
"BTK","ERK1/2","PKN2"
"BTK","Gbeta","PKN2"
"BTK","ABL1","PKN2"
"BTK","RPS6KA5","PKN2"
"BTK","WNK1","PKN2"
"BTK","MAP2K1","PKN2"
"BTK","PRKCG","PKN2"
"BTK","PRKCZ","PKN2"
"BTK","AKT","PKN2"
"BTK","WWTR1","PKN2"
"BTK","DOK1","PKN2"
"BTK","MAP3K4","PKN2"
"BTK","DAPK1","PKN2"
"BTK","PXN","PKN2"
"BTK","LEPR","PKN2"
"BTK","RPS6KA3","PKN2"
"BTK","BCL3","PKN2"
"BTK","ATR","PKN2"
"BTK","PTK6","PKN2"
"BTK","CCND1","PKN2"
"BTK","TBK1","PKN2"
"BTK","SPRED1","PKN2"
"BTK","MEK1/2","PKN2"
"BTK","MAP4K1","PKN2"
"BTK","RET","PKN2"
"BTK","IKK-complex","PKN2"
"BTK","SHC1","PKN2"
"BTK","NTRK1","PKN2"
"BTK","GPSM3","PKN2"
"BTK","PTPRR","PKN2"
"BTK","CDKN1B","PKN2"
"BTK","VCP","PKN2"
"BTK","GRIP1","PKN2"
"BTK","PSTPIP1","PKN2"
"BTK","ARRB2","PKN2"
"BTK","TRAF3","PKN2"
"BTK","CD28","PKN2"
"BTK","INPP5D","PKN2"
"BTK","FRS2","PKN2"
"BTK","SET","PKN2"
"BTK","PIK3R6","PKN2"
"BTK","HDAC2","PKN2"
"BTK","KSR1","PKN2"
"BTK","DDX58","PKN2"
"BTK","UBXN2B","PKN2"
"BTK","MST1R","PKN2"
"BTK","IFIH1","PKN2"
"BTK","RAD50","PKN2"
"BTK","HOXB7","PKN2"
"BTK","BLVRA","PKN2"
"BTK","GRB7","PKN2"
"BTK","PPP1R14B","PKN2"
"BTK","ITK","CREBBP"
"BTK","PRKCQ","SPRED1"
"BTK","RPS6K","SPRED1"
"BTK","ERK1/2","SPRED1"
"BTK","Gbeta","SPRED1"
"BTK","SGK1","SPRED1"
"BTK","CyclinD/CDK4","SPRED1"
"BTK","MAP3K1","SPRED1"
"BTK","DOK1","SPRED1"
"BTK","MAP3K4","SPRED1"
"BTK","DAPK1","SPRED1"
"BTK","PXN","SPRED1"
"BTK","FGG","SPRED1"
"BTK","RPS6KA3","SPRED1"
"BTK","BCL3","SPRED1"
"BTK","DVL1","SPRED1"
"BTK","FZR1","SPRED1"
"BTK","GRB2","SPRED1"
"BTK","ILK","SPRED1"
"BTK","STAP1","SPRED1"
"BTK","TBK1","SPRED1"
"BTK","CALM1","SPRED1"
"BTK","STK38","SPRED1"
"BTK","C9orf72","SPRED1"
"BTK","MAP4K1","SPRED1"
"BTK","IKK-complex","SPRED1"
"BTK","EPHA2","SPRED1"
"BTK","CDKN1B","SPRED1"
"BTK","STIP1","SPRED1"
"BTK","CD28","SPRED1"
"BTK","SET","SPRED1"
"BTK","UBXN2B","SPRED1"
"BTK","MST1R","SPRED1"
"BTK","ABI1","SPRED1"
"BTK","RAD50","SPRED1"
"BTK","LRP6","SPRED1"
"BTK","TELO2","SPRED1"
"BTK","CLSPN","SPRED1"
"BTK","GRB7","SPRED1"
"BTK","PPP1R14B","SPRED1"
"BTK","AKT3","MEK1/2"
"BTK","CHUK","MEK1/2"
"BTK","MTOR","MEK1/2"
"BTK","RPS6K","MEK1/2"
"BTK","PDPK1","MEK1/2"
"BTK","PRKCB","MEK1/2"
"BTK","PRKCZ","MEK1/2"
"BTK","WWTR1","MEK1/2"
"BTK","DAPK1","MEK1/2"
"BTK","LEPR","MEK1/2"
"BTK","SGK3","MEK1/2"
"BTK","ILK","MEK1/2"
"BTK","STK38","MEK1/2"
"BTK","TLK1","MEK1/2"
"BTK","C9orf72","MEK1/2"
"BTK","SHC1","MEK1/2"
"BTK","RPS6KA4","MEK1/2"
"BTK","NTRK1","MEK1/2"
"BTK","MAP3K8","MEK1/2"
"BTK","FBLIM1","MEK1/2"
"BTK","TEC","MEK1/2"
"BTK","CCR2","MEK1/2"
"BTK","STIP1","MEK1/2"
"BTK","TRAF3","MEK1/2"
"BTK","CRTC2","MEK1/2"
"BTK","FRS2","MEK1/2"
"BTK","CCNE1","MEK1/2"
"BTK","PIK3CG","MEK1/2"
"BTK","TRPV1","MEK1/2"
"BTK","BCL10","MEK1/2"
"BTK","PIK3R6","MEK1/2"
"BTK","MRE11","MEK1/2"
"BTK","HDAC2","MEK1/2"
"BTK","DDX58","MEK1/2"
"BTK","UBXN2B","MEK1/2"
"BTK","MST1R","MEK1/2"
"BTK","ROR2","MEK1/2"
"BTK","IFIH1","MEK1/2"
"BTK","WDFY3","MEK1/2"
"BTK","CTDP1","MEK1/2"
"BTK","TELO2","MEK1/2"
"BTK","BLVRA","MEK1/2"
"BTK","MAPKAP1","MEK1/2"
"BTK","RBL2","MEK1/2"
"BTK","AKT2","JAK1"
"BTK","AKT1","JAK1"
"BTK","CCP110","JAK1"
"BTK","ERK1/2","JAK1"
"BTK","ABL1","JAK1"
"BTK","RPS6KA5","JAK1"
"BTK","SGK1","JAK1"
"BTK","MAP2K1","JAK1"
"BTK","CyclinD/CDK4","JAK1"
"BTK","MAP3K1","JAK1"
"BTK","IKBKB","JAK1"
"BTK","WWTR1","JAK1"
"BTK","MAP3K4","JAK1"
"BTK","DAPK1","JAK1"
"BTK","FGG","JAK1"
"BTK","LEPR","JAK1"
"BTK","RPS6KA3","JAK1"
"BTK","BCL3","JAK1"
"BTK","DVL1","JAK1"
"BTK","FZR1","JAK1"
"BTK","GRB2","JAK1"
"BTK","VCPIP1","JAK1"
"BTK","ATR","JAK1"
"BTK","PTK6","JAK1"
"BTK","IKBKE","JAK1"
"BTK","CCND1","JAK1"
"BTK","ILK","JAK1"
"BTK","STAP1","JAK1"
"BTK","TBK1","JAK1"
"BTK","SPRED1","JAK1"
"BTK","PTPN7","JAK1"
"BTK","CALM1","JAK1"
"BTK","FADD","JAK1"
"BTK","STK38","JAK1"
"BTK","RET","JAK1"
"BTK","RPS6KA4","JAK1"
"BTK","NTRK1","JAK1"
"BTK","GPSM3","JAK1"
"BTK","MAPKAPK5","JAK1"
"BTK","MAP3K8","JAK1"
"BTK","PTPRR","JAK1"
"BTK","CDKN1B","JAK1"
"BTK","FBLIM1","JAK1"
"BTK","TEC","JAK1"
"BTK","VCP","JAK1"
"BTK","GRIP1","JAK1"
"BTK","TMIGD2","JAK1"
"BTK","STIP1","JAK1"
"BTK","PSTPIP1","JAK1"
"BTK","ARRB2","JAK1"
"BTK","TRAF3","JAK1"
"BTK","IL2RB","JAK1"
"BTK","CD28","JAK1"
"BTK","INPP5D","JAK1"
"BTK","FRS2","JAK1"
"BTK","PIK3CG","JAK1"
"BTK","TRPV1","JAK1"
"BTK","PIK3R6","JAK1"
"BTK","MRE11","JAK1"
"BTK","KSR1","JAK1"
"BTK","DDX58","JAK1"
"BTK","UBXN2B","JAK1"
"BTK","MST1R","JAK1"
"BTK","ROR2","JAK1"
"BTK","ABI1","JAK1"
"BTK","RAD50","JAK1"
"BTK","WDFY3","JAK1"
"BTK","LRP6","JAK1"
"BTK","GRB14","JAK1"
"BTK","RND1","JAK1"
"BTK","STING1","JAK1"
"BTK","SPEN","JAK1"
"BTK","TELO2","JAK1"
"BTK","BLVRA","JAK1"
"BTK","CLSPN","JAK1"
"BTK","PLCG2","JAK1"
"BTK","PPP1R14B","JAK1"
"BTK","PABIR1","JAK1"
"BTK","AKT3","PTPN7"
"BTK","AKT2","PTPN7"
"BTK","PTEN","PTPN7"
"BTK","PRKCQ","PTPN7"
"BTK","PRKG1","PTPN7"
"BTK","CCP110","PTPN7"
"BTK","CDK9","PTPN7"
"BTK","ABL1","PTPN7"
"BTK","RPS6KA5","PTPN7"
"BTK","WNK1","PTPN7"
"BTK","PDPK1","PTPN7"
"BTK","SGK1","PTPN7"
"BTK","PRKCB","PTPN7"
"BTK","PRKCG","PTPN7"
"BTK","PRKCZ","PTPN7"
"BTK","MAP3K1","PTPN7"
"BTK","AKT","PTPN7"
"BTK","IKBKB","PTPN7"
"BTK","WWTR1","PTPN7"
"BTK","PXN","PTPN7"
"BTK","FGG","PTPN7"
"BTK","LEPR","PTPN7"
"BTK","ITK","PTPN7"
"BTK","RPS6KA3","PTPN7"
"BTK","GRB2","PTPN7"
"BTK","VCPIP1","PTPN7"
"BTK","ATR","PTPN7"
"BTK","PTK6","PTPN7"
"BTK","IKBKE","PTPN7"
"BTK","CCND1","PTPN7"
"BTK","ILK","PTPN7"
"BTK","STAP1","PTPN7"
"BTK","TBK1","PTPN7"
"BTK","SPRED1","PTPN7"
"BTK","FADD","PTPN7"
"BTK","STK38","PTPN7"
"BTK","RET","PTPN7"
"BTK","DDX41","PTPN7"
"BTK","IKK-complex","PTPN7"
"BTK","RPS6KA4","PTPN7"
"BTK","NTRK1","PTPN7"
"BTK","GPSM3","PTPN7"
"BTK","RELA","PTPN7"
"BTK","MAP3K8","PTPN7"
"BTK","PTPRR","PTPN7"
"BTK","FBLIM1","PTPN7"
"BTK","TEC","PTPN7"
"BTK","VCP","PTPN7"
"BTK","GRIP1","PTPN7"
"BTK","TMIGD2","PTPN7"
"BTK","CCR2","PTPN7"
"BTK","STIP1","PTPN7"
"BTK","CD28","PTPN7"
"BTK","INPP5D","PTPN7"
"BTK","IMPDH2","PTPN7"
"BTK","SET","PTPN7"
"BTK","SH2B2","PTPN7"
"BTK","PPP1R14A","PTPN7"
"BTK","BCL10","PTPN7"
"BTK","PIK3R6","PTPN7"
"BTK","MRE11","PTPN7"
"BTK","HDAC2","PTPN7"
"BTK","KSR1","PTPN7"
"BTK","DDX58","PTPN7"
"BTK","ROR2","PTPN7"
"BTK","ABI1","PTPN7"
"BTK","IFIH1","PTPN7"
"BTK","RAD50","PTPN7"
"BTK","WDFY3","PTPN7"
"BTK","LRP6","PTPN7"
"BTK","RND1","PTPN7"
"BTK","STING1","PTPN7"
"BTK","BLVRA","PTPN7"
"BTK","MAPKAP1","PTPN7"
"BTK","RBL2","PTPN7"
"BTK","PABIR1","PTPN7"
"BTK","MAPK3","GPI"
"BTK","AKT3","GPI"
"BTK","PTEN","GPI"
"BTK","PRKCQ","GPI"
"BTK","CALM2","GPI"
"BTK","ERK1/2","GPI"
"BTK","Gbeta","GPI"
"BTK","RPS6KA5","GPI"
"BTK","MAP2K1","GPI"
"BTK","PRKCG","GPI"
"BTK","MAP3K1","GPI"
"BTK","MAP3K7","GPI"
"BTK","IKBKB","GPI"
"BTK","WWTR1","GPI"
"BTK","DOK1","GPI"
"BTK","PXN","GPI"
"BTK","ITK","GPI"
"BTK","RPS6KA3","GPI"
"BTK","GRB2","GPI"
"BTK","ATR","GPI"
"BTK","PTK6","GPI"
"BTK","MEK1/2","GPI"
"BTK","PTPN7","GPI"
"BTK","CALM1","GPI"
"BTK","CDKN2A","GPI"
"BTK","IKK-complex","GPI"
"BTK","RPS6KA4","GPI"
"BTK","RELA","GPI"
"BTK","EPHA2","GPI"
"BTK","VCP","GPI"
"BTK","GRIP1","GPI"
"BTK","TMIGD2","GPI"
"BTK","CCR2","GPI"
"BTK","STIP1","GPI"
"BTK","TRAF3","GPI"
"BTK","CRTC2","GPI"
"BTK","PIK3CG","GPI"
"BTK","SH2B2","GPI"
"BTK","PPP1R14A","GPI"
"BTK","PIK3R6","GPI"
"BTK","IFIH1","GPI"
"BTK","RAD50","GPI"
"BTK","LRP6","GPI"
"BTK","GRB14","GPI"
"BTK","PIK3C3","GPI"
"BTK","NFKB1","GPI"
"BTK","BLVRA","GPI"
"BTK","GRB7","GPI"
"BTK","BAZ1B","GPI"
"BTK","RBL2","GPI"
"BTK","PLCG2","CRK"
"BTK","CHUK","CALM1"
"BTK","PRKG1","CALM1"
"BTK","RPS6K","CALM1"
"BTK","ERK1/2","CALM1"
"BTK","LCK","CALM1"
"BTK","MAP2K1","CALM1"
"BTK","MAP3K7","CALM1"
"BTK","AKT","CALM1"
"BTK","WWTR1","CALM1"
"BTK","DOK1","CALM1"
"BTK","MAP3K4","CALM1"
"BTK","FGG","CALM1"
"BTK","BCL3","CALM1"
"BTK","PTK6","CALM1"
"BTK","IKBKE","CALM1"
"BTK","CCND1","CALM1"
"BTK","SPRED1","CALM1"
"BTK","MEK1/2","CALM1"
"BTK","FADD","CALM1"
"BTK","STK38","CALM1"
"BTK","C9orf72","CALM1"
"BTK","RET","CALM1"
"BTK","SHC1","CALM1"
"BTK","EPHA2","CALM1"
"BTK","TEC","CALM1"
"BTK","TMIGD2","CALM1"
"BTK","CCR2","CALM1"
"BTK","STIP1","CALM1"
"BTK","PSTPIP1","CALM1"
"BTK","TRAF3","CALM1"
"BTK","CRTC2","CALM1"
"BTK","CD28","CALM1"
"BTK","FRS2","CALM1"
"BTK","CCNE1","CALM1"
"BTK","IMPDH2","CALM1"
"BTK","SH2B2","CALM1"
"BTK","PIK3R6","CALM1"
"BTK","HDAC2","CALM1"
"BTK","DDX58","CALM1"
"BTK","MST1R","CALM1"
"BTK","ABI1","CALM1"
"BTK","TTI1","CALM1"
"BTK","LRP6","CALM1"
"BTK","GRB14","CALM1"
"BTK","PIK3C3","CALM1"
"BTK","BLVRA","CALM1"
"BTK","BAZ1B","CALM1"
"BTK","PLCG2","CALM1"
"BTK","RBL2","CALM1"
"BTK","PPP1R14B","CALM1"
"BTK","PABIR1","CALM1"
"BTK","AKT3","FADD"
"BTK","AKT2","FADD"
"BTK","PTEN","FADD"
"BTK","AKT1","FADD"
"BTK","CCP110","FADD"
"BTK","CDK9","FADD"
"BTK","ABL1","FADD"
"BTK","RPS6KA5","FADD"
"BTK","SGK1","FADD"
"BTK","MAP2K1","FADD"
"BTK","PRKCB","FADD"
"BTK","PRKCG","FADD"
"BTK","CyclinD/CDK4","FADD"
"BTK","AKT","FADD"
"BTK","IKBKB","FADD"
"BTK","WWTR1","FADD"
"BTK","MAP3K4","FADD"
"BTK","DAPK1","FADD"
"BTK","PXN","FADD"
"BTK","FGG","FADD"
"BTK","ITK","FADD"
"BTK","BCL3","FADD"
"BTK","FZR1","FADD"
"BTK","VCPIP1","FADD"
"BTK","ATR","FADD"
"BTK","IKBKE","FADD"
"BTK","CCND1","FADD"
"BTK","ILK","FADD"
"BTK","TBK1","FADD"
"BTK","SPRED1","FADD"
"BTK","MEK1/2","FADD"
"BTK","TLK1","FADD"
"BTK","C9orf72","FADD"
"BTK","CDKN2A","FADD"
"BTK","RET","FADD"
"BTK","DDX41","FADD"
"BTK","SHC1","FADD"
"BTK","RPS6KA4","FADD"
"BTK","GPSM3","FADD"
"BTK","RELA","FADD"
"BTK","MAPKAPK5","FADD"
"BTK","EPHA2","FADD"
"BTK","MAP3K8","FADD"
"BTK","PTPRR","FADD"
"BTK","CDKN1B","FADD"
"BTK","TEC","FADD"
"BTK","VCP","FADD"
"BTK","GRIP1","FADD"
"BTK","TMIGD2","FADD"
"BTK","STIP1","FADD"
"BTK","TRAF3","FADD"
"BTK","CD28","FADD"
"BTK","INPP5D","FADD"
"BTK","CCNE1","FADD"
"BTK","SET","FADD"
"BTK","PIK3CG","FADD"
"BTK","BCL10","FADD"
"BTK","PIK3R6","FADD"
"BTK","MST1R","FADD"
"BTK","WDFY3","FADD"
"BTK","HOXB7","FADD"
"BTK","SPEN","FADD"
"BTK","NFKB1","FADD"
"BTK","CTDP1","FADD"
"BTK","CLSPN","FADD"
"BTK","MAPKAP1","FADD"
"BTK","RBL2","FADD"
"BTK","PPP1R14B","FADD"
"BTK","CHUK","STK38"
"BTK","PRKCQ","STK38"
"BTK","PRKG1","STK38"
"BTK","RPS6K","STK38"
"BTK","ERK1/2","STK38"
"BTK","Gbeta","STK38"
"BTK","LCK","STK38"
"BTK","CDK9","STK38"
"BTK","RPS6KA5","STK38"
"BTK","PRKCZ","STK38"
"BTK","MAP3K1","STK38"
"BTK","MAP3K7","STK38"
"BTK","DOK1","STK38"
"BTK","MAP3K4","STK38"
"BTK","DVL1","STK38"
"BTK","FZR1","STK38"
"BTK","ATR","STK38"
"BTK","PTK6","STK38"
"BTK","IKBKE","STK38"
"BTK","ILK","STK38"
"BTK","SPRED1","STK38"
"BTK","MEK1/2","STK38"
"BTK","CALM1","STK38"
"BTK","TLK1","STK38"
"BTK","C9orf72","STK38"
"BTK","RET","STK38"
"BTK","DDX41","STK38"
"BTK","IKK-complex","STK38"
"BTK","SHC1","STK38"
"BTK","NTRK1","STK38"
"BTK","RELA","STK38"
"BTK","MAPKAPK5","STK38"
"BTK","EPHA2","STK38"
"BTK","CDKN1B","STK38"
"BTK","FBLIM1","STK38"
"BTK","TEC","STK38"
"BTK","VCP","STK38"
"BTK","GRIP1","STK38"
"BTK","TMIGD2","STK38"
"BTK","CCR2","STK38"
"BTK","STIP1","STK38"
"BTK","ARRB2","STK38"
"BTK","CD28","STK38"
"BTK","IMPDH2","STK38"
"BTK","SET","STK38"
"BTK","PIK3CG","STK38"
"BTK","SH2B2","STK38"
"BTK","TRPV1","STK38"
"BTK","BCL10","STK38"
"BTK","PIK3R6","STK38"
"BTK","MRE11","STK38"
"BTK","HDAC2","STK38"
"BTK","DDX58","STK38"
"BTK","UBXN2B","STK38"
"BTK","MST1R","STK38"
"BTK","ROR2","STK38"
"BTK","ABI1","STK38"
"BTK","IFIH1","STK38"
"BTK","RAD50","STK38"
"BTK","TTI1","STK38"
"BTK","WDFY3","STK38"
"BTK","LRP6","STK38"
"BTK","HOXB7","STK38"
"BTK","PIK3C3","STK38"
"BTK","STING1","STK38"
"BTK","SPEN","STK38"
"BTK","CTDP1","STK38"
"BTK","TELO2","STK38"
"BTK","BLVRA","STK38"
"BTK","CLSPN","STK38"
"BTK","MAPKAP1","STK38"
"BTK","GRB7","STK38"
"BTK","RBL2","STK38"
"BTK","PPP1R14B","STK38"
"BTK","MAPK3","DDX3X"
"BTK","AKT3","DDX3X"
"BTK","CHUK","DDX3X"
"BTK","AKT2","DDX3X"
"BTK","PTEN","DDX3X"
"BTK","PRKCQ","DDX3X"
"BTK","CCP110","DDX3X"
"BTK","CALM2","DDX3X"
"BTK","ERK1/2","DDX3X"
"BTK","ABL1","DDX3X"
"BTK","WNK1","DDX3X"
"BTK","PDPK1","DDX3X"
"BTK","SGK1","DDX3X"
"BTK","MAP2K1","DDX3X"
"BTK","PRKCB","DDX3X"
"BTK","PRKCG","DDX3X"
"BTK","PRKCZ","DDX3X"
"BTK","CyclinD/CDK4","DDX3X"
"BTK","MAP3K7","DDX3X"
"BTK","IKBKB","DDX3X"
"BTK","DOK1","DDX3X"
"BTK","MAP3K4","DDX3X"
"BTK","BCL3","DDX3X"
"BTK","FZR1","DDX3X"
"BTK","GRB2","DDX3X"
"BTK","ATR","DDX3X"
"BTK","SGK3","DDX3X"
"BTK","PTK6","DDX3X"
"BTK","ILK","DDX3X"
"BTK","STAP1","DDX3X"
"BTK","MEK1/2","DDX3X"
"BTK","FADD","DDX3X"
"BTK","CDKN2A","DDX3X"
"BTK","DDX41","DDX3X"
"BTK","SHC1","DDX3X"
"BTK","RPS6KA4","DDX3X"
"BTK","NTRK1","DDX3X"
"BTK","GPSM3","DDX3X"
"BTK","MAPKAPK5","DDX3X"
"BTK","MAP3K8","DDX3X"
"BTK","TMIGD2","DDX3X"
"BTK","CCR2","DDX3X"
"BTK","STIP1","DDX3X"
"BTK","PSTPIP1","DDX3X"
"BTK","ARRB2","DDX3X"
"BTK","CRTC2","DDX3X"
"BTK","INPP5D","DDX3X"
"BTK","CCNE1","DDX3X"
"BTK","IMPDH2","DDX3X"
"BTK","SET","DDX3X"
"BTK","PIK3CG","DDX3X"
"BTK","SH2B2","DDX3X"
"BTK","BCL10","DDX3X"
"BTK","MRE11","DDX3X"
"BTK","DDX58","DDX3X"
"BTK","IFIH1","DDX3X"
"BTK","PIK3C3","DDX3X"
"BTK","STING1","DDX3X"
"BTK","SPEN","DDX3X"
"BTK","CTDP1","DDX3X"
"BTK","TELO2","DDX3X"
"BTK","GRB7","DDX3X"
"BTK","MAPK3","TLK1"
"BTK","AKT3","TLK1"
"BTK","AKT2","TLK1"
"BTK","PTEN","TLK1"
"BTK","AKT1","TLK1"
"BTK","CCP110","TLK1"
"BTK","ERK1/2","TLK1"
"BTK","Gbeta","TLK1"
"BTK","LCK","TLK1"
"BTK","CDK9","TLK1"
"BTK","PDPK1","TLK1"
"BTK","PRKCB","TLK1"
"BTK","PRKCG","TLK1"
"BTK","AKT","TLK1"
"BTK","WWTR1","TLK1"
"BTK","DOK1","TLK1"
"BTK","DAPK1","TLK1"
"BTK","FGG","TLK1"
"BTK","RPS6KA3","TLK1"
"BTK","VCPIP1","TLK1"
"BTK","SGK3","TLK1"
"BTK","MEK1/2","TLK1"
"BTK","FADD","TLK1"
"BTK","STK38","TLK1"
"BTK","CDKN2A","TLK1"
"BTK","MAP4K1","TLK1"
"BTK","DDX41","TLK1"
"BTK","IKK-complex","TLK1"
"BTK","SHC1","TLK1"
"BTK","RPS6KA4","TLK1"
"BTK","NTRK1","TLK1"
"BTK","GPSM3","TLK1"
"BTK","MAPKAPK5","TLK1"
"BTK","MAP3K8","TLK1"
"BTK","VCP","TLK1"
"BTK","TMIGD2","TLK1"
"BTK","TRAF3","TLK1"
"BTK","IMPDH2","TLK1"
"BTK","PIK3CG","TLK1"
"BTK","SH2B2","TLK1"
"BTK","PPP1R14A","TLK1"
"BTK","BCL10","TLK1"
"BTK","PIK3R6","TLK1"
"BTK","MRE11","TLK1"
"BTK","HDAC2","TLK1"
"BTK","KSR1","TLK1"
"BTK","UBXN2B","TLK1"
"BTK","IFIH1","TLK1"
"BTK","RAD50","TLK1"
"BTK","WDFY3","TLK1"
"BTK","GRB14","TLK1"
"BTK","RND1","TLK1"
"BTK","STING1","TLK1"
"BTK","CTDP1","TLK1"
"BTK","TELO2","TLK1"
"BTK","MAPKAP1","TLK1"
"BTK","GRB7","TLK1"
"BTK","BAZ1B","TLK1"
"BTK","PPP1R14B","TLK1"
"BTK","AKT2","C9orf72"
"BTK","PTEN","C9orf72"
"BTK","AKT1","C9orf72"
"BTK","CDK9","C9orf72"
"BTK","RPS6KA5","C9orf72"
"BTK","PRKCG","C9orf72"
"BTK","CyclinD/CDK4","C9orf72"
"BTK","MAP3K1","C9orf72"
"BTK","MAP3K7","C9orf72"
"BTK","WWTR1","C9orf72"
"BTK","MAP3K4","C9orf72"
"BTK","DAPK1","C9orf72"
"BTK","PXN","C9orf72"
"BTK","FGG","C9orf72"
"BTK","LEPR","C9orf72"
"BTK","ITK","C9orf72"
"BTK","VCPIP1","C9orf72"
"BTK","SGK3","C9orf72"
"BTK","PTK6","C9orf72"
"BTK","CCND1","C9orf72"
"BTK","ILK","C9orf72"
"BTK","MEK1/2","C9orf72"
"BTK","PTPN7","C9orf72"
"BTK","CALM1","C9orf72"
"BTK","FADD","C9orf72"
"BTK","STK38","C9orf72"
"BTK","TLK1","C9orf72"
"BTK","CDKN2A","C9orf72"
"BTK","MAP4K1","C9orf72"
"BTK","SHC1","C9orf72"
"BTK","GPSM3","C9orf72"
"BTK","RELA","C9orf72"
"BTK","MAPKAPK5","C9orf72"
"BTK","MAP3K8","C9orf72"
"BTK","CDKN1B","C9orf72"
"BTK","FBLIM1","C9orf72"
"BTK","TEC","C9orf72"
"BTK","VCP","C9orf72"
"BTK","TMIGD2","C9orf72"
"BTK","CCR2","C9orf72"
"BTK","FRS2","C9orf72"
"BTK","IMPDH2","C9orf72"
"BTK","SH2B2","C9orf72"
"BTK","PPP1R14A","C9orf72"
"BTK","HDAC2","C9orf72"
"BTK","DDX58","C9orf72"
"BTK","UBXN2B","C9orf72"
"BTK","MST1R","C9orf72"
"BTK","ROR2","C9orf72"
"BTK","IFIH1","C9orf72"
"BTK","GRB14","C9orf72"
"BTK","PIK3C3","C9orf72"
"BTK","RND1","C9orf72"
"BTK","STING1","C9orf72"
"BTK","SPEN","C9orf72"
"BTK","NFKB1","C9orf72"
"BTK","CTDP1","C9orf72"
"BTK","TELO2","C9orf72"
"BTK","BLVRA","C9orf72"
"BTK","CLSPN","C9orf72"
"BTK","MAPKAP1","C9orf72"
"BTK","GRB7","C9orf72"
"BTK","RBL2","C9orf72"
"BTK","PPP1R14B","C9orf72"
"BTK","PABIR1","C9orf72"
"BTK","MAPK3","PI3K"
"BTK","AKT3","PI3K"
"BTK","CHUK","PI3K"
"BTK","AKT2","PI3K"
"BTK","PTEN","PI3K"
"BTK","PRKCQ","PI3K"
"BTK","MAPK1","PI3K"
"BTK","CCP110","PI3K"
"BTK","RPS6K","PI3K"
"BTK","CALM2","PI3K"
"BTK","ERK1/2","PI3K"
"BTK","Gbeta","PI3K"
"BTK","LCK","PI3K"
"BTK","CDK9","PI3K"
"BTK","RPS6KA5","PI3K"
"BTK","PDPK1","PI3K"
"BTK","MAP2K1","PI3K"
"BTK","PRKCB","PI3K"
"BTK","PRKCG","PI3K"
"BTK","RAB1A","PI3K"
"BTK","CyclinD/CDK4","PI3K"
"BTK","MAP3K1","PI3K"
"BTK","MAP3K7","PI3K"
"BTK","AKT","PI3K"
"BTK","WWTR1","PI3K"
"BTK","DOK1","PI3K"
"BTK","PXN","PI3K"
"BTK","ITK","PI3K"
"BTK","mTORC1","PI3K"
"BTK","DVL1","PI3K"
"BTK","FZR1","PI3K"
"BTK","GRB2","PI3K"
"BTK","VCPIP1","PI3K"
"BTK","ATR","PI3K"
"BTK","PTK6","PI3K"
"BTK","PAK1","PI3K"
"BTK","CCND1","PI3K"
"BTK","TYK2","PI3K"
"BTK","ILK","PI3K"
"BTK","STAP1","PI3K"
"BTK","TBK1","PI3K"
"BTK","SPRED1","PI3K"
"BTK","MEK1/2","PI3K"
"BTK","FADD","PI3K"
"BTK","STK38","PI3K"
"BTK","MAP4K1","PI3K"
"BTK","DDX41","PI3K"
"BTK","SHC1","PI3K"
"BTK","RPS6KA4","PI3K"
"BTK","NTRK1","PI3K"
"BTK","GPSM3","PI3K"
"BTK","RELA","PI3K"
"BTK","EPHA2","PI3K"
"BTK","MAP3K8","PI3K"
"BTK","FBLIM1","PI3K"
"BTK","TEC","PI3K"
"BTK","VCP","PI3K"
"BTK","GRIP1","PI3K"
"BTK","TMIGD2","PI3K"
"BTK","CCR2","PI3K"
"BTK","STIP1","PI3K"
"BTK","CD28","PI3K"
"BTK","INPP5D","PI3K"
"BTK","SLK","PI3K"
"BTK","CCNE1","PI3K"
"BTK","PIK3CG","PI3K"
"BTK","SH2B2","PI3K"
"BTK","BCL10","PI3K"
"BTK","DDX58","PI3K"
"BTK","ROR2","PI3K"
"BTK","ABI1","PI3K"
"BTK","IFIH1","PI3K"
"BTK","RAD50","PI3K"
"BTK","GRB14","PI3K"
"BTK","RND1","PI3K"
"BTK","STING1","PI3K"
"BTK","SPEN","PI3K"
"BTK","BLVRA","PI3K"
"BTK","CLSPN","PI3K"
"BTK","MAPK3","PTH1R"
"BTK","AKT1","PTH1R"
"BTK","CALM2","PTH1R"
"BTK","ERK1/2","PTH1R"
"BTK","Gbeta","PTH1R"
"BTK","ABL1","PTH1R"
"BTK","PDPK1","PTH1R"
"BTK","SGK1","PTH1R"
"BTK","MAP2K1","PTH1R"
"BTK","PRKCG","PTH1R"
"BTK","PRKCZ","PTH1R"
"BTK","CyclinD/CDK4","PTH1R"
"BTK","MAP3K1","PTH1R"
"BTK","MAP3K7","PTH1R"
"BTK","AKT","PTH1R"
"BTK","IKBKB","PTH1R"
"BTK","DOK1","PTH1R"
"BTK","MAP3K4","PTH1R"
"BTK","BCL3","PTH1R"
"BTK","DVL1","PTH1R"
"BTK","ATR","PTH1R"
"BTK","CCND1","PTH1R"
"BTK","MEK1/2","PTH1R"
"BTK","PTPN7","PTH1R"
"BTK","STK38","PTH1R"
"BTK","TLK1","PTH1R"
"BTK","CDKN2A","PTH1R"
"BTK","RET","PTH1R"
"BTK","DDX41","PTH1R"
"BTK","RELA","PTH1R"
"BTK","PTPRR","PTH1R"
"BTK","TRAF3","PTH1R"
"BTK","INPP5D","PTH1R"
"BTK","FRS2","PTH1R"
"BTK","SET","PTH1R"
"BTK","PIK3CG","PTH1R"
"BTK","SH2B2","PTH1R"
"BTK","TRPV1","PTH1R"
"BTK","BCL10","PTH1R"
"BTK","PIK3R6","PTH1R"
"BTK","MRE11","PTH1R"
"BTK","KSR1","PTH1R"
"BTK","DDX58","PTH1R"
"BTK","IFIH1","PTH1R"
"BTK","RAD50","PTH1R"
"BTK","TTI1","PTH1R"
"BTK","GRB14","PTH1R"
"BTK","STING1","PTH1R"
"BTK","NFKB1","PTH1R"
"BTK","MAPKAP1","PTH1R"
"BTK","GRB7","PTH1R"
"BTK","PPP1R14B","PTH1R"
"BTK","PABIR1","PTH1R"
"BTK","MAPK3","CDKN2A"
"BTK","PRKCQ","CDKN2A"
"BTK","MTOR","CDKN2A"
"BTK","AKT1","CDKN2A"
"BTK","RPS6K","CDKN2A"
"BTK","CALM2","CDKN2A"
"BTK","LCK","CDKN2A"
"BTK","RPS6KA5","CDKN2A"
"BTK","WNK1","CDKN2A"
"BTK","PDPK1","CDKN2A"
"BTK","SGK1","CDKN2A"
"BTK","PRKCZ","CDKN2A"
"BTK","CyclinD/CDK4","CDKN2A"
"BTK","MAP3K7","CDKN2A"
"BTK","AKT","CDKN2A"
"BTK","WWTR1","CDKN2A"
"BTK","DAPK1","CDKN2A"
"BTK","FGG","CDKN2A"
"BTK","LEPR","CDKN2A"
"BTK","RPS6KA3","CDKN2A"
"BTK","BCL3","CDKN2A"
"BTK","FZR1","CDKN2A"
"BTK","GRB2","CDKN2A"
"BTK","VCPIP1","CDKN2A"
"BTK","SGK3","CDKN2A"
"BTK","PTK6","CDKN2A"
"BTK","STAP1","CDKN2A"
"BTK","SPRED1","CDKN2A"
"BTK","FADD","CDKN2A"
"BTK","TLK1","CDKN2A"
"BTK","MAP4K1","CDKN2A"
"BTK","RET","CDKN2A"
"BTK","DDX41","CDKN2A"
"BTK","SHC1","CDKN2A"
"BTK","RPS6KA4","CDKN2A"
"BTK","RELA","CDKN2A"
"BTK","MAPKAPK5","CDKN2A"
"BTK","EPHA2","CDKN2A"
"BTK","PTPRR","CDKN2A"
"BTK","CDKN1B","CDKN2A"
"BTK","FBLIM1","CDKN2A"
"BTK","VCP","CDKN2A"
"BTK","CCR2","CDKN2A"
"BTK","STIP1","CDKN2A"
"BTK","PSTPIP1","CDKN2A"
"BTK","ARRB2","CDKN2A"
"BTK","TRAF3","CDKN2A"
"BTK","CRTC2","CDKN2A"
"BTK","FRS2","CDKN2A"
"BTK","CCNE1","CDKN2A"
"BTK","SH2B2","CDKN2A"
"BTK","TRPV1","CDKN2A"
"BTK","PIK3R6","CDKN2A"
"BTK","HDAC2","CDKN2A"
"BTK","DDX58","CDKN2A"
"BTK","MST1R","CDKN2A"
"BTK","ROR2","CDKN2A"
"BTK","TTI1","CDKN2A"
"BTK","HOXB7","CDKN2A"
"BTK","CTDP1","CDKN2A"
"BTK","CLSPN","CDKN2A"
"BTK","GRB7","CDKN2A"
"BTK","RBL2","CDKN2A"
"BTK","PABIR1","CDKN2A"
"BTK","MAPK3","MAP4K1"
"BTK","AKT1","MAP4K1"
"BTK","SGK1","MAP4K1"
"BTK","MAP3K7","MAP4K1"
"BTK","DOK1","MAP4K1"
"BTK","BCL3","MAP4K1"
"BTK","ATR","MAP4K1"
"BTK","CCND1","MAP4K1"
"BTK","ILK","MAP4K1"
"BTK","SPRED1","MAP4K1"
"BTK","MEK1/2","MAP4K1"
"BTK","STK38","MAP4K1"
"BTK","CDKN2A","MAP4K1"
"BTK","RET","MAP4K1"
"BTK","SHC1","MAP4K1"
"BTK","CDKN1B","MAP4K1"
"BTK","CCR2","MAP4K1"
"BTK","TRAF3","MAP4K1"
"BTK","INPP5D","MAP4K1"
"BTK","FRS2","MAP4K1"
"BTK","TRPV1","MAP4K1"
"BTK","BCL10","MAP4K1"
"BTK","MRE11","MAP4K1"
"BTK","MST1R","MAP4K1"
"BTK","ABI1","MAP4K1"
"BTK","IFIH1","MAP4K1"
"BTK","RAD50","MAP4K1"
"BTK","NFKB1","MAP4K1"
"BTK","CTDP1","MAP4K1"
"BTK","TELO2","MAP4K1"
"BTK","PLCG2","MAP4K1"
"BTK","PPP1R14B","MAP4K1"
"BTK","CHUK","MAD2L1BP"
"BTK","AKT2","MAD2L1BP"
"BTK","AKT1","MAD2L1BP"
"BTK","PRKG1","MAD2L1BP"
"BTK","CALM2","MAD2L1BP"
"BTK","ERK1/2","MAD2L1BP"
"BTK","Gbeta","MAD2L1BP"
"BTK","LCK","MAD2L1BP"
"BTK","CDK9","MAD2L1BP"
"BTK","RPS6KA5","MAD2L1BP"
"BTK","PDPK1","MAD2L1BP"
"BTK","PRKCG","MAD2L1BP"
"BTK","PRKCZ","MAD2L1BP"
"BTK","MAP3K1","MAD2L1BP"
"BTK","AKT","MAD2L1BP"
"BTK","IKBKB","MAD2L1BP"
"BTK","WWTR1","MAD2L1BP"
"BTK","DOK1","MAD2L1BP"
"BTK","MAP3K4","MAD2L1BP"
"BTK","ATR","MAD2L1BP"
"BTK","MEK1/2","MAD2L1BP"
"BTK","CALM1","MAD2L1BP"
"BTK","TLK1","MAD2L1BP"
"BTK","C9orf72","MAD2L1BP"
"BTK","RET","MAD2L1BP"
"BTK","SHC1","MAD2L1BP"
"BTK","MAPKAPK5","MAD2L1BP"
"BTK","PTPRR","MAD2L1BP"
"BTK","CDKN1B","MAD2L1BP"
"BTK","FBLIM1","MAD2L1BP"
"BTK","TEC","MAD2L1BP"
"BTK","VCP","MAD2L1BP"
"BTK","TMIGD2","MAD2L1BP"
"BTK","CCR2","MAD2L1BP"
"BTK","STIP1","MAD2L1BP"
"BTK","PSTPIP1","MAD2L1BP"
"BTK","ARRB2","MAD2L1BP"
"BTK","TRAF3","MAD2L1BP"
"BTK","INPP5D","MAD2L1BP"
"BTK","FRS2","MAD2L1BP"
"BTK","IMPDH2","MAD2L1BP"
"BTK","PIK3CG","MAD2L1BP"
"BTK","SH2B2","MAD2L1BP"
"BTK","PIK3R6","MAD2L1BP"
"BTK","MRE11","MAD2L1BP"
"BTK","HDAC2","MAD2L1BP"
"BTK","DDX58","MAD2L1BP"
"BTK","UBXN2B","MAD2L1BP"
"BTK","ABI1","MAD2L1BP"
"BTK","IFIH1","MAD2L1BP"
"BTK","RAD50","MAD2L1BP"
"BTK","WDFY3","MAD2L1BP"
"BTK","GRB14","MAD2L1BP"
"BTK","PIK3C3","MAD2L1BP"
"BTK","RND1","MAD2L1BP"
"BTK","STING1","MAD2L1BP"
"BTK","CTDP1","MAD2L1BP"
"BTK","GRB7","MAD2L1BP"
"BTK","BAZ1B","MAD2L1BP"
"BTK","PPP1R14B","MAD2L1BP"
"BTK","MAPK3","RET"
"BTK","PTEN","RET"
"BTK","MTOR","RET"
"BTK","AKT1","RET"
"BTK","PRKG1","RET"
"BTK","CCP110","RET"
"BTK","LCK","RET"
"BTK","CDK9","RET"
"BTK","ABL1","RET"
"BTK","WNK1","RET"
"BTK","SGK1","RET"
"BTK","PRKCG","RET"
"BTK","PRKCZ","RET"
"BTK","AKT","RET"
"BTK","WWTR1","RET"
"BTK","FGG","RET"
"BTK","LEPR","RET"
"BTK","RPS6KA3","RET"
"BTK","ATR","RET"
"BTK","SGK3","RET"
"BTK","PTK6","RET"
"BTK","IKBKE","RET"
"BTK","STK38","RET"
"BTK","CDKN2A","RET"
"BTK","MAP4K1","RET"
"BTK","GPSM3","RET"
"BTK","MAP3K8","RET"
"BTK","CDKN1B","RET"
"BTK","TMIGD2","RET"
"BTK","CRTC2","RET"
"BTK","INPP5D","RET"
"BTK","IMPDH2","RET"
"BTK","SET","RET"
"BTK","PIK3CG","RET"
"BTK","SMAD1","RET"
"BTK","BCL10","RET"
"BTK","KSR1","RET"
"BTK","DDX58","RET"
"BTK","UBXN2B","RET"
"BTK","RAD50","RET"
"BTK","WDFY3","RET"
"BTK","GRB14","RET"
"BTK","HOXB7","RET"
"BTK","PIK3C3","RET"
"BTK","RND1","RET"
"BTK","STING1","RET"
"BTK","SPEN","RET"
"BTK","CTDP1","RET"
"BTK","CLSPN","RET"
"BTK","PLCG2","RET"
"BTK","RBL2","RET"
"BTK","WNK1","DDX41"
"BTK","WWTR1","DDX41"
"BTK","FGG","DDX41"
"BTK","BCL3","DDX41"
"BTK","VCPIP1","DDX41"
"BTK","NFKBIA","DDX41"
"BTK","STK38","DDX41"
"BTK","C9orf72","DDX41"
"BTK","MAP4K1","DDX41"
"BTK","RPS6KA4","DDX41"
"BTK","FBLIM1","DDX41"
"BTK","SPEN","DDX41"
"BTK","BAZ1B","DDX41"
"BTK","MAPK3","CTBP1"
"BTK","AKT3","CTBP1"
"BTK","CHUK","CTBP1"
"BTK","PRKCQ","CTBP1"
"BTK","MTOR","CTBP1"
"BTK","AKT1","CTBP1"
"BTK","PRKG1","CTBP1"
"BTK","RPS6K","CTBP1"
"BTK","CALM2","CTBP1"
"BTK","ERK1/2","CTBP1"
"BTK","LCK","CTBP1"
"BTK","CDK9","CTBP1"
"BTK","ABL1","CTBP1"
"BTK","RPS6KA5","CTBP1"
"BTK","WNK1","CTBP1"
"BTK","PDPK1","CTBP1"
"BTK","SGK1","CTBP1"
"BTK","MAP2K1","CTBP1"
"BTK","PRKCB","CTBP1"
"BTK","PRKCZ","CTBP1"
"BTK","MAP3K1","CTBP1"
"BTK","AKT","CTBP1"
"BTK","WWTR1","CTBP1"
"BTK","DOK1","CTBP1"
"BTK","MAP3K4","CTBP1"
"BTK","FGG","CTBP1"
"BTK","LEPR","CTBP1"
"BTK","BCL3","CTBP1"
"BTK","DVL1","CTBP1"
"BTK","FZR1","CTBP1"
"BTK","GRB2","CTBP1"
"BTK","VCPIP1","CTBP1"
"BTK","ATR","CTBP1"
"BTK","SGK3","CTBP1"
"BTK","PTK6","CTBP1"
"BTK","CCND1","CTBP1"
"BTK","TBK1","CTBP1"
"BTK","FADD","CTBP1"
"BTK","STK38","CTBP1"
"BTK","TLK1","CTBP1"
"BTK","CDKN2A","CTBP1"
"BTK","MAP4K1","CTBP1"
"BTK","RET","CTBP1"
"BTK","DDX41","CTBP1"
"BTK","IKK-complex","CTBP1"
"BTK","SHC1","CTBP1"
"BTK","RPS6KA4","CTBP1"
"BTK","NTRK1","CTBP1"
"BTK","MAPKAPK5","CTBP1"
"BTK","EPHA2","CTBP1"
"BTK","CCR2","CTBP1"
"BTK","CRTC2","CTBP1"
"BTK","FRS2","CTBP1"
"BTK","CCNE1","CTBP1"
"BTK","IMPDH2","CTBP1"
"BTK","PIK3CG","CTBP1"
"BTK","SH2B2","CTBP1"
"BTK","PIK3R6","CTBP1"
"BTK","KSR1","CTBP1"
"BTK","DDX58","CTBP1"
"BTK","MST1R","CTBP1"
"BTK","IFIH1","CTBP1"
"BTK","TTI1","CTBP1"
"BTK","WDFY3","CTBP1"
"BTK","GRB14","CTBP1"
"BTK","HOXB7","CTBP1"
"BTK","PIK3C3","CTBP1"
"BTK","RND1","CTBP1"
"BTK","TELO2","CTBP1"
"BTK","BLVRA","CTBP1"
"BTK","GRB7","CTBP1"
"BTK","PLCG2","CTBP1"
"BTK","PPP1R14B","CTBP1"
"BTK","MAPK3","ANKRD28"
"BTK","CHUK","ANKRD28"
"BTK","PRKCQ","ANKRD28"
"BTK","CCP110","ANKRD28"
"BTK","LCK","ANKRD28"
"BTK","CDK9","ANKRD28"
"BTK","WNK1","ANKRD28"
"BTK","SGK1","ANKRD28"
"BTK","MAP2K1","ANKRD28"
"BTK","PRKCG","ANKRD28"
"BTK","CyclinD/CDK4","ANKRD28"
"BTK","MAP3K4","ANKRD28"
"BTK","DAPK1","ANKRD28"
"BTK","PXN","ANKRD28"
"BTK","FGG","ANKRD28"
"BTK","BCL3","ANKRD28"
"BTK","FZR1","ANKRD28"
"BTK","ATR","ANKRD28"
"BTK","SGK3","ANKRD28"
"BTK","PTK6","ANKRD28"
"BTK","IKBKE","ANKRD28"
"BTK","CCND1","ANKRD28"
"BTK","ILK","ANKRD28"
"BTK","STAP1","ANKRD28"
"BTK","TBK1","ANKRD28"
"BTK","SPRED1","ANKRD28"
"BTK","PTPN7","ANKRD28"
"BTK","CALM1","ANKRD28"
"BTK","FADD","ANKRD28"
"BTK","STK38","ANKRD28"
"BTK","MAP4K1","ANKRD28"
"BTK","RET","ANKRD28"
"BTK","SHC1","ANKRD28"
"BTK","NTRK1","ANKRD28"
"BTK","GPSM3","ANKRD28"
"BTK","MAPKAPK5","ANKRD28"
"BTK","MAP3K8","ANKRD28"
"BTK","CDKN1B","ANKRD28"
"BTK","FBLIM1","ANKRD28"
"BTK","TEC","ANKRD28"
"BTK","TMIGD2","ANKRD28"
"BTK","CCR2","ANKRD28"
"BTK","PSTPIP1","ANKRD28"
"BTK","TRAF3","ANKRD28"
"BTK","CRTC2","ANKRD28"
"BTK","CD28","ANKRD28"
"BTK","CCNE1","ANKRD28"
"BTK","IMPDH2","ANKRD28"
"BTK","SET","ANKRD28"
"BTK","SH2B2","ANKRD28"
"BTK","PIK3R6","ANKRD28"
"BTK","MRE11","ANKRD28"
"BTK","HDAC2","ANKRD28"
"BTK","UBXN2B","ANKRD28"
"BTK","ABI1","ANKRD28"
"BTK","TTI1","ANKRD28"
"BTK","WDFY3","ANKRD28"
"BTK","LRP6","ANKRD28"
"BTK","GRB14","ANKRD28"
"BTK","RND1","ANKRD28"
"BTK","SPEN","ANKRD28"
"BTK","NFKB1","ANKRD28"
"BTK","TELO2","ANKRD28"
"BTK","CLSPN","ANKRD28"
"BTK","MAPKAP1","ANKRD28"
"BTK","GRB7","ANKRD28"
"BTK","BAZ1B","ANKRD28"
"BTK","PLCG2","ANKRD28"
"BTK","RBL2","ANKRD28"
"BTK","PPP1R14B","ANKRD28"
"BTK","PABIR1","ANKRD28"
"BTK","MAPK3","IKK-complex"
"BTK","CHUK","IKK-complex"
"BTK","AKT2","IKK-complex"
"BTK","PTEN","IKK-complex"
"BTK","PRKCQ","IKK-complex"
"BTK","MTOR","IKK-complex"
"BTK","CCP110","IKK-complex"
"BTK","RPS6K","IKK-complex"
"BTK","CALM2","IKK-complex"
"BTK","ERK1/2","IKK-complex"
"BTK","PDPK1","IKK-complex"
"BTK","PRKCG","IKK-complex"
"BTK","CyclinD/CDK4","IKK-complex"
"BTK","MAP3K1","IKK-complex"
"BTK","IKBKB","IKK-complex"
"BTK","DOK1","IKK-complex"
"BTK","MAP3K4","IKK-complex"
"BTK","DAPK1","IKK-complex"
"BTK","PXN","IKK-complex"
"BTK","FGG","IKK-complex"
"BTK","ITK","IKK-complex"
"BTK","DVL1","IKK-complex"
"BTK","FZR1","IKK-complex"
"BTK","GRB2","IKK-complex"
"BTK","PTK6","IKK-complex"
"BTK","IKBKE","IKK-complex"
"BTK","SPRED1","IKK-complex"
"BTK","PTPN7","IKK-complex"
"BTK","CALM1","IKK-complex"
"BTK","FADD","IKK-complex"
"BTK","CDKN2A","IKK-complex"
"BTK","RET","IKK-complex"
"BTK","RPS6KA4","IKK-complex"
"BTK","NTRK1","IKK-complex"
"BTK","RELA","IKK-complex"
"BTK","EPHA2","IKK-complex"
"BTK","VCP","IKK-complex"
"BTK","PSTPIP1","IKK-complex"
"BTK","CD28","IKK-complex"
"BTK","INPP5D","IKK-complex"
"BTK","CCNE1","IKK-complex"
"BTK","IMPDH2","IKK-complex"
"BTK","PIK3CG","IKK-complex"
"BTK","PPP1R14A","IKK-complex"
"BTK","BCL10","IKK-complex"
"BTK","MRE11","IKK-complex"
"BTK","HDAC2","IKK-complex"
"BTK","DDX58","IKK-complex"
"BTK","MST1R","IKK-complex"
"BTK","ROR2","IKK-complex"
"BTK","IFIH1","IKK-complex"
"BTK","TTI1","IKK-complex"
"BTK","LRP6","IKK-complex"
"BTK","GRB14","IKK-complex"
"BTK","STING1","IKK-complex"
"BTK","CTDP1","IKK-complex"
"BTK","GRB7","IKK-complex"
"BTK","PPP1R14B","IKK-complex"
"BTK","MAPK3","SHC1"
"BTK","PTEN","SHC1"
"BTK","PRKCQ","SHC1"
"BTK","MTOR","SHC1"
"BTK","AKT1","SHC1"
"BTK","CCP110","SHC1"
"BTK","RPS6K","SHC1"
"BTK","CALM2","SHC1"
"BTK","LCK","SHC1"
"BTK","ABL1","SHC1"
"BTK","RPS6KA5","SHC1"
"BTK","WNK1","SHC1"
"BTK","PRKCG","SHC1"
"BTK","PRKCZ","SHC1"
"BTK","CyclinD/CDK4","SHC1"
"BTK","MAP3K1","SHC1"
"BTK","MAP3K7","SHC1"
"BTK","AKT","SHC1"
"BTK","WWTR1","SHC1"
"BTK","DOK1","SHC1"
"BTK","MAP3K4","SHC1"
"BTK","DAPK1","SHC1"
"BTK","RPS6KA3","SHC1"
"BTK","BCL3","SHC1"
"BTK","FZR1","SHC1"
"BTK","GRB2","SHC1"
"BTK","VCPIP1","SHC1"
"BTK","PTK6","SHC1"
"BTK","CCND1","SHC1"
"BTK","ILK","SHC1"
"BTK","STAP1","SHC1"
"BTK","SPRED1","SHC1"
"BTK","MEK1/2","SHC1"
"BTK","PTPN7","SHC1"
"BTK","CALM1","SHC1"
"BTK","TLK1","SHC1"
"BTK","C9orf72","SHC1"
"BTK","MAP4K1","SHC1"
"BTK","RET","SHC1"
"BTK","DDX41","SHC1"
"BTK","IKK-complex","SHC1"
"BTK","RPS6KA4","SHC1"
"BTK","GPSM3","SHC1"
"BTK","CDKN1B","SHC1"
"BTK","FBLIM1","SHC1"
"BTK","GRIP1","SHC1"
"BTK","PSTPIP1","SHC1"
"BTK","ARRB2","SHC1"
"BTK","TRAF3","SHC1"
"BTK","CRTC2","SHC1"
"BTK","CD28","SHC1"
"BTK","INPP5D","SHC1"
"BTK","FRS2","SHC1"
"BTK","CCNE1","SHC1"
"BTK","SET","SHC1"
"BTK","PIK3CG","SHC1"
"BTK","SH2B2","SHC1"
"BTK","TRPV1","SHC1"
"BTK","BCL10","SHC1"
"BTK","PIK3R6","SHC1"
"BTK","MRE11","SHC1"
"BTK","DDX58","SHC1"
"BTK","UBXN2B","SHC1"
"BTK","MST1R","SHC1"
"BTK","ROR2","SHC1"
"BTK","RAD50","SHC1"
"BTK","WDFY3","SHC1"
"BTK","GRB14","SHC1"
"BTK","PIK3C3","SHC1"
"BTK","SPEN","SHC1"
"BTK","NFKB1","SHC1"
"BTK","CTDP1","SHC1"
"BTK","BLVRA","SHC1"
"BTK","CLSPN","SHC1"
"BTK","PPP1R14B","SHC1"
"BTK","MAPK3","RPS6KA4"
"BTK","CHUK","RPS6KA4"
"BTK","PRKCQ","RPS6KA4"
"BTK","CCP110","RPS6KA4"
"BTK","CALM2","RPS6KA4"
"BTK","ABL1","RPS6KA4"
"BTK","SGK1","RPS6KA4"
"BTK","CyclinD/CDK4","RPS6KA4"
"BTK","MAP3K4","RPS6KA4"
"BTK","FGG","RPS6KA4"
"BTK","FZR1","RPS6KA4"
"BTK","VCPIP1","RPS6KA4"
"BTK","CCND1","RPS6KA4"
"BTK","TBK1","RPS6KA4"
"BTK","MEK1/2","RPS6KA4"
"BTK","PTPN7","RPS6KA4"
"BTK","STK38","RPS6KA4"
"BTK","MAP4K1","RPS6KA4"
"BTK","SHC1","RPS6KA4"
"BTK","NTRK1","RPS6KA4"
"BTK","RELA","RPS6KA4"
"BTK","MAPKAPK5","RPS6KA4"
"BTK","CDKN1B","RPS6KA4"
"BTK","TEC","RPS6KA4"
"BTK","VCP","RPS6KA4"
"BTK","TMIGD2","RPS6KA4"
"BTK","CCR2","RPS6KA4"
"BTK","PSTPIP1","RPS6KA4"
"BTK","CRTC2","RPS6KA4"
"BTK","CCNE1","RPS6KA4"
"BTK","IMPDH2","RPS6KA4"
"BTK","SH2B2","RPS6KA4"
"BTK","PPP1R14A","RPS6KA4"
"BTK","PIK3R6","RPS6KA4"
"BTK","DDX58","RPS6KA4"
"BTK","TTI1","RPS6KA4"
"BTK","LRP6","RPS6KA4"
"BTK","HOXB7","RPS6KA4"
"BTK","PIK3C3","RPS6KA4"
"BTK","RND1","RPS6KA4"
"BTK","STING1","RPS6KA4"
"BTK","SPEN","RPS6KA4"
"BTK","NFKB1","RPS6KA4"
"BTK","CTDP1","RPS6KA4"
"BTK","TELO2","RPS6KA4"
"BTK","CLSPN","RPS6KA4"
"BTK","GRB7","RPS6KA4"
"BTK","BAZ1B","RPS6KA4"
"BTK","PLCG2","RPS6KA4"
"BTK","RBL2","RPS6KA4"
"BTK","PPP1R14B","RPS6KA4"
"BTK","PABIR1","RPS6KA4"
"BTK","AKT3","NTRK1"
"BTK","AKT1","NTRK1"
"BTK","CALM2","NTRK1"
"BTK","ERK1/2","NTRK1"
"BTK","ABL1","NTRK1"
"BTK","WNK1","NTRK1"
"BTK","PRKCG","NTRK1"
"BTK","MAP3K1","NTRK1"
"BTK","AKT","NTRK1"
"BTK","IKBKB","NTRK1"
"BTK","PXN","NTRK1"
"BTK","FGG","NTRK1"
"BTK","ITK","NTRK1"
"BTK","BCL3","NTRK1"
"BTK","VCPIP1","NTRK1"
"BTK","SGK3","NTRK1"
"BTK","IKBKE","NTRK1"
"BTK","CCND1","NTRK1"
"BTK","ILK","NTRK1"
"BTK","STAP1","NTRK1"
"BTK","SPRED1","NTRK1"
"BTK","MEK1/2","NTRK1"
"BTK","PTPN7","NTRK1"
"BTK","FADD","NTRK1"
"BTK","STK38","NTRK1"
"BTK","TLK1","NTRK1"
"BTK","C9orf72","NTRK1"
"BTK","CDKN2A","NTRK1"
"BTK","RET","NTRK1"
"BTK","DDX41","NTRK1"
"BTK","IKK-complex","NTRK1"
"BTK","GPSM3","NTRK1"
"BTK","MAPKAPK5","NTRK1"
"BTK","EPHA2","NTRK1"
"BTK","PTPRR","NTRK1"
"BTK","FBLIM1","NTRK1"
"BTK","TEC","NTRK1"
"BTK","VCP","NTRK1"
"BTK","GRIP1","NTRK1"
"BTK","TMIGD2","NTRK1"
"BTK","CCR2","NTRK1"
"BTK","STIP1","NTRK1"
"BTK","PSTPIP1","NTRK1"
"BTK","ARRB2","NTRK1"
"BTK","TRAF3","NTRK1"
"BTK","CRTC2","NTRK1"
"BTK","CD28","NTRK1"
"BTK","CCNE1","NTRK1"
"BTK","SET","NTRK1"
"BTK","PIK3CG","NTRK1"
"BTK","SH2B2","NTRK1"
"BTK","TRPV1","NTRK1"
"BTK","PPP1R14A","NTRK1"
"BTK","MRE11","NTRK1"
"BTK","DDX58","NTRK1"
"BTK","MST1R","NTRK1"
"BTK","ROR2","NTRK1"
"BTK","ABI1","NTRK1"
"BTK","IFIH1","NTRK1"
"BTK","RAD50","NTRK1"
"BTK","TTI1","NTRK1"
"BTK","LRP6","NTRK1"
"BTK","RND1","NTRK1"
"BTK","STING1","NTRK1"
"BTK","SPEN","NTRK1"
"BTK","CTDP1","NTRK1"
"BTK","TELO2","NTRK1"
"BTK","BLVRA","NTRK1"
"BTK","CLSPN","NTRK1"
"BTK","RBL2","NTRK1"
"BTK","PABIR1","NTRK1"
"BTK","CHUK","GPSM3"
"BTK","AKT2","GPSM3"
"BTK","PRKCQ","GPSM3"
"BTK","AKT1","GPSM3"
"BTK","CCP110","GPSM3"
"BTK","RPS6K","GPSM3"
"BTK","CALM2","GPSM3"
"BTK","ERK1/2","GPSM3"
"BTK","Gbeta","GPSM3"
"BTK","ABL1","GPSM3"
"BTK","RPS6KA5","GPSM3"
"BTK","WNK1","GPSM3"
"BTK","PDPK1","GPSM3"
"BTK","SGK1","GPSM3"
"BTK","MAP2K1","GPSM3"
"BTK","PRKCB","GPSM3"
"BTK","PRKCG","GPSM3"
"BTK","CyclinD/CDK4","GPSM3"
"BTK","MAP3K1","GPSM3"
"BTK","MAP3K7","GPSM3"
"BTK","AKT","GPSM3"
"BTK","DOK1","GPSM3"
"BTK","DAPK1","GPSM3"
"BTK","FGG","GPSM3"
"BTK","BCL3","GPSM3"
"BTK","DVL1","GPSM3"
"BTK","GRB2","GPSM3"
"BTK","VCPIP1","GPSM3"
"BTK","ATR","GPSM3"
"BTK","IKBKE","GPSM3"
"BTK","CCND1","GPSM3"
"BTK","ILK","GPSM3"
"BTK","STAP1","GPSM3"
"BTK","MEK1/2","GPSM3"
"BTK","PTPN7","GPSM3"
"BTK","CALM1","GPSM3"
"BTK","CDKN2A","GPSM3"
"BTK","IKK-complex","GPSM3"
"BTK","MAP3K8","GPSM3"
"BTK","PTPRR","GPSM3"
"BTK","GRIP1","GPSM3"
"BTK","TMIGD2","GPSM3"
"BTK","CCR2","GPSM3"
"BTK","PSTPIP1","GPSM3"
"BTK","CRTC2","GPSM3"
"BTK","CD28","GPSM3"
"BTK","INPP5D","GPSM3"
"BTK","CCNE1","GPSM3"
"BTK","SET","GPSM3"
"BTK","PIK3CG","GPSM3"
"BTK","PIK3R6","GPSM3"
"BTK","ABI1","GPSM3"
"BTK","IFIH1","GPSM3"
"BTK","TTI1","GPSM3"
"BTK","HOXB7","GPSM3"
"BTK","PIK3C3","GPSM3"
"BTK","NFKB1","GPSM3"
"BTK","BLVRA","GPSM3"
"BTK","GRB7","GPSM3"
"BTK","BAZ1B","GPSM3"
"BTK","PLCG2","GPSM3"
"BTK","AKT3","MKNK1"
"BTK","PRKCQ","MKNK1"
"BTK","MTOR","MKNK1"
"BTK","CALM2","MKNK1"
"BTK","LCK","MKNK1"
"BTK","ABL1","MKNK1"
"BTK","WNK1","MKNK1"
"BTK","SGK1","MKNK1"
"BTK","PRKCZ","MKNK1"
"BTK","AKT","MKNK1"
"BTK","DAPK1","MKNK1"
"BTK","FGG","MKNK1"
"BTK","LEPR","MKNK1"
"BTK","ITK","MKNK1"
"BTK","BCL3","MKNK1"
"BTK","VCPIP1","MKNK1"
"BTK","ATR","MKNK1"
"BTK","SGK3","MKNK1"
"BTK","PTK6","MKNK1"
"BTK","IKBKE","MKNK1"
"BTK","CCND1","MKNK1"
"BTK","ILK","MKNK1"
"BTK","STAP1","MKNK1"
"BTK","TBK1","MKNK1"
"BTK","MEK1/2","MKNK1"
"BTK","TLK1","MKNK1"
"BTK","C9orf72","MKNK1"
"BTK","CDKN2A","MKNK1"
"BTK","MAP4K1","MKNK1"
"BTK","DDX41","MKNK1"
"BTK","IKK-complex","MKNK1"
"BTK","SHC1","MKNK1"
"BTK","RPS6KA4","MKNK1"
"BTK","GPSM3","MKNK1"
"BTK","RELA","MKNK1"
"BTK","MAPKAPK5","MKNK1"
"BTK","EPHA2","MKNK1"
"BTK","MAP3K8","MKNK1"
"BTK","PTPRR","MKNK1"
"BTK","CDKN1B","MKNK1"
"BTK","TEC","MKNK1"
"BTK","VCP","MKNK1"
"BTK","GRIP1","MKNK1"
"BTK","TMIGD2","MKNK1"
"BTK","CCR2","MKNK1"
"BTK","STIP1","MKNK1"
"BTK","PSTPIP1","MKNK1"
"BTK","TRAF3","MKNK1"
"BTK","CRTC2","MKNK1"
"BTK","CD28","MKNK1"
"BTK","INPP5D","MKNK1"
"BTK","FRS2","MKNK1"
"BTK","CCNE1","MKNK1"
"BTK","IMPDH2","MKNK1"
"BTK","SET","MKNK1"
"BTK","PIK3CG","MKNK1"
"BTK","TRPV1","MKNK1"
"BTK","PPP1R14A","MKNK1"
"BTK","BCL10","MKNK1"
"BTK","PIK3R6","MKNK1"
"BTK","MRE11","MKNK1"
"BTK","HDAC2","MKNK1"
"BTK","KSR1","MKNK1"
"BTK","DDX58","MKNK1"
"BTK","UBXN2B","MKNK1"
"BTK","ROR2","MKNK1"
"BTK","ABI1","MKNK1"
"BTK","IFIH1","MKNK1"
"BTK","RAD50","MKNK1"
"BTK","WDFY3","MKNK1"
"BTK","LRP6","MKNK1"
"BTK","GRB14","MKNK1"
"BTK","HOXB7","MKNK1"
"BTK","RND1","MKNK1"
"BTK","STING1","MKNK1"
"BTK","SPEN","MKNK1"
"BTK","NFKB1","MKNK1"
"BTK","CTDP1","MKNK1"
"BTK","BLVRA","MKNK1"
"BTK","CLSPN","MKNK1"
"BTK","MAPKAP1","MKNK1"
"BTK","GRB7","MKNK1"
"BTK","BAZ1B","MKNK1"
"BTK","PLCG2","MKNK1"
"BTK","RBL2","MKNK1"
"BTK","PPP1R14B","MKNK1"
"BTK","PABIR1","MKNK1"
"BTK","MAPK3","TPX2"
"BTK","AKT3","TPX2"
"BTK","CHUK","TPX2"
"BTK","AKT2","TPX2"
"BTK","PTEN","TPX2"
"BTK","PRKCQ","TPX2"
"BTK","MTOR","TPX2"
"BTK","AKT1","TPX2"
"BTK","PRKG1","TPX2"
"BTK","CCP110","TPX2"
"BTK","RPS6K","TPX2"
"BTK","ERK1/2","TPX2"
"BTK","Gbeta","TPX2"
"BTK","LCK","TPX2"
"BTK","CDK9","TPX2"
"BTK","ABL1","TPX2"
"BTK","RPS6KA5","TPX2"
"BTK","WNK1","TPX2"
"BTK","PDPK1","TPX2"
"BTK","SGK1","TPX2"
"BTK","PRKCZ","TPX2"
"BTK","AKT","TPX2"
"BTK","IKBKB","TPX2"
"BTK","WWTR1","TPX2"
"BTK","DOK1","TPX2"
"BTK","MAP3K4","TPX2"
"BTK","PXN","TPX2"
"BTK","FGG","TPX2"
"BTK","LEPR","TPX2"
"BTK","FZR1","TPX2"
"BTK","TBK1","TPX2"
"BTK","MAP4K1","TPX2"
"BTK","DDX41","TPX2"
"BTK","IKK-complex","TPX2"
"BTK","SHC1","TPX2"
"BTK","NTRK1","TPX2"
"BTK","GPSM3","TPX2"
"BTK","RELA","TPX2"
"BTK","PTPRR","TPX2"
"BTK","CCR2","TPX2"
"BTK","STIP1","TPX2"
"BTK","ARRB2","TPX2"
"BTK","CRTC2","TPX2"
"BTK","INPP5D","TPX2"
"BTK","CCNE1","TPX2"
"BTK","IMPDH2","TPX2"
"BTK","SH2B2","TPX2"
"BTK","PPP1R14A","TPX2"
"BTK","ROR2","TPX2"
"BTK","ABI1","TPX2"
"BTK","RAD50","TPX2"
"BTK","GRB14","TPX2"
"BTK","TELO2","TPX2"
"BTK","BLVRA","TPX2"
"BTK","CLSPN","TPX2"
"BTK","GRB7","TPX2"
"BTK","BAZ1B","TPX2"
"BTK","PABIR1","TPX2"
"BTK","MAPK3","EEF2K"
"BTK","AKT3","EEF2K"
"BTK","CHUK","EEF2K"
"BTK","AKT2","EEF2K"
"BTK","PRKG1","EEF2K"
"BTK","CCP110","EEF2K"
"BTK","ABL1","EEF2K"
"BTK","RPS6KA5","EEF2K"
"BTK","PDPK1","EEF2K"
"BTK","PRKCG","EEF2K"
"BTK","PRKCZ","EEF2K"
"BTK","CyclinD/CDK4","EEF2K"
"BTK","MAP3K1","EEF2K"
"BTK","AKT","EEF2K"
"BTK","MAP3K4","EEF2K"
"BTK","DAPK1","EEF2K"
"BTK","PXN","EEF2K"
"BTK","FGG","EEF2K"
"BTK","ITK","EEF2K"
"BTK","RPS6KA3","EEF2K"
"BTK","BCL3","EEF2K"
"BTK","DVL1","EEF2K"
"BTK","FZR1","EEF2K"
"BTK","ATR","EEF2K"
"BTK","TBK1","EEF2K"
"BTK","MEK1/2","EEF2K"
"BTK","FADD","EEF2K"
"BTK","STK38","EEF2K"
"BTK","MAP4K1","EEF2K"
"BTK","RET","EEF2K"
"BTK","DDX41","EEF2K"
"BTK","IKK-complex","EEF2K"
"BTK","SHC1","EEF2K"
"BTK","RPS6KA4","EEF2K"
"BTK","NTRK1","EEF2K"
"BTK","EPHA2","EEF2K"
"BTK","MAP3K8","EEF2K"
"BTK","PTPRR","EEF2K"
"BTK","CDKN1B","EEF2K"
"BTK","FBLIM1","EEF2K"
"BTK","VCP","EEF2K"
"BTK","GRIP1","EEF2K"
"BTK","TMIGD2","EEF2K"
"BTK","CCR2","EEF2K"
"BTK","STIP1","EEF2K"
"BTK","PSTPIP1","EEF2K"
"BTK","TRAF3","EEF2K"
"BTK","CRTC2","EEF2K"
"BTK","INPP5D","EEF2K"
"BTK","FRS2","EEF2K"
"BTK","CCNE1","EEF2K"
"BTK","TRPV1","EEF2K"
"BTK","PIK3R6","EEF2K"
"BTK","UBXN2B","EEF2K"
"BTK","ABI1","EEF2K"
"BTK","IFIH1","EEF2K"
"BTK","TTI1","EEF2K"
"BTK","WDFY3","EEF2K"
"BTK","HOXB7","EEF2K"
"BTK","PIK3C3","EEF2K"
"BTK","RND1","EEF2K"
"BTK","NFKB1","EEF2K"
"BTK","BAZ1B","EEF2K"
"BTK","PPP1R14B","EEF2K"
"BTK","PABIR1","EEF2K"
"BTK","MAPK3","GATA1"
"BTK","PRKCQ","GATA1"
"BTK","MTOR","GATA1"
"BTK","CALM2","GATA1"
"BTK","ERK1/2","GATA1"
"BTK","LCK","GATA1"
"BTK","ABL1","GATA1"
"BTK","RPS6KA5","GATA1"
"BTK","PDPK1","GATA1"
"BTK","SGK1","GATA1"
"BTK","PRKCZ","GATA1"
"BTK","WWTR1","GATA1"
"BTK","MAP3K4","GATA1"
"BTK","DAPK1","GATA1"
"BTK","PXN","GATA1"
"BTK","LEPR","GATA1"
"BTK","RPS6KA3","GATA1"
"BTK","FZR1","GATA1"
"BTK","GRB2","GATA1"
"BTK","ATR","GATA1"
"BTK","PTK6","GATA1"
"BTK","IKBKE","GATA1"
"BTK","CCND1","GATA1"
"BTK","STAP1","GATA1"
"BTK","SPRED1","GATA1"
"BTK","MEK1/2","GATA1"
"BTK","PTPN7","GATA1"
"BTK","CALM1","GATA1"
"BTK","STK38","GATA1"
"BTK","TLK1","GATA1"
"BTK","C9orf72","GATA1"
"BTK","MAP4K1","GATA1"
"BTK","SHC1","GATA1"
"BTK","RPS6KA4","GATA1"
"BTK","NTRK1","GATA1"
"BTK","GPSM3","GATA1"
"BTK","MAPKAPK5","GATA1"
"BTK","MAP3K8","GATA1"
"BTK","PTPRR","GATA1"
"BTK","TEC","GATA1"
"BTK","VCP","GATA1"
"BTK","CCR2","GATA1"
"BTK","STIP1","GATA1"
"BTK","ARRB2","GATA1"
"BTK","CD28","GATA1"
"BTK","FRS2","GATA1"
"BTK","CCNE1","GATA1"
"BTK","SET","GATA1"
"BTK","PIK3CG","GATA1"
"BTK","PPP1R14A","GATA1"
"BTK","BCL10","GATA1"
"BTK","MRE11","GATA1"
"BTK","KSR1","GATA1"
"BTK","DDX58","GATA1"
"BTK","UBXN2B","GATA1"
"BTK","MST1R","GATA1"
"BTK","ROR2","GATA1"
"BTK","IFIH1","GATA1"
"BTK","WDFY3","GATA1"
"BTK","LRP6","GATA1"
"BTK","RND1","GATA1"
"BTK","STING1","GATA1"
"BTK","NFKB1","GATA1"
"BTK","TELO2","GATA1"
"BTK","BLVRA","GATA1"
"BTK","CLSPN","GATA1"
"BTK","MAPKAP1","GATA1"
"BTK","BAZ1B","GATA1"
"BTK","PLCG2","GATA1"
"BTK","RBL2","GATA1"
"BTK","PPP1R14B","GATA1"
"BTK","PABIR1","GATA1"
"BTK","MAPK3","PAK4"
"BTK","AKT3","PAK4"
"BTK","CHUK","PAK4"
"BTK","AKT2","PAK4"
"BTK","MTOR","PAK4"
"BTK","CCP110","PAK4"
"BTK","RPS6K","PAK4"
"BTK","ERK1/2","PAK4"
"BTK","Gbeta","PAK4"
"BTK","LCK","PAK4"
"BTK","RPS6KA5","PAK4"
"BTK","PDPK1","PAK4"
"BTK","SGK1","PAK4"
"BTK","CyclinD/CDK4","PAK4"
"BTK","AKT","PAK4"
"BTK","FGG","PAK4"
"BTK","RPS6KA3","PAK4"
"BTK","BCL3","PAK4"
"BTK","PTK6","PAK4"
"BTK","IKBKE","PAK4"
"BTK","CCND1","PAK4"
"BTK","STAP1","PAK4"
"BTK","TBK1","PAK4"
"BTK","SPRED1","PAK4"
"BTK","MEK1/2","PAK4"
"BTK","PTPN7","PAK4"
"BTK","CALM1","PAK4"
"BTK","C9orf72","PAK4"
"BTK","CDKN2A","PAK4"
"BTK","MAP4K1","PAK4"
"BTK","RET","PAK4"
"BTK","IKK-complex","PAK4"
"BTK","SHC1","PAK4"
"BTK","GPSM3","PAK4"
"BTK","RELA","PAK4"
"BTK","PTPRR","PAK4"
"BTK","CDKN1B","PAK4"
"BTK","VCP","PAK4"
"BTK","STIP1","PAK4"
"BTK","ARRB2","PAK4"
"BTK","FRS2","PAK4"
"BTK","CCNE1","PAK4"
"BTK","SET","PAK4"
"BTK","SH2B2","PAK4"
"BTK","TRPV1","PAK4"
"BTK","PPP1R14A","PAK4"
"BTK","HDAC2","PAK4"
"BTK","KSR1","PAK4"
"BTK","MST1R","PAK4"
"BTK","ABI1","PAK4"
"BTK","IFIH1","PAK4"
"BTK","WDFY3","PAK4"
"BTK","PIK3C3","PAK4"
"BTK","SPEN","PAK4"
"BTK","NFKB1","PAK4"
"BTK","CTDP1","PAK4"
"BTK","TELO2","PAK4"
"BTK","CLSPN","PAK4"
"BTK","GRB7","PAK4"
"BTK","PLCG2","PAK4"
"BTK","PPP1R14B","PAK4"
"BTK","MAPK3","RELA"
"BTK","AKT3","RELA"
"BTK","CHUK","RELA"
"BTK","AKT2","RELA"
"BTK","PTEN","RELA"
"BTK","PRKCQ","RELA"
"BTK","MTOR","RELA"
"BTK","CCP110","RELA"
"BTK","CALM2","RELA"
"BTK","Gbeta","RELA"
"BTK","CDK9","RELA"
"BTK","PRKCG","RELA"
"BTK","MAP3K7","RELA"
"BTK","DAPK1","RELA"
"BTK","LEPR","RELA"
"BTK","BCL3","RELA"
"BTK","ILK","RELA"
"BTK","PTPN7","RELA"
"BTK","C9orf72","RELA"
"BTK","GPSM3","RELA"
"BTK","MAP3K8","RELA"
"BTK","GRIP1","RELA"
"BTK","FRS2","RELA"
"BTK","IMPDH2","RELA"
"BTK","SET","RELA"
"BTK","MRE11","RELA"
"BTK","DDX58","RELA"
"BTK","MST1R","RELA"
"BTK","ROR2","RELA"
"BTK","TTI1","RELA"
"BTK","LRP6","RELA"
"BTK","GRB14","RELA"
"BTK","PIK3C3","RELA"
"BTK","RND1","RELA"
"BTK","CTDP1","RELA"
"BTK","PLCG2","RELA"
"BTK","MAPK3","MAPKAPK5"
"BTK","CHUK","MAPKAPK5"
"BTK","PRKG1","MAPKAPK5"
"BTK","PRKCG","MAPKAPK5"
"BTK","MAP3K7","MAPKAPK5"
"BTK","IKBKB","MAPKAPK5"
"BTK","MAP3K4","MAPKAPK5"
"BTK","DAPK1","MAPKAPK5"
"BTK","PXN","MAPKAPK5"
"BTK","FGG","MAPKAPK5"
"BTK","FZR1","MAPKAPK5"
"BTK","GRB2","MAPKAPK5"
"BTK","PTK6","MAPKAPK5"
"BTK","CCND1","MAPKAPK5"
"BTK","STAP1","MAPKAPK5"
"BTK","FADD","MAPKAPK5"
"BTK","STK38","MAPKAPK5"
"BTK","C9orf72","MAPKAPK5"
"BTK","SHC1","MAPKAPK5"
"BTK","RELA","MAPKAPK5"
"BTK","EPHA2","MAPKAPK5"
"BTK","MAP3K8","MAPKAPK5"
"BTK","CDKN1B","MAPKAPK5"
"BTK","FBLIM1","MAPKAPK5"
"BTK","VCP","MAPKAPK5"
"BTK","GRIP1","MAPKAPK5"
"BTK","ARRB2","MAPKAPK5"
"BTK","TRAF3","MAPKAPK5"
"BTK","CRTC2","MAPKAPK5"
"BTK","CD28","MAPKAPK5"
"BTK","CCNE1","MAPKAPK5"
"BTK","BCL10","MAPKAPK5"
"BTK","PIK3R6","MAPKAPK5"
"BTK","MRE11","MAPKAPK5"
"BTK","KSR1","MAPKAPK5"
"BTK","UBXN2B","MAPKAPK5"
"BTK","TTI1","MAPKAPK5"
"BTK","GRB14","MAPKAPK5"
"BTK","STING1","MAPKAPK5"
"BTK","NFKB1","MAPKAPK5"
"BTK","BAZ1B","MAPKAPK5"
"BTK","ERK1/2","GNAS"
"BTK","ABL1","GNAS"
"BTK","RPS6KA5","GNAS"
"BTK","WNK1","GNAS"
"BTK","SGK1","GNAS"
"BTK","MAP2K1","GNAS"
"BTK","PRKCG","GNAS"
"BTK","PRKCZ","GNAS"
"BTK","MAP3K1","GNAS"
"BTK","MAP3K7","GNAS"
"BTK","AKT","GNAS"
"BTK","IKBKB","GNAS"
"BTK","DAPK1","GNAS"
"BTK","PXN","GNAS"
"BTK","FGG","GNAS"
"BTK","LEPR","GNAS"
"BTK","RPS6KA3","GNAS"
"BTK","BCL3","GNAS"
"BTK","GRB2","GNAS"
"BTK","ILK","GNAS"
"BTK","MEK1/2","GNAS"
"BTK","PTPN7","GNAS"
"BTK","FADD","GNAS"
"BTK","STK38","GNAS"
"BTK","TLK1","GNAS"
"BTK","C9orf72","GNAS"
"BTK","MAP4K1","GNAS"
"BTK","RET","GNAS"
"BTK","DDX41","GNAS"
"BTK","IKK-complex","GNAS"
"BTK","NTRK1","GNAS"
"BTK","GPSM3","GNAS"
"BTK","RELA","GNAS"
"BTK","EPHA2","GNAS"
"BTK","MAP3K8","GNAS"
"BTK","CDKN1B","GNAS"
"BTK","FBLIM1","GNAS"
"BTK","TEC","GNAS"
"BTK","VCP","GNAS"
"BTK","CCR2","GNAS"
"BTK","ARRB2","GNAS"
"BTK","TRAF3","GNAS"
"BTK","CRTC2","GNAS"
"BTK","CD28","GNAS"
"BTK","INPP5D","GNAS"
"BTK","FRS2","GNAS"
"BTK","CCNE1","GNAS"
"BTK","IMPDH2","GNAS"
"BTK","SET","GNAS"
"BTK","PIK3CG","GNAS"
"BTK","SH2B2","GNAS"
"BTK","TRPV1","GNAS"
"BTK","PPP1R14A","GNAS"
"BTK","PIK3R6","GNAS"
"BTK","MRE11","GNAS"
"BTK","HDAC2","GNAS"
"BTK","MST1R","GNAS"
"BTK","ABI1","GNAS"
"BTK","RAD50","GNAS"
"BTK","TTI1","GNAS"
"BTK","LRP6","GNAS"
"BTK","PIK3C3","GNAS"
"BTK","SPEN","GNAS"
"BTK","NFKB1","GNAS"
"BTK","BLVRA","GNAS"
"BTK","PABIR1","GNAS"
"BTK","MAPK3","TP53"
"BTK","CHUK","TP53"
"BTK","PTEN","TP53"
"BTK","PRKCQ","TP53"
"BTK","MTOR","TP53"
"BTK","PRKG1","TP53"
"BTK","CDK9","TP53"
"BTK","ABL1","TP53"
"BTK","RPS6KA5","TP53"
"BTK","PRKCG","TP53"
"BTK","CyclinD/CDK4","TP53"
"BTK","IKBKB","TP53"
"BTK","WWTR1","TP53"
"BTK","DAPK1","TP53"
"BTK","PXN","TP53"
"BTK","FGG","TP53"
"BTK","RPS6KA3","TP53"
"BTK","BCL3","TP53"
"BTK","FZR1","TP53"
"BTK","GRB2","TP53"
"BTK","VCPIP1","TP53"
"BTK","SGK3","TP53"
"BTK","IKBKE","TP53"
"BTK","SPRED1","TP53"
"BTK","PTPN7","TP53"
"BTK","FADD","TP53"
"BTK","TLK1","TP53"
"BTK","C9orf72","TP53"
"BTK","CDKN2A","TP53"
"BTK","RET","TP53"
"BTK","CCR2","TP53"
"BTK","PSTPIP1","TP53"
"BTK","ARRB2","TP53"
"BTK","TRAF3","TP53"
"BTK","CRTC2","TP53"
"BTK","INPP5D","TP53"
"BTK","FRS2","TP53"
"BTK","IMPDH2","TP53"
"BTK","SET","TP53"
"BTK","PIK3CG","TP53"
"BTK","TRPV1","TP53"
"BTK","HDAC2","TP53"
"BTK","DDX58","TP53"
"BTK","UBXN2B","TP53"
"BTK","MST1R","TP53"
"BTK","ROR2","TP53"
"BTK","ABI1","TP53"
"BTK","IFIH1","TP53"
"BTK","RAD50","TP53"
"BTK","TTI1","TP53"
"BTK","GRB14","TP53"
"BTK","HOXB7","TP53"
"BTK","PIK3C3","TP53"
"BTK","RND1","TP53"
"BTK","STING1","TP53"
"BTK","SPEN","TP53"
"BTK","CTDP1","TP53"
"BTK","TELO2","TP53"
"BTK","BLVRA","TP53"
"BTK","GRB7","TP53"
"BTK","PLCG2","TP53"
"BTK","RBL2","TP53"
"BTK","PABIR1","TP53"
"BTK","MAPK3","DIABLO"
"BTK","PTEN","DIABLO"
"BTK","AKT1","DIABLO"
"BTK","PRKG1","DIABLO"
"BTK","RPS6K","DIABLO"
"BTK","Gbeta","DIABLO"
"BTK","CDK9","DIABLO"
"BTK","ABL1","DIABLO"
"BTK","RPS6KA5","DIABLO"
"BTK","PDPK1","DIABLO"
"BTK","SGK1","DIABLO"
"BTK","PRKCG","DIABLO"
"BTK","PRKCZ","DIABLO"
"BTK","DAPK1","DIABLO"
"BTK","FGG","DIABLO"
"BTK","LEPR","DIABLO"
"BTK","ITK","DIABLO"
"BTK","RPS6KA3","DIABLO"
"BTK","BCL3","DIABLO"
"BTK","DVL1","DIABLO"
"BTK","FZR1","DIABLO"
"BTK","VCPIP1","DIABLO"
"BTK","ATR","DIABLO"
"BTK","SGK3","DIABLO"
"BTK","PTK6","DIABLO"
"BTK","IKBKE","DIABLO"
"BTK","CCND1","DIABLO"
"BTK","TBK1","DIABLO"
"BTK","SPRED1","DIABLO"
"BTK","PTPN7","DIABLO"
"BTK","CALM1","DIABLO"
"BTK","C9orf72","DIABLO"
"BTK","RET","DIABLO"
"BTK","SHC1","DIABLO"
"BTK","NTRK1","DIABLO"
"BTK","GPSM3","DIABLO"
"BTK","RELA","DIABLO"
"BTK","EPHA2","DIABLO"
"BTK","FBLIM1","DIABLO"
"BTK","TEC","DIABLO"
"BTK","VCP","DIABLO"
"BTK","GRIP1","DIABLO"
"BTK","TMIGD2","DIABLO"
"BTK","CCR2","DIABLO"
"BTK","STIP1","DIABLO"
"BTK","PSTPIP1","DIABLO"
"BTK","ARRB2","DIABLO"
"BTK","CRTC2","DIABLO"
"BTK","CCNE1","DIABLO"
"BTK","SET","DIABLO"
"BTK","SH2B2","DIABLO"
"BTK","BCL10","DIABLO"
"BTK","MRE11","DIABLO"
"BTK","HDAC2","DIABLO"
"BTK","KSR1","DIABLO"
"BTK","DDX58","DIABLO"
"BTK","UBXN2B","DIABLO"
"BTK","MST1R","DIABLO"
"BTK","ROR2","DIABLO"
"BTK","IFIH1","DIABLO"
"BTK","RAD50","DIABLO"
"BTK","WDFY3","DIABLO"
"BTK","LRP6","DIABLO"
"BTK","GRB14","DIABLO"
"BTK","HOXB7","DIABLO"
"BTK","PIK3C3","DIABLO"
"BTK","RND1","DIABLO"
"BTK","SPEN","DIABLO"
"BTK","NFKB1","DIABLO"
"BTK","TELO2","DIABLO"
"BTK","BLVRA","DIABLO"
"BTK","CLSPN","DIABLO"
"BTK","GRB7","DIABLO"
"BTK","RBL2","DIABLO"
"BTK","PPP1R14B","DIABLO"
"BTK","PABIR1","DIABLO"
"BTK","MAPK3","DUSP16"
"BTK","AKT3","DUSP16"
"BTK","CHUK","DUSP16"
"BTK","AKT2","DUSP16"
"BTK","PRKCQ","DUSP16"
"BTK","AKT1","DUSP16"
"BTK","CALM2","DUSP16"
"BTK","ERK1/2","DUSP16"
"BTK","Gbeta","DUSP16"
"BTK","LCK","DUSP16"
"BTK","ABL1","DUSP16"
"BTK","RPS6KA5","DUSP16"
"BTK","WNK1","DUSP16"
"BTK","PDPK1","DUSP16"
"BTK","MAP2K1","DUSP16"
"BTK","PRKCB","DUSP16"
"BTK","PRKCG","DUSP16"
"BTK","PRKCZ","DUSP16"
"BTK","CyclinD/CDK4","DUSP16"
"BTK","MAP3K1","DUSP16"
"BTK","MAP3K7","DUSP16"
"BTK","AKT","DUSP16"
"BTK","IKBKB","DUSP16"
"BTK","DOK1","DUSP16"
"BTK","MAP3K4","DUSP16"
"BTK","DAPK1","DUSP16"
"BTK","PXN","DUSP16"
"BTK","FGG","DUSP16"
"BTK","LEPR","DUSP16"
"BTK","ITK","DUSP16"
"BTK","RPS6KA3","DUSP16"
"BTK","BCL3","DUSP16"
"BTK","DVL1","DUSP16"
"BTK","FZR1","DUSP16"
"BTK","GRB2","DUSP16"
"BTK","VCPIP1","DUSP16"
"BTK","ATR","DUSP16"
"BTK","SGK3","DUSP16"
"BTK","PTK6","DUSP16"
"BTK","CCND1","DUSP16"
"BTK","ILK","DUSP16"
"BTK","STAP1","DUSP16"
"BTK","TBK1","DUSP16"
"BTK","SPRED1","DUSP16"
"BTK","MEK1/2","DUSP16"
"BTK","CALM1","DUSP16"
"BTK","TLK1","DUSP16"
"BTK","C9orf72","DUSP16"
"BTK","EPHA2","DUSP16"
"BTK","MAP3K8","DUSP16"
"BTK","VCP","DUSP16"
"BTK","STIP1","DUSP16"
"BTK","CRTC2","DUSP16"
"BTK","CD28","DUSP16"
"BTK","INPP5D","DUSP16"
"BTK","IMPDH2","DUSP16"
"BTK","SET","DUSP16"
"BTK","PIK3CG","DUSP16"
"BTK","SH2B2","DUSP16"
"BTK","BCL10","DUSP16"
"BTK","IFIH1","DUSP16"
"BTK","TTI1","DUSP16"
"BTK","GRB14","DUSP16"
"BTK","HOXB7","DUSP16"
"BTK","PIK3C3","DUSP16"
"BTK","STING1","DUSP16"
"BTK","NFKB1","DUSP16"
"BTK","BLVRA","DUSP16"
"BTK","GRB7","DUSP16"
"BTK","RBL2","DUSP16"
"BTK","AKT3","EPHA2"
"BTK","CHUK","EPHA2"
"BTK","AKT2","EPHA2"
"BTK","CCP110","EPHA2"
"BTK","Gbeta","EPHA2"
"BTK","ABL1","EPHA2"
"BTK","MAP2K1","EPHA2"
"BTK","AKT","EPHA2"
"BTK","WWTR1","EPHA2"
"BTK","MAP3K4","EPHA2"
"BTK","LEPR","EPHA2"
"BTK","BCL3","EPHA2"
"BTK","FZR1","EPHA2"
"BTK","PTK6","EPHA2"
"BTK","IKBKE","EPHA2"
"BTK","TBK1","EPHA2"
"BTK","CALM1","EPHA2"
"BTK","STK38","EPHA2"
"BTK","C9orf72","EPHA2"
"BTK","CDKN2A","EPHA2"
"BTK","MAP4K1","EPHA2"
"BTK","RET","EPHA2"
"BTK","DDX41","EPHA2"
"BTK","SHC1","EPHA2"
"BTK","RPS6KA4","EPHA2"
"BTK","MAPKAPK5","EPHA2"
"BTK","MAP3K8","EPHA2"
"BTK","FBLIM1","EPHA2"
"BTK","TEC","EPHA2"
"BTK","VCP","EPHA2"
"BTK","CRTC2","EPHA2"
"BTK","SH2B2","EPHA2"
"BTK","PIK3R6","EPHA2"
"BTK","MRE11","EPHA2"
"BTK","DDX58","EPHA2"
"BTK","UBXN2B","EPHA2"
"BTK","ROR2","EPHA2"
"BTK","ABI1","EPHA2"
"BTK","IFIH1","EPHA2"
"BTK","LRP6","EPHA2"
"BTK","GRB14","EPHA2"
"BTK","HOXB7","EPHA2"
"BTK","PIK3C3","EPHA2"
"BTK","STING1","EPHA2"
"BTK","NFKB1","EPHA2"
"BTK","MAPKAP1","EPHA2"
"BTK","GRB7","EPHA2"
"BTK","BAZ1B","EPHA2"
"BTK","PLCG2","EPHA2"
"BTK","PPP1R14B","EPHA2"
"BTK","MAPK3","MAP3K8"
"BTK","CCP110","MAP3K8"
"BTK","CALM2","MAP3K8"
"BTK","LCK","MAP3K8"
"BTK","ABL1","MAP3K8"
"BTK","PRKCZ","MAP3K8"
"BTK","MAP3K7","MAP3K8"
"BTK","IKBKB","MAP3K8"
"BTK","MAP3K4","MAP3K8"
"BTK","LEPR","MAP3K8"
"BTK","DVL1","MAP3K8"
"BTK","ATR","MAP3K8"
"BTK","SGK3","MAP3K8"
"BTK","IKBKE","MAP3K8"
"BTK","CCND1","MAP3K8"
"BTK","ILK","MAP3K8"
"BTK","STAP1","MAP3K8"
"BTK","TBK1","MAP3K8"
"BTK","SPRED1","MAP3K8"
"BTK","MEK1/2","MAP3K8"
"BTK","PTPN7","MAP3K8"
"BTK","CALM1","MAP3K8"
"BTK","STK38","MAP3K8"
"BTK","TLK1","MAP3K8"
"BTK","CDKN2A","MAP3K8"
"BTK","MAP4K1","MAP3K8"
"BTK","RET","MAP3K8"
"BTK","IKK-complex","MAP3K8"
"BTK","SHC1","MAP3K8"
"BTK","RPS6KA4","MAP3K8"
"BTK","NTRK1","MAP3K8"
"BTK","GPSM3","MAP3K8"
"BTK","RELA","MAP3K8"
"BTK","EPHA2","MAP3K8"
"BTK","CDKN1B","MAP3K8"
"BTK","FBLIM1","MAP3K8"
"BTK","TEC","MAP3K8"
"BTK","VCP","MAP3K8"
"BTK","GRIP1","MAP3K8"
"BTK","TMIGD2","MAP3K8"
"BTK","STIP1","MAP3K8"
"BTK","PSTPIP1","MAP3K8"
"BTK","CD28","MAP3K8"
"BTK","CCNE1","MAP3K8"
"BTK","SET","MAP3K8"
"BTK","SH2B2","MAP3K8"
"BTK","PPP1R14A","MAP3K8"
"BTK","PIK3R6","MAP3K8"
"BTK","HDAC2","MAP3K8"
"BTK","UBXN2B","MAP3K8"
"BTK","MST1R","MAP3K8"
"BTK","ROR2","MAP3K8"
"BTK","ABI1","MAP3K8"
"BTK","RAD50","MAP3K8"
"BTK","TTI1","MAP3K8"
"BTK","WDFY3","MAP3K8"
"BTK","GRB14","MAP3K8"
"BTK","SPEN","MAP3K8"
"BTK","NFKB1","MAP3K8"
"BTK","CTDP1","MAP3K8"
"BTK","TELO2","MAP3K8"
"BTK","BLVRA","MAP3K8"
"BTK","CLSPN","MAP3K8"
"BTK","MAPKAP1","MAP3K8"
"BTK","BAZ1B","MAP3K8"
"BTK","PPP1R14B","MAP3K8"
"BTK","PABIR1","MAP3K8"
"BTK","MAPK3","NRAS"
"BTK","AKT3","NRAS"
"BTK","CHUK","NRAS"
"BTK","PRKCQ","NRAS"
"BTK","AKT1","NRAS"
"BTK","PRKG1","NRAS"
"BTK","CCP110","NRAS"
"BTK","Gbeta","NRAS"
"BTK","RPS6KA5","NRAS"
"BTK","WNK1","NRAS"
"BTK","PRKCG","NRAS"
"BTK","MAP3K7","NRAS"
"BTK","PXN","NRAS"
"BTK","FGG","NRAS"
"BTK","LEPR","NRAS"
"BTK","DVL1","NRAS"
"BTK","FZR1","NRAS"
"BTK","ATR","NRAS"
"BTK","SGK3","NRAS"
"BTK","MEK1/2","NRAS"
"BTK","PTPN7","NRAS"
"BTK","CALM1","NRAS"
"BTK","FADD","NRAS"
"BTK","STK38","NRAS"
"BTK","C9orf72","NRAS"
"BTK","IKK-complex","NRAS"
"BTK","RPS6KA4","NRAS"
"BTK","RELA","NRAS"
"BTK","MAPKAPK5","NRAS"
"BTK","PTPRR","NRAS"
"BTK","CDKN1B","NRAS"
"BTK","FBLIM1","NRAS"
"BTK","CCR2","NRAS"
"BTK","CCNE1","NRAS"
"BTK","IMPDH2","NRAS"
"BTK","PIK3CG","NRAS"
"BTK","TRPV1","NRAS"
"BTK","BCL10","NRAS"
"BTK","DDX58","NRAS"
"BTK","ABI1","NRAS"
"BTK","IFIH1","NRAS"
"BTK","WDFY3","NRAS"
"BTK","LRP6","NRAS"
"BTK","HOXB7","NRAS"
"BTK","PIK3C3","NRAS"
"BTK","NFKB1","NRAS"
"BTK","CTDP1","NRAS"
"BTK","TELO2","NRAS"
"BTK","MAPKAP1","NRAS"
"BTK","GRB7","NRAS"
"BTK","BAZ1B","NRAS"
"BTK","PLCG2","NRAS"
"BTK","PPP1R14B","NRAS"
"BTK","PABIR1","NRAS"
"BTK","MAPK3","GOLGA2"
"BTK","AKT3","GOLGA2"
"BTK","CHUK","GOLGA2"
"BTK","AKT2","GOLGA2"
"BTK","PTEN","GOLGA2"
"BTK","MTOR","GOLGA2"
"BTK","CCP110","GOLGA2"
"BTK","RPS6KA5","GOLGA2"
"BTK","PDPK1","GOLGA2"
"BTK","SGK1","GOLGA2"
"BTK","PRKCB","GOLGA2"
"BTK","PRKCG","GOLGA2"
"BTK","PRKCZ","GOLGA2"
"BTK","MAP3K1","GOLGA2"
"BTK","MAP3K7","GOLGA2"
"BTK","IKBKB","GOLGA2"
"BTK","DOK1","GOLGA2"
"BTK","FGG","GOLGA2"
"BTK","ITK","GOLGA2"
"BTK","BCL3","GOLGA2"
"BTK","VCPIP1","GOLGA2"
"BTK","ATR","GOLGA2"
"BTK","SGK3","GOLGA2"
"BTK","PTK6","GOLGA2"
"BTK","CCND1","GOLGA2"
"BTK","STAP1","GOLGA2"
"BTK","SPRED1","GOLGA2"
"BTK","PTPN7","GOLGA2"
"BTK","FADD","GOLGA2"
"BTK","C9orf72","GOLGA2"
"BTK","RET","GOLGA2"
"BTK","DDX41","GOLGA2"
"BTK","IKK-complex","GOLGA2"
"BTK","SHC1","GOLGA2"
"BTK","RPS6KA4","GOLGA2"
"BTK","GPSM3","GOLGA2"
"BTK","RELA","GOLGA2"
"BTK","MAPKAPK5","GOLGA2"
"BTK","EPHA2","GOLGA2"
"BTK","MAP3K8","GOLGA2"
"BTK","CDKN1B","GOLGA2"
"BTK","TMIGD2","GOLGA2"
"BTK","STIP1","GOLGA2"
"BTK","ARRB2","GOLGA2"
"BTK","CRTC2","GOLGA2"
"BTK","INPP5D","GOLGA2"
"BTK","FRS2","GOLGA2"
"BTK","CCNE1","GOLGA2"
"BTK","IMPDH2","GOLGA2"
"BTK","SET","GOLGA2"
"BTK","SH2B2","GOLGA2"
"BTK","TRPV1","GOLGA2"
"BTK","PPP1R14A","GOLGA2"
"BTK","KSR1","GOLGA2"
"BTK","UBXN2B","GOLGA2"
"BTK","MST1R","GOLGA2"
"BTK","RAD50","GOLGA2"
"BTK","TTI1","GOLGA2"
"BTK","WDFY3","GOLGA2"
"BTK","LRP6","GOLGA2"
"BTK","GRB14","GOLGA2"
"BTK","PIK3C3","GOLGA2"
"BTK","RND1","GOLGA2"
"BTK","STING1","GOLGA2"
"BTK","SPEN","GOLGA2"
"BTK","NFKB1","GOLGA2"
"BTK","CLSPN","GOLGA2"
"BTK","MAPKAP1","GOLGA2"
"BTK","GRB7","GOLGA2"
"BTK","BAZ1B","GOLGA2"
"BTK","PLCG2","GOLGA2"
"BTK","RBL2","GOLGA2"
"BTK","PPP1R14B","GOLGA2"
"BTK","PABIR1","GOLGA2"
"BTK","AKT3","ERCC6"
"BTK","CHUK","ERCC6"
"BTK","PTEN","ERCC6"
"BTK","MTOR","ERCC6"
"BTK","CALM2","ERCC6"
"BTK","ERK1/2","ERCC6"
"BTK","Gbeta","ERCC6"
"BTK","LCK","ERCC6"
"BTK","RPS6KA5","ERCC6"
"BTK","PDPK1","ERCC6"
"BTK","PRKCG","ERCC6"
"BTK","PRKCZ","ERCC6"
"BTK","MAP3K1","ERCC6"
"BTK","MAP3K7","ERCC6"
"BTK","AKT","ERCC6"
"BTK","WWTR1","ERCC6"
"BTK","DOK1","ERCC6"
"BTK","FGG","ERCC6"
"BTK","RPS6KA3","ERCC6"
"BTK","BCL3","ERCC6"
"BTK","DVL1","ERCC6"
"BTK","FZR1","ERCC6"
"BTK","SGK3","ERCC6"
"BTK","PTK6","ERCC6"
"BTK","IKBKE","ERCC6"
"BTK","STAP1","ERCC6"
"BTK","SPRED1","ERCC6"
"BTK","MEK1/2","ERCC6"
"BTK","CALM1","ERCC6"
"BTK","RET","ERCC6"
"BTK","IKK-complex","ERCC6"
"BTK","SHC1","ERCC6"
"BTK","NTRK1","ERCC6"
"BTK","EPHA2","ERCC6"
"BTK","MAP3K8","ERCC6"
"BTK","PTPRR","ERCC6"
"BTK","CDKN1B","ERCC6"
"BTK","FBLIM1","ERCC6"
"BTK","TEC","ERCC6"
"BTK","GRIP1","ERCC6"
"BTK","CCR2","ERCC6"
"BTK","STIP1","ERCC6"
"BTK","ARRB2","ERCC6"
"BTK","TRAF3","ERCC6"
"BTK","INPP5D","ERCC6"
"BTK","FRS2","ERCC6"
"BTK","CCNE1","ERCC6"
"BTK","SET","ERCC6"
"BTK","TRPV1","ERCC6"
"BTK","PPP1R14A","ERCC6"
"BTK","MRE11","ERCC6"
"BTK","HDAC2","ERCC6"
"BTK","KSR1","ERCC6"
"BTK","UBXN2B","ERCC6"
"BTK","MST1R","ERCC6"
"BTK","IFIH1","ERCC6"
"BTK","RAD50","ERCC6"
"BTK","TTI1","ERCC6"
"BTK","WDFY3","ERCC6"
"BTK","HOXB7","ERCC6"
"BTK","PIK3C3","ERCC6"
"BTK","RND1","ERCC6"
"BTK","STING1","ERCC6"
"BTK","CTDP1","ERCC6"
"BTK","BLVRA","ERCC6"
"BTK","MAPKAP1","ERCC6"
"BTK","BAZ1B","ERCC6"
"BTK","PLCG2","ERCC6"
"BTK","PPP1R14B","ERCC6"
"BTK","PABIR1","ERCC6"
"BTK","MAPK3","PTPRR"
"BTK","AKT3","PTPRR"
"BTK","CHUK","PTPRR"
"BTK","AKT2","PTPRR"
"BTK","PTEN","PTPRR"
"BTK","CDK9","PTPRR"
"BTK","ABL1","PTPRR"
"BTK","RPS6KA5","PTPRR"
"BTK","WNK1","PTPRR"
"BTK","PDPK1","PTPRR"
"BTK","PRKCG","PTPRR"
"BTK","PRKCZ","PTPRR"
"BTK","AKT","PTPRR"
"BTK","RPS6KA3","PTPRR"
"BTK","ATR","PTPRR"
"BTK","PTK6","PTPRR"
"BTK","STAP1","PTPRR"
"BTK","SPRED1","PTPRR"
"BTK","PTPN7","PTPRR"
"BTK","CALM1","PTPRR"
"BTK","STK38","PTPRR"
"BTK","TLK1","PTPRR"
"BTK","MAP4K1","PTPRR"
"BTK","RPS6KA4","PTPRR"
"BTK","GPSM3","PTPRR"
"BTK","MAP3K8","PTPRR"
"BTK","CDKN1B","PTPRR"
"BTK","TMIGD2","PTPRR"
"BTK","CCR2","PTPRR"
"BTK","STIP1","PTPRR"
"BTK","CRTC2","PTPRR"
"BTK","CD28","PTPRR"
"BTK","INPP5D","PTPRR"
"BTK","CCNE1","PTPRR"
"BTK","BCL10","PTPRR"
"BTK","PIK3R6","PTPRR"
"BTK","MRE11","PTPRR"
"BTK","DDX58","PTPRR"
"BTK","MST1R","PTPRR"
"BTK","ABI1","PTPRR"
"BTK","SPEN","PTPRR"
"BTK","TELO2","PTPRR"
"BTK","RBL2","PTPRR"
"BTK","MAPK3","SOD1"
"BTK","AKT3","SOD1"
"BTK","PRKG1","SOD1"
"BTK","CCP110","SOD1"
"BTK","LCK","SOD1"
"BTK","CDK9","SOD1"
"BTK","ABL1","SOD1"
"BTK","WNK1","SOD1"
"BTK","SGK1","SOD1"
"BTK","MAP2K1","SOD1"
"BTK","PRKCB","SOD1"
"BTK","PRKCG","SOD1"
"BTK","CyclinD/CDK4","SOD1"
"BTK","MAP3K7","SOD1"
"BTK","AKT","SOD1"
"BTK","IKBKB","SOD1"
"BTK","MAP3K4","SOD1"
"BTK","DAPK1","SOD1"
"BTK","PXN","SOD1"
"BTK","ITK","SOD1"
"BTK","BCL3","SOD1"
"BTK","FZR1","SOD1"
"BTK","GRB2","SOD1"
"BTK","PTK6","SOD1"
"BTK","CCND1","SOD1"
"BTK","ILK","SOD1"
"BTK","STAP1","SOD1"
"BTK","TBK1","SOD1"
"BTK","MEK1/2","SOD1"
"BTK","FADD","SOD1"
"BTK","C9orf72","SOD1"
"BTK","CDKN2A","SOD1"
"BTK","MAP4K1","SOD1"
"BTK","RET","SOD1"
"BTK","IKK-complex","SOD1"
"BTK","RPS6KA4","SOD1"
"BTK","GPSM3","SOD1"
"BTK","MAPKAPK5","SOD1"
"BTK","PTPRR","SOD1"
"BTK","CDKN1B","SOD1"
"BTK","GRIP1","SOD1"
"BTK","STIP1","SOD1"
"BTK","ARRB2","SOD1"
"BTK","CRTC2","SOD1"
"BTK","INPP5D","SOD1"
"BTK","FRS2","SOD1"
"BTK","CCNE1","SOD1"
"BTK","IMPDH2","SOD1"
"BTK","SH2B2","SOD1"
"BTK","TRPV1","SOD1"
"BTK","PIK3R6","SOD1"
"BTK","MRE11","SOD1"
"BTK","KSR1","SOD1"
"BTK","MST1R","SOD1"
"BTK","ROR2","SOD1"
"BTK","ABI1","SOD1"
"BTK","IFIH1","SOD1"
"BTK","RAD50","SOD1"
"BTK","TTI1","SOD1"
"BTK","WDFY3","SOD1"
"BTK","NFKB1","SOD1"
"BTK","BLVRA","SOD1"
"BTK","MAPKAP1","SOD1"
"BTK","PPP1R14B","SOD1"
"BTK","PABIR1","SOD1"
"BTK","AKT2","CDCA5"
"BTK","AKT1","CDCA5"
"BTK","CALM2","CDCA5"
"BTK","ERK1/2","CDCA5"
"BTK","Gbeta","CDCA5"
"BTK","CDK9","CDCA5"
"BTK","MAP2K1","CDCA5"
"BTK","IKBKB","CDCA5"
"BTK","DAPK1","CDCA5"
"BTK","PXN","CDCA5"
"BTK","FGG","CDCA5"
"BTK","DVL1","CDCA5"
"BTK","PTK6","CDCA5"
"BTK","IKBKE","CDCA5"
"BTK","CCND1","CDCA5"
"BTK","ILK","CDCA5"
"BTK","SPRED1","CDCA5"
"BTK","MEK1/2","CDCA5"
"BTK","CDKN2A","CDCA5"
"BTK","MAP4K1","CDCA5"
"BTK","DDX41","CDCA5"
"BTK","SHC1","CDCA5"
"BTK","CDKN1B","CDCA5"
"BTK","GRIP1","CDCA5"
"BTK","CCR2","CDCA5"
"BTK","INPP5D","CDCA5"
"BTK","PIK3CG","CDCA5"
"BTK","PPP1R14A","CDCA5"
"BTK","BCL10","CDCA5"
"BTK","MRE11","CDCA5"
"BTK","UBXN2B","CDCA5"
"BTK","MST1R","CDCA5"
"BTK","IFIH1","CDCA5"
"BTK","RAD50","CDCA5"
"BTK","LRP6","CDCA5"
"BTK","GRB14","CDCA5"
"BTK","HOXB7","CDCA5"
"BTK","RND1","CDCA5"
"BTK","STING1","CDCA5"
"BTK","NFKB1","CDCA5"
"BTK","TELO2","CDCA5"
"BTK","BLVRA","CDCA5"
"BTK","CLSPN","CDCA5"
"BTK","RBL2","CDCA5"
"BTK","MAPK3","CDKN1B"
"BTK","AKT2","CDKN1B"
"BTK","PTEN","CDKN1B"
"BTK","PRKCQ","CDKN1B"
"BTK","PRKG1","CDKN1B"
"BTK","RPS6K","CDKN1B"
"BTK","ERK1/2","CDKN1B"
"BTK","RPS6KA5","CDKN1B"
"BTK","WNK1","CDKN1B"
"BTK","PDPK1","CDKN1B"
"BTK","PRKCG","CDKN1B"
"BTK","IKBKB","CDKN1B"
"BTK","PXN","CDKN1B"
"BTK","LEPR","CDKN1B"
"BTK","RPS6KA3","CDKN1B"
"BTK","BCL3","CDKN1B"
"BTK","DVL1","CDKN1B"
"BTK","FZR1","CDKN1B"
"BTK","IKBKE","CDKN1B"
"BTK","CCND1","CDKN1B"
"BTK","STAP1","CDKN1B"
"BTK","TBK1","CDKN1B"
"BTK","SPRED1","CDKN1B"
"BTK","PTPN7","CDKN1B"
"BTK","CALM1","CDKN1B"
"BTK","FADD","CDKN1B"
"BTK","MAP4K1","CDKN1B"
"BTK","DDX41","CDKN1B"
"BTK","GPSM3","CDKN1B"
"BTK","RELA","CDKN1B"
"BTK","MAPKAPK5","CDKN1B"
"BTK","TEC","CDKN1B"
"BTK","VCP","CDKN1B"
"BTK","GRIP1","CDKN1B"
"BTK","CCR2","CDKN1B"
"BTK","CD28","CDKN1B"
"BTK","INPP5D","CDKN1B"
"BTK","IMPDH2","CDKN1B"
"BTK","PPP1R14A","CDKN1B"
"BTK","BCL10","CDKN1B"
"BTK","PIK3R6","CDKN1B"
"BTK","MST1R","CDKN1B"
"BTK","IFIH1","CDKN1B"
"BTK","TTI1","CDKN1B"
"BTK","WDFY3","CDKN1B"
"BTK","GRB14","CDKN1B"
"BTK","STING1","CDKN1B"
"BTK","SPEN","CDKN1B"
"BTK","CTDP1","CDKN1B"
"BTK","PABIR1","CDKN1B"
"BTK","CHUK","NSFL1C"
"BTK","AKT2","NSFL1C"
"BTK","PTEN","NSFL1C"
"BTK","PRKCQ","NSFL1C"
"BTK","AKT1","NSFL1C"
"BTK","RPS6K","NSFL1C"
"BTK","CALM2","NSFL1C"
"BTK","ERK1/2","NSFL1C"
"BTK","Gbeta","NSFL1C"
"BTK","LCK","NSFL1C"
"BTK","CDK9","NSFL1C"
"BTK","ABL1","NSFL1C"
"BTK","CyclinD/CDK4","NSFL1C"
"BTK","MAP3K1","NSFL1C"
"BTK","AKT","NSFL1C"
"BTK","IKBKB","NSFL1C"
"BTK","DOK1","NSFL1C"
"BTK","FGG","NSFL1C"
"BTK","LEPR","NSFL1C"
"BTK","RPS6KA3","NSFL1C"
"BTK","BCL3","NSFL1C"
"BTK","DVL1","NSFL1C"
"BTK","FZR1","NSFL1C"
"BTK","VCPIP1","NSFL1C"
"BTK","ATR","NSFL1C"
"BTK","TBK1","NSFL1C"
"BTK","MEK1/2","NSFL1C"
"BTK","STK38","NSFL1C"
"BTK","TLK1","NSFL1C"
"BTK","C9orf72","NSFL1C"
"BTK","MAP4K1","NSFL1C"
"BTK","DDX41","NSFL1C"
"BTK","SHC1","NSFL1C"
"BTK","NTRK1","NSFL1C"
"BTK","GPSM3","NSFL1C"
"BTK","EPHA2","NSFL1C"
"BTK","MAP3K8","NSFL1C"
"BTK","CDKN1B","NSFL1C"
"BTK","GRIP1","NSFL1C"
"BTK","CCR2","NSFL1C"
"BTK","STIP1","NSFL1C"
"BTK","CD28","NSFL1C"
"BTK","INPP5D","NSFL1C"
"BTK","IMPDH2","NSFL1C"
"BTK","SH2B2","NSFL1C"
"BTK","TRPV1","NSFL1C"
"BTK","PPP1R14A","NSFL1C"
"BTK","BCL10","NSFL1C"
"BTK","MRE11","NSFL1C"
"BTK","HDAC2","NSFL1C"
"BTK","KSR1","NSFL1C"
"BTK","DDX58","NSFL1C"
"BTK","UBXN2B","NSFL1C"
"BTK","MST1R","NSFL1C"
"BTK","ABI1","NSFL1C"
"BTK","IFIH1","NSFL1C"
"BTK","RAD50","NSFL1C"
"BTK","TTI1","NSFL1C"
"BTK","WDFY3","NSFL1C"
"BTK","LRP6","NSFL1C"
"BTK","GRB14","NSFL1C"
"BTK","RND1","NSFL1C"
"BTK","SPEN","NSFL1C"
"BTK","BLVRA","NSFL1C"
"BTK","CLSPN","NSFL1C"
"BTK","GRB7","NSFL1C"
"BTK","BAZ1B","NSFL1C"
"BTK","PLCG2","NSFL1C"
"BTK","RBL2","NSFL1C"
"BTK","PPP1R14B","NSFL1C"
"BTK","PABIR1","NSFL1C"
"BTK","MAPK3","GTF2I"
"BTK","AKT2","GTF2I"
"BTK","PTEN","GTF2I"
"BTK","PRKCQ","GTF2I"
"BTK","MTOR","GTF2I"
"BTK","PRKG1","GTF2I"
"BTK","RPS6K","GTF2I"
"BTK","CALM2","GTF2I"
"BTK","ERK1/2","GTF2I"
"BTK","CDK9","GTF2I"
"BTK","SGK1","GTF2I"
"BTK","MAP2K1","GTF2I"
"BTK","PRKCG","GTF2I"
"BTK","PRKCZ","GTF2I"
"BTK","MAP3K7","GTF2I"
"BTK","AKT","GTF2I"
"BTK","WWTR1","GTF2I"
"BTK","MAP3K4","GTF2I"
"BTK","DAPK1","GTF2I"
"BTK","FZR1","GTF2I"
"BTK","VCPIP1","GTF2I"
"BTK","SGK3","GTF2I"
"BTK","CCND1","GTF2I"
"BTK","STAP1","GTF2I"
"BTK","MEK1/2","GTF2I"
"BTK","PTPN7","GTF2I"
"BTK","CALM1","GTF2I"
"BTK","FADD","GTF2I"
"BTK","STK38","GTF2I"
"BTK","C9orf72","GTF2I"
"BTK","CDKN2A","GTF2I"
"BTK","SHC1","GTF2I"
"BTK","RPS6KA4","GTF2I"
"BTK","CDKN1B","GTF2I"
"BTK","CCR2","GTF2I"
"BTK","STIP1","GTF2I"
"BTK","CCNE1","GTF2I"
"BTK","GRB14","GTF2I"
"BTK","NFKB1","GTF2I"
"BTK","TELO2","GTF2I"
"BTK","MAPKAP1","GTF2I"
"BTK","PABIR1","GTF2I"
"BTK","MAPK3","?ñ-Catenin"
"BTK","AKT3","?ñ-Catenin"
"BTK","CHUK","?ñ-Catenin"
"BTK","PTEN","?ñ-Catenin"
"BTK","PRKCQ","?ñ-Catenin"
"BTK","MTOR","?ñ-Catenin"
"BTK","Gbeta","?ñ-Catenin"
"BTK","LCK","?ñ-Catenin"
"BTK","ABL1","?ñ-Catenin"
"BTK","WNK1","?ñ-Catenin"
"BTK","MAP3K7","?ñ-Catenin"
"BTK","DOK1","?ñ-Catenin"
"BTK","DAPK1","?ñ-Catenin"
"BTK","RPS6KA3","?ñ-Catenin"
"BTK","DVL1","?ñ-Catenin"
"BTK","CCND1","?ñ-Catenin"
"BTK","TBK1","?ñ-Catenin"
"BTK","CALM1","?ñ-Catenin"
"BTK","FADD","?ñ-Catenin"
"BTK","STK38","?ñ-Catenin"
"BTK","CDKN2A","?ñ-Catenin"
"BTK","DDX41","?ñ-Catenin"
"BTK","RPS6KA4","?ñ-Catenin"
"BTK","PTPRR","?ñ-Catenin"
"BTK","FBLIM1","?ñ-Catenin"
"BTK","TEC","?ñ-Catenin"
"BTK","FRS2","?ñ-Catenin"
"BTK","SET","?ñ-Catenin"
"BTK","PIK3R6","?ñ-Catenin"
"BTK","DDX58","?ñ-Catenin"
"BTK","ABI1","?ñ-Catenin"
"BTK","IFIH1","?ñ-Catenin"
"BTK","GRB14","?ñ-Catenin"
"BTK","PIK3C3","?ñ-Catenin"
"BTK","SPEN","?ñ-Catenin"
"BTK","NFKB1","?ñ-Catenin"
"BTK","CLSPN","?ñ-Catenin"
"BTK","GRB7","?ñ-Catenin"
"BTK","RBL2","?ñ-Catenin"
"BTK","CHUK","TSC1"
"BTK","CALM2","TSC1"
"BTK","CyclinD/CDK4","TSC1"
"BTK","MAP3K1","TSC1"
"BTK","WWTR1","TSC1"
"BTK","ITK","TSC1"
"BTK","FZR1","TSC1"
"BTK","SGK3","TSC1"
"BTK","PTK6","TSC1"
"BTK","STAP1","TSC1"
"BTK","CDKN2A","TSC1"
"BTK","IKK-complex","TSC1"
"BTK","EPHA2","TSC1"
"BTK","MAP3K8","TSC1"
"BTK","VCP","TSC1"
"BTK","GRIP1","TSC1"
"BTK","TMIGD2","TSC1"
"BTK","STIP1","TSC1"
"BTK","CRTC2","TSC1"
"BTK","CD28","TSC1"
"BTK","FRS2","TSC1"
"BTK","IMPDH2","TSC1"
"BTK","SET","TSC1"
"BTK","BCL10","TSC1"
"BTK","ROR2","TSC1"
"BTK","ABI1","TSC1"
"BTK","RAD50","TSC1"
"BTK","GRB14","TSC1"
"BTK","HOXB7","TSC1"
"BTK","SPEN","TSC1"
"BTK","TELO2","TSC1"
"BTK","MAPKAP1","TSC1"
"BTK","GRB7","TSC1"
"BTK","BAZ1B","TSC1"
"BTK","MAPK3","MAPK15"
"BTK","AKT2","MAPK15"
"BTK","PTEN","MAPK15"
"BTK","PRKCQ","MAPK15"
"BTK","CALM2","MAPK15"
"BTK","Gbeta","MAPK15"
"BTK","CDK9","MAPK15"
"BTK","RPS6KA5","MAPK15"
"BTK","PDPK1","MAPK15"
"BTK","PRKCG","MAPK15"
"BTK","CyclinD/CDK4","MAPK15"
"BTK","MAP3K7","MAPK15"
"BTK","MAP3K4","MAPK15"
"BTK","FGG","MAPK15"
"BTK","LEPR","MAPK15"
"BTK","RPS6KA3","MAPK15"
"BTK","VCPIP1","MAPK15"
"BTK","SGK3","MAPK15"
"BTK","PTK6","MAPK15"
"BTK","IKBKE","MAPK15"
"BTK","CCND1","MAPK15"
"BTK","ILK","MAPK15"
"BTK","STAP1","MAPK15"
"BTK","SPRED1","MAPK15"
"BTK","TLK1","MAPK15"
"BTK","MAP4K1","MAPK15"
"BTK","RPS6KA4","MAPK15"
"BTK","NTRK1","MAPK15"
"BTK","MAP3K8","MAPK15"
"BTK","PTPRR","MAPK15"
"BTK","VCP","MAPK15"
"BTK","TMIGD2","MAPK15"
"BTK","ARRB2","MAPK15"
"BTK","TRAF3","MAPK15"
"BTK","CRTC2","MAPK15"
"BTK","INPP5D","MAPK15"
"BTK","CCNE1","MAPK15"
"BTK","SET","MAPK15"
"BTK","PIK3CG","MAPK15"
"BTK","BCL10","MAPK15"
"BTK","MRE11","MAPK15"
"BTK","HDAC2","MAPK15"
"BTK","KSR1","MAPK15"
"BTK","ROR2","MAPK15"
"BTK","ABI1","MAPK15"
"BTK","IFIH1","MAPK15"
"BTK","TTI1","MAPK15"
"BTK","WDFY3","MAPK15"
"BTK","LRP6","MAPK15"
"BTK","PIK3C3","MAPK15"
"BTK","RND1","MAPK15"
"BTK","NFKB1","MAPK15"
"BTK","CTDP1","MAPK15"
"BTK","GRB7","MAPK15"
"BTK","RBL2","MAPK15"
"BTK","PABIR1","MAPK15"
"BTK","STAP1","CTNNA1"
"BTK","AKT2","FBLIM1"
"BTK","MTOR","FBLIM1"
"BTK","PRKG1","FBLIM1"
"BTK","RPS6K","FBLIM1"
"BTK","CALM2","FBLIM1"
"BTK","Gbeta","FBLIM1"
"BTK","LCK","FBLIM1"
"BTK","CDK9","FBLIM1"
"BTK","ABL1","FBLIM1"
"BTK","WNK1","FBLIM1"
"BTK","PDPK1","FBLIM1"
"BTK","PRKCG","FBLIM1"
"BTK","CyclinD/CDK4","FBLIM1"
"BTK","MAP3K7","FBLIM1"
"BTK","AKT","FBLIM1"
"BTK","DAPK1","FBLIM1"
"BTK","PXN","FBLIM1"
"BTK","ITK","FBLIM1"
"BTK","PTK6","FBLIM1"
"BTK","IKBKE","FBLIM1"
"BTK","MEK1/2","FBLIM1"
"BTK","FADD","FBLIM1"
"BTK","C9orf72","FBLIM1"
"BTK","MAP4K1","FBLIM1"
"BTK","RET","FBLIM1"
"BTK","SHC1","FBLIM1"
"BTK","NTRK1","FBLIM1"
"BTK","GPSM3","FBLIM1"
"BTK","RELA","FBLIM1"
"BTK","CDKN1B","FBLIM1"
"BTK","CCR2","FBLIM1"
"BTK","ARRB2","FBLIM1"
"BTK","CD28","FBLIM1"
"BTK","FRS2","FBLIM1"
"BTK","CCNE1","FBLIM1"
"BTK","PPP1R14A","FBLIM1"
"BTK","BCL10","FBLIM1"
"BTK","PIK3R6","FBLIM1"
"BTK","MRE11","FBLIM1"
"BTK","UBXN2B","FBLIM1"
"BTK","ROR2","FBLIM1"
"BTK","LRP6","FBLIM1"
"BTK","GRB14","FBLIM1"
"BTK","HOXB7","FBLIM1"
"BTK","SPEN","FBLIM1"
"BTK","MAPKAP1","FBLIM1"
"BTK","PLCG2","FBLIM1"
"BTK","PRKCQ","FOXO1"
"BTK","AKT1","FOXO1"
"BTK","PRKG1","FOXO1"
"BTK","CCP110","FOXO1"
"BTK","CALM2","FOXO1"
"BTK","ERK1/2","FOXO1"
"BTK","CDK9","FOXO1"
"BTK","RPS6KA5","FOXO1"
"BTK","PRKCG","FOXO1"
"BTK","MAP3K1","FOXO1"
"BTK","WWTR1","FOXO1"
"BTK","MAP3K4","FOXO1"
"BTK","PXN","FOXO1"
"BTK","FGG","FOXO1"
"BTK","LEPR","FOXO1"
"BTK","ITK","FOXO1"
"BTK","RPS6KA3","FOXO1"
"BTK","FZR1","FOXO1"
"BTK","GRB2","FOXO1"
"BTK","VCPIP1","FOXO1"
"BTK","IKBKE","FOXO1"
"BTK","NTRK1","FOXO1"
"BTK","RELA","FOXO1"
"BTK","MAPKAPK5","FOXO1"
"BTK","EPHA2","FOXO1"
"BTK","CDKN1B","FOXO1"
"BTK","FBLIM1","FOXO1"
"BTK","GRIP1","FOXO1"
"BTK","TMIGD2","FOXO1"
"BTK","PSTPIP1","FOXO1"
"BTK","CD28","FOXO1"
"BTK","INPP5D","FOXO1"
"BTK","CCNE1","FOXO1"
"BTK","SET","FOXO1"
"BTK","SH2B2","FOXO1"
"BTK","PPP1R14A","FOXO1"
"BTK","HDAC2","FOXO1"
"BTK","DDX58","FOXO1"
"BTK","RAD50","FOXO1"
"BTK","LRP6","FOXO1"
"BTK","PIK3C3","FOXO1"
"BTK","SPEN","FOXO1"
"BTK","NFKB1","FOXO1"
"BTK","GRB7","FOXO1"
"BTK","BAZ1B","FOXO1"
"BTK","PPP1R14B","FOXO1"
"BTK","PABIR1","FOXO1"
"BTK","ITK","ERBB3"
"BTK","CHUK","MAML1"
"BTK","AKT2","MAML1"
"BTK","PTEN","MAML1"
"BTK","PRKCQ","MAML1"
"BTK","MTOR","MAML1"
"BTK","PRKG1","MAML1"
"BTK","CCP110","MAML1"
"BTK","CDK9","MAML1"
"BTK","RPS6KA5","MAML1"
"BTK","WNK1","MAML1"
"BTK","SGK1","MAML1"
"BTK","MAP2K1","MAML1"
"BTK","CyclinD/CDK4","MAML1"
"BTK","MAP3K1","MAML1"
"BTK","AKT","MAML1"
"BTK","IKBKB","MAML1"
"BTK","DOK1","MAML1"
"BTK","MAP3K4","MAML1"
"BTK","PXN","MAML1"
"BTK","LEPR","MAML1"
"BTK","GRB2","MAML1"
"BTK","ATR","MAML1"
"BTK","PTK6","MAML1"
"BTK","CCND1","MAML1"
"BTK","ILK","MAML1"
"BTK","TBK1","MAML1"
"BTK","CALM1","MAML1"
"BTK","FADD","MAML1"
"BTK","RET","MAML1"
"BTK","SHC1","MAML1"
"BTK","NTRK1","MAML1"
"BTK","EPHA2","MAML1"
"BTK","PTPRR","MAML1"
"BTK","CDKN1B","MAML1"
"BTK","FBLIM1","MAML1"
"BTK","TEC","MAML1"
"BTK","GRIP1","MAML1"
"BTK","ARRB2","MAML1"
"BTK","CRTC2","MAML1"
"BTK","CD28","MAML1"
"BTK","INPP5D","MAML1"
"BTK","SET","MAML1"
"BTK","PPP1R14A","MAML1"
"BTK","PIK3R6","MAML1"
"BTK","KSR1","MAML1"
"BTK","DDX58","MAML1"
"BTK","UBXN2B","MAML1"
"BTK","MST1R","MAML1"
"BTK","ABI1","MAML1"
"BTK","LRP6","MAML1"
"BTK","PIK3C3","MAML1"
"BTK","STING1","MAML1"
"BTK","SPEN","MAML1"
"BTK","MAPKAP1","MAML1"
"BTK","GRB7","MAML1"
"BTK","PLCG2","MAML1"
"BTK","ERK1/2","TEC"
"BTK","Gbeta","TEC"
"BTK","WNK1","TEC"
"BTK","WWTR1","TEC"
"BTK","MAP3K8","TEC"
"BTK","PTPRR","TEC"
"BTK","FBLIM1","TEC"
"BTK","FRS2","TEC"
"BTK","BCL10","TEC"
"BTK","WDFY3","TEC"
"BTK","LRP6","TEC"
"BTK","PLCG2","TEC"
"BTK","PTEN","CSF2RA/CSF2RB"
"BTK","Gbeta","CSF2RA/CSF2RB"
"BTK","ABL1","CSF2RA/CSF2RB"
"BTK","WNK1","CSF2RA/CSF2RB"
"BTK","SGK1","CSF2RA/CSF2RB"
"BTK","MAP2K1","CSF2RA/CSF2RB"
"BTK","PRKCB","CSF2RA/CSF2RB"
"BTK","PRKCG","CSF2RA/CSF2RB"
"BTK","PRKCZ","CSF2RA/CSF2RB"
"BTK","MAP3K1","CSF2RA/CSF2RB"
"BTK","MAP3K7","CSF2RA/CSF2RB"
"BTK","AKT","CSF2RA/CSF2RB"
"BTK","WWTR1","CSF2RA/CSF2RB"
"BTK","PXN","CSF2RA/CSF2RB"
"BTK","FGG","CSF2RA/CSF2RB"
"BTK","LEPR","CSF2RA/CSF2RB"
"BTK","SGK3","CSF2RA/CSF2RB"
"BTK","ILK","CSF2RA/CSF2RB"
"BTK","SPRED1","CSF2RA/CSF2RB"
"BTK","PTPN7","CSF2RA/CSF2RB"
"BTK","CALM1","CSF2RA/CSF2RB"
"BTK","FADD","CSF2RA/CSF2RB"
"BTK","TLK1","CSF2RA/CSF2RB"
"BTK","C9orf72","CSF2RA/CSF2RB"
"BTK","CDKN2A","CSF2RA/CSF2RB"
"BTK","MAP4K1","CSF2RA/CSF2RB"
"BTK","NTRK1","CSF2RA/CSF2RB"
"BTK","RELA","CSF2RA/CSF2RB"
"BTK","MAP3K8","CSF2RA/CSF2RB"
"BTK","CDKN1B","CSF2RA/CSF2RB"
"BTK","VCP","CSF2RA/CSF2RB"
"BTK","GRIP1","CSF2RA/CSF2RB"
"BTK","TMIGD2","CSF2RA/CSF2RB"
"BTK","CCR2","CSF2RA/CSF2RB"
"BTK","ARRB2","CSF2RA/CSF2RB"
"BTK","CRTC2","CSF2RA/CSF2RB"
"BTK","INPP5D","CSF2RA/CSF2RB"
"BTK","CCNE1","CSF2RA/CSF2RB"
"BTK","SET","CSF2RA/CSF2RB"
"BTK","BCL10","CSF2RA/CSF2RB"
"BTK","PIK3R6","CSF2RA/CSF2RB"
"BTK","HDAC2","CSF2RA/CSF2RB"
"BTK","KSR1","CSF2RA/CSF2RB"
"BTK","MST1R","CSF2RA/CSF2RB"
"BTK","ABI1","CSF2RA/CSF2RB"
"BTK","TTI1","CSF2RA/CSF2RB"
"BTK","GRB14","CSF2RA/CSF2RB"
"BTK","HOXB7","CSF2RA/CSF2RB"
"BTK","PIK3C3","CSF2RA/CSF2RB"
"BTK","SPEN","CSF2RA/CSF2RB"
"BTK","NFKB1","CSF2RA/CSF2RB"
"BTK","TELO2","CSF2RA/CSF2RB"
"BTK","BLVRA","CSF2RA/CSF2RB"
"BTK","MAPKAP1","CSF2RA/CSF2RB"
"BTK","GRB7","CSF2RA/CSF2RB"
"BTK","BAZ1B","CSF2RA/CSF2RB"
"BTK","PABIR1","CSF2RA/CSF2RB"
"BTK","MAPK3","PAX3"
"BTK","AKT3","PAX3"
"BTK","CHUK","PAX3"
"BTK","PTEN","PAX3"
"BTK","MTOR","PAX3"
"BTK","AKT1","PAX3"
"BTK","WNK1","PAX3"
"BTK","MAP2K1","PAX3"
"BTK","PRKCZ","PAX3"
"BTK","CyclinD/CDK4","PAX3"
"BTK","AKT","PAX3"
"BTK","DAPK1","PAX3"
"BTK","FGG","PAX3"
"BTK","LEPR","PAX3"
"BTK","ITK","PAX3"
"BTK","BCL3","PAX3"
"BTK","VCPIP1","PAX3"
"BTK","SGK3","PAX3"
"BTK","PTK6","PAX3"
"BTK","CCND1","PAX3"
"BTK","ILK","PAX3"
"BTK","SPRED1","PAX3"
"BTK","PTPN7","PAX3"
"BTK","STK38","PAX3"
"BTK","TLK1","PAX3"
"BTK","C9orf72","PAX3"
"BTK","CDKN2A","PAX3"
"BTK","MAP4K1","PAX3"
"BTK","RET","PAX3"
"BTK","SHC1","PAX3"
"BTK","RPS6KA4","PAX3"
"BTK","RELA","PAX3"
"BTK","EPHA2","PAX3"
"BTK","PTPRR","PAX3"
"BTK","VCP","PAX3"
"BTK","GRIP1","PAX3"
"BTK","STIP1","PAX3"
"BTK","TRPV1","PAX3"
"BTK","PIK3R6","PAX3"
"BTK","MRE11","PAX3"
"BTK","KSR1","PAX3"
"BTK","MST1R","PAX3"
"BTK","RAD50","PAX3"
"BTK","TTI1","PAX3"
"BTK","GRB14","PAX3"
"BTK","HOXB7","PAX3"
"BTK","STING1","PAX3"
"BTK","SPEN","PAX3"
"BTK","NFKB1","PAX3"
"BTK","CTDP1","PAX3"
"BTK","CLSPN","PAX3"
"BTK","GRB7","PAX3"
"BTK","RBL2","PAX3"
"BTK","PPP1R14B","PAX3"
"BTK","PABIR1","PAX3"
"BTK","MAPK3","ITGB4"
"BTK","CHUK","ITGB4"
"BTK","PRKCQ","ITGB4"
"BTK","CCP110","ITGB4"
"BTK","RPS6K","ITGB4"
"BTK","ERK1/2","ITGB4"
"BTK","LCK","ITGB4"
"BTK","ABL1","ITGB4"
"BTK","RPS6KA5","ITGB4"
"BTK","WNK1","ITGB4"
"BTK","PDPK1","ITGB4"
"BTK","SGK1","ITGB4"
"BTK","PRKCB","ITGB4"
"BTK","MAP3K1","ITGB4"
"BTK","MAP3K7","ITGB4"
"BTK","AKT","ITGB4"
"BTK","IKBKB","ITGB4"
"BTK","WWTR1","ITGB4"
"BTK","DAPK1","ITGB4"
"BTK","PXN","ITGB4"
"BTK","FGG","ITGB4"
"BTK","LEPR","ITGB4"
"BTK","ITK","ITGB4"
"BTK","BCL3","ITGB4"
"BTK","FZR1","ITGB4"
"BTK","GRB2","ITGB4"
"BTK","ATR","ITGB4"
"BTK","PTK6","ITGB4"
"BTK","IKBKE","ITGB4"
"BTK","STAP1","ITGB4"
"BTK","TBK1","ITGB4"
"BTK","SPRED1","ITGB4"
"BTK","PTPN7","ITGB4"
"BTK","TLK1","ITGB4"
"BTK","C9orf72","ITGB4"
"BTK","DDX41","ITGB4"
"BTK","SHC1","ITGB4"
"BTK","NTRK1","ITGB4"
"BTK","RELA","ITGB4"
"BTK","MAP3K8","ITGB4"
"BTK","PTPRR","ITGB4"
"BTK","STIP1","ITGB4"
"BTK","TRAF3","ITGB4"
"BTK","CD28","ITGB4"
"BTK","INPP5D","ITGB4"
"BTK","FRS2","ITGB4"
"BTK","CCNE1","ITGB4"
"BTK","PIK3CG","ITGB4"
"BTK","SH2B2","ITGB4"
"BTK","PPP1R14A","ITGB4"
"BTK","BCL10","ITGB4"
"BTK","MRE11","ITGB4"
"BTK","HDAC2","ITGB4"
"BTK","KSR1","ITGB4"
"BTK","DDX58","ITGB4"
"BTK","MST1R","ITGB4"
"BTK","ROR2","ITGB4"
"BTK","ABI1","ITGB4"
"BTK","IFIH1","ITGB4"
"BTK","WDFY3","ITGB4"
"BTK","HOXB7","ITGB4"
"BTK","PIK3C3","ITGB4"
"BTK","CTDP1","ITGB4"
"BTK","CLSPN","ITGB4"
"BTK","MAPKAP1","ITGB4"
"BTK","PABIR1","ITGB4"
"BTK","MAPK3","RB1"
"BTK","CHUK","RB1"
"BTK","AKT2","RB1"
"BTK","CCP110","RB1"
"BTK","RPS6K","RB1"
"BTK","CALM2","RB1"
"BTK","ERK1/2","RB1"
"BTK","Gbeta","RB1"
"BTK","PDPK1","RB1"
"BTK","MAP3K1","RB1"
"BTK","MAP3K7","RB1"
"BTK","DAPK1","RB1"
"BTK","PXN","RB1"
"BTK","LEPR","RB1"
"BTK","ITK","RB1"
"BTK","RPS6KA3","RB1"
"BTK","DVL1","RB1"
"BTK","FZR1","RB1"
"BTK","SGK3","RB1"
"BTK","CCND1","RB1"
"BTK","STAP1","RB1"
"BTK","SPRED1","RB1"
"BTK","PTPN7","RB1"
"BTK","CALM1","RB1"
"BTK","CDKN2A","RB1"
"BTK","MAP4K1","RB1"
"BTK","RELA","RB1"
"BTK","VCP","RB1"
"BTK","CCR2","RB1"
"BTK","STIP1","RB1"
"BTK","TRAF3","RB1"
"BTK","CD28","RB1"
"BTK","INPP5D","RB1"
"BTK","CCNE1","RB1"
"BTK","IMPDH2","RB1"
"BTK","SET","RB1"
"BTK","SH2B2","RB1"
"BTK","PIK3R6","RB1"
"BTK","MST1R","RB1"
"BTK","ABI1","RB1"
"BTK","RAD50","RB1"
"BTK","HOXB7","RB1"
"BTK","CTDP1","RB1"
"BTK","BLVRA","RB1"
"BTK","CLSPN","RB1"
"BTK","GRB7","RB1"
"BTK","BAZ1B","RB1"
"BTK","RBL2","RB1"
"BTK","PPP1R14B","RB1"
"BTK","PABIR1","RB1"
"BTK","ITK","ERRFI1"
"BTK","MAPK3","PGR"
"BTK","PRKCQ","PGR"
"BTK","MTOR","PGR"
"BTK","AKT1","PGR"
"BTK","CCP110","PGR"
"BTK","LCK","PGR"
"BTK","MAP2K1","PGR"
"BTK","PRKCB","PGR"
"BTK","PRKCZ","PGR"
"BTK","WWTR1","PGR"
"BTK","DAPK1","PGR"
"BTK","PXN","PGR"
"BTK","FGG","PGR"
"BTK","LEPR","PGR"
"BTK","BCL3","PGR"
"BTK","FZR1","PGR"
"BTK","VCPIP1","PGR"
"BTK","SGK3","PGR"
"BTK","IKBKE","PGR"
"BTK","CCND1","PGR"
"BTK","STAP1","PGR"
"BTK","MEK1/2","PGR"
"BTK","MAP4K1","PGR"
"BTK","DDX41","PGR"
"BTK","SHC1","PGR"
"BTK","NTRK1","PGR"
"BTK","MAPKAPK5","PGR"
"BTK","MAP3K8","PGR"
"BTK","TMIGD2","PGR"
"BTK","CCR2","PGR"
"BTK","STIP1","PGR"
"BTK","PSTPIP1","PGR"
"BTK","TRAF3","PGR"
"BTK","FRS2","PGR"
"BTK","IMPDH2","PGR"
"BTK","PPP1R14A","PGR"
"BTK","MRE11","PGR"
"BTK","HDAC2","PGR"
"BTK","DDX58","PGR"
"BTK","UBXN2B","PGR"
"BTK","ROR2","PGR"
"BTK","ABI1","PGR"
"BTK","IFIH1","PGR"
"BTK","RAD50","PGR"
"BTK","TTI1","PGR"
"BTK","WDFY3","PGR"
"BTK","LRP6","PGR"
"BTK","GRB14","PGR"
"BTK","PIK3C3","PGR"
"BTK","RND1","PGR"
"BTK","STING1","PGR"
"BTK","SPEN","PGR"
"BTK","CTDP1","PGR"
"BTK","TELO2","PGR"
"BTK","BLVRA","PGR"
"BTK","MAPKAP1","PGR"
"BTK","GRB7","PGR"
"BTK","PLCG2","PGR"
"BTK","RBL2","PGR"
"BTK","PABIR1","PGR"
"BTK","AKT3","EPHA3"
"BTK","AKT1","EPHA3"
"BTK","CALM2","EPHA3"
"BTK","ERK1/2","EPHA3"
"BTK","Gbeta","EPHA3"
"BTK","LCK","EPHA3"
"BTK","RPS6KA5","EPHA3"
"BTK","WNK1","EPHA3"
"BTK","SGK1","EPHA3"
"BTK","PRKCB","EPHA3"
"BTK","MAP3K1","EPHA3"
"BTK","WWTR1","EPHA3"
"BTK","DOK1","EPHA3"
"BTK","MAP3K4","EPHA3"
"BTK","PXN","EPHA3"
"BTK","FGG","EPHA3"
"BTK","LEPR","EPHA3"
"BTK","BCL3","EPHA3"
"BTK","DVL1","EPHA3"
"BTK","FZR1","EPHA3"
"BTK","ATR","EPHA3"
"BTK","SGK3","EPHA3"
"BTK","IKBKE","EPHA3"
"BTK","CCND1","EPHA3"
"BTK","ILK","EPHA3"
"BTK","STAP1","EPHA3"
"BTK","TBK1","EPHA3"
"BTK","SPRED1","EPHA3"
"BTK","MEK1/2","EPHA3"
"BTK","TLK1","EPHA3"
"BTK","C9orf72","EPHA3"
"BTK","CDKN2A","EPHA3"
"BTK","RET","EPHA3"
"BTK","IKK-complex","EPHA3"
"BTK","NTRK1","EPHA3"
"BTK","CDKN1B","EPHA3"
"BTK","TEC","EPHA3"
"BTK","CCR2","EPHA3"
"BTK","STIP1","EPHA3"
"BTK","TRAF3","EPHA3"
"BTK","CRTC2","EPHA3"
"BTK","CD28","EPHA3"
"BTK","INPP5D","EPHA3"
"BTK","FRS2","EPHA3"
"BTK","IMPDH2","EPHA3"
"BTK","SET","EPHA3"
"BTK","TRPV1","EPHA3"
"BTK","PPP1R14A","EPHA3"
"BTK","BCL10","EPHA3"
"BTK","MRE11","EPHA3"
"BTK","RAD50","EPHA3"
"BTK","PIK3C3","EPHA3"
"BTK","SPEN","EPHA3"
"BTK","NFKB1","EPHA3"
"BTK","BLVRA","EPHA3"
"BTK","CLSPN","EPHA3"
"BTK","RBL2","EPHA3"
"BTK","AKT3","VCP"
"BTK","AKT2","VCP"
"BTK","AKT1","VCP"
"BTK","PRKG1","VCP"
"BTK","CCP110","VCP"
"BTK","ERK1/2","VCP"
"BTK","ABL1","VCP"
"BTK","WNK1","VCP"
"BTK","PDPK1","VCP"
"BTK","SGK1","VCP"
"BTK","PRKCB","VCP"
"BTK","PRKCZ","VCP"
"BTK","CyclinD/CDK4","VCP"
"BTK","MAP3K7","VCP"
"BTK","AKT","VCP"
"BTK","IKBKB","VCP"
"BTK","MAP3K4","VCP"
"BTK","DAPK1","VCP"
"BTK","FGG","VCP"
"BTK","RPS6KA3","VCP"
"BTK","DVL1","VCP"
"BTK","ATR","VCP"
"BTK","CCND1","VCP"
"BTK","CALM1","VCP"
"BTK","FADD","VCP"
"BTK","DDX41","VCP"
"BTK","IKK-complex","VCP"
"BTK","RPS6KA4","VCP"
"BTK","NTRK1","VCP"
"BTK","GPSM3","VCP"
"BTK","RELA","VCP"
"BTK","MAPKAPK5","VCP"
"BTK","EPHA2","VCP"
"BTK","MAP3K8","VCP"
"BTK","CCR2","VCP"
"BTK","TRAF3","VCP"
"BTK","CD28","VCP"
"BTK","CCNE1","VCP"
"BTK","IMPDH2","VCP"
"BTK","SET","VCP"
"BTK","PIK3CG","VCP"
"BTK","SH2B2","VCP"
"BTK","PPP1R14A","VCP"
"BTK","PIK3R6","VCP"
"BTK","MRE11","VCP"
"BTK","KSR1","VCP"
"BTK","DDX58","VCP"
"BTK","MST1R","VCP"
"BTK","ROR2","VCP"
"BTK","ABI1","VCP"
"BTK","RAD50","VCP"
"BTK","WDFY3","VCP"
"BTK","LRP6","VCP"
"BTK","GRB14","VCP"
"BTK","RND1","VCP"
"BTK","SPEN","VCP"
"BTK","NFKB1","VCP"
"BTK","CTDP1","VCP"
"BTK","BLVRA","VCP"
"BTK","CLSPN","VCP"
"BTK","MAPKAP1","VCP"
"BTK","PLCG2","VCP"
"BTK","RBL2","VCP"
"BTK","MAPK3","PP1"
"BTK","AKT2","PP1"
"BTK","AKT1","PP1"
"BTK","PRKG1","PP1"
"BTK","CCP110","PP1"
"BTK","ERK1/2","PP1"
"BTK","Gbeta","PP1"
"BTK","LCK","PP1"
"BTK","WNK1","PP1"
"BTK","PDPK1","PP1"
"BTK","SGK1","PP1"
"BTK","MAP2K1","PP1"
"BTK","PRKCB","PP1"
"BTK","PRKCZ","PP1"
"BTK","MAP3K7","PP1"
"BTK","IKBKB","PP1"
"BTK","WWTR1","PP1"
"BTK","DOK1","PP1"
"BTK","LEPR","PP1"
"BTK","DVL1","PP1"
"BTK","GRB2","PP1"
"BTK","PTK6","PP1"
"BTK","IKBKE","PP1"
"BTK","TBK1","PP1"
"BTK","FADD","PP1"
"BTK","RET","PP1"
"BTK","IKK-complex","PP1"
"BTK","EPHA2","PP1"
"BTK","PTPRR","PP1"
"BTK","TMIGD2","PP1"
"BTK","ARRB2","PP1"
"BTK","CRTC2","PP1"
"BTK","FRS2","PP1"
"BTK","IMPDH2","PP1"
"BTK","SET","PP1"
"BTK","PPP1R14A","PP1"
"BTK","BCL10","PP1"
"BTK","MRE11","PP1"
"BTK","HDAC2","PP1"
"BTK","KSR1","PP1"
"BTK","MST1R","PP1"
"BTK","LRP6","PP1"
"BTK","GRB14","PP1"
"BTK","PIK3C3","PP1"
"BTK","STING1","PP1"
"BTK","PLCG2","PP1"
"BTK","MAPK3","ASB2"
"BTK","CHUK","ASB2"
"BTK","MTOR","ASB2"
"BTK","CCP110","ASB2"
"BTK","LCK","ASB2"
"BTK","RPS6KA5","ASB2"
"BTK","SGK1","ASB2"
"BTK","MAP2K1","ASB2"
"BTK","MAP3K1","ASB2"
"BTK","AKT","ASB2"
"BTK","IKBKB","ASB2"
"BTK","WWTR1","ASB2"
"BTK","MAP3K4","ASB2"
"BTK","DAPK1","ASB2"
"BTK","RPS6KA3","ASB2"
"BTK","BCL3","ASB2"
"BTK","FZR1","ASB2"
"BTK","ATR","ASB2"
"BTK","MEK1/2","ASB2"
"BTK","PTPN7","ASB2"
"BTK","CALM1","ASB2"
"BTK","FADD","ASB2"
"BTK","STK38","ASB2"
"BTK","CDKN2A","ASB2"
"BTK","MAP4K1","ASB2"
"BTK","RPS6KA4","ASB2"
"BTK","GPSM3","ASB2"
"BTK","CDKN1B","ASB2"
"BTK","GRIP1","ASB2"
"BTK","TMIGD2","ASB2"
"BTK","ARRB2","ASB2"
"BTK","CRTC2","ASB2"
"BTK","CD28","ASB2"
"BTK","CCNE1","ASB2"
"BTK","IMPDH2","ASB2"
"BTK","SET","ASB2"
"BTK","TRPV1","ASB2"
"BTK","PIK3R6","ASB2"
"BTK","MRE11","ASB2"
"BTK","UBXN2B","ASB2"
"BTK","IFIH1","ASB2"
"BTK","RAD50","ASB2"
"BTK","TTI1","ASB2"
"BTK","WDFY3","ASB2"
"BTK","GRB14","ASB2"
"BTK","NFKB1","ASB2"
"BTK","BLVRA","ASB2"
"BTK","CLSPN","ASB2"
"BTK","MAPKAP1","ASB2"
"BTK","GRB7","ASB2"
"BTK","BAZ1B","ASB2"
"BTK","PLCG2","ASB2"
"BTK","PABIR1","ASB2"
"BTK","AKT3","AIIB/b3 integrin"
"BTK","CHUK","AIIB/b3 integrin"
"BTK","AKT2","AIIB/b3 integrin"
"BTK","PRKCQ","AIIB/b3 integrin"
"BTK","AKT1","AIIB/b3 integrin"
"BTK","RPS6K","AIIB/b3 integrin"
"BTK","CALM2","AIIB/b3 integrin"
"BTK","ERK1/2","AIIB/b3 integrin"
"BTK","LCK","AIIB/b3 integrin"
"BTK","CDK9","AIIB/b3 integrin"
"BTK","WNK1","AIIB/b3 integrin"
"BTK","PDPK1","AIIB/b3 integrin"
"BTK","SGK1","AIIB/b3 integrin"
"BTK","MAP2K1","AIIB/b3 integrin"
"BTK","PRKCG","AIIB/b3 integrin"
"BTK","PRKCZ","AIIB/b3 integrin"
"BTK","CyclinD/CDK4","AIIB/b3 integrin"
"BTK","MAP3K1","AIIB/b3 integrin"
"BTK","MAP3K7","AIIB/b3 integrin"
"BTK","AKT","AIIB/b3 integrin"
"BTK","PXN","AIIB/b3 integrin"
"BTK","LEPR","AIIB/b3 integrin"
"BTK","BCL3","AIIB/b3 integrin"
"BTK","VCPIP1","AIIB/b3 integrin"
"BTK","SGK3","AIIB/b3 integrin"
"BTK","PTK6","AIIB/b3 integrin"
"BTK","STAP1","AIIB/b3 integrin"
"BTK","TBK1","AIIB/b3 integrin"
"BTK","MEK1/2","AIIB/b3 integrin"
"BTK","PTPN7","AIIB/b3 integrin"
"BTK","CALM1","AIIB/b3 integrin"
"BTK","MAP4K1","AIIB/b3 integrin"
"BTK","RET","AIIB/b3 integrin"
"BTK","DDX41","AIIB/b3 integrin"
"BTK","NTRK1","AIIB/b3 integrin"
"BTK","MAPKAPK5","AIIB/b3 integrin"
"BTK","PTPRR","AIIB/b3 integrin"
"BTK","CDKN1B","AIIB/b3 integrin"
"BTK","TMIGD2","AIIB/b3 integrin"
"BTK","STIP1","AIIB/b3 integrin"
"BTK","ARRB2","AIIB/b3 integrin"
"BTK","TRAF3","AIIB/b3 integrin"
"BTK","CRTC2","AIIB/b3 integrin"
"BTK","INPP5D","AIIB/b3 integrin"
"BTK","IMPDH2","AIIB/b3 integrin"
"BTK","SET","AIIB/b3 integrin"
"BTK","PIK3CG","AIIB/b3 integrin"
"BTK","SH2B2","AIIB/b3 integrin"
"BTK","TRPV1","AIIB/b3 integrin"
"BTK","PPP1R14A","AIIB/b3 integrin"
"BTK","BCL10","AIIB/b3 integrin"
"BTK","PIK3R6","AIIB/b3 integrin"
"BTK","KSR1","AIIB/b3 integrin"
"BTK","UBXN2B","AIIB/b3 integrin"
"BTK","IFIH1","AIIB/b3 integrin"
"BTK","RAD50","AIIB/b3 integrin"
"BTK","TTI1","AIIB/b3 integrin"
"BTK","WDFY3","AIIB/b3 integrin"
"BTK","GRB14","AIIB/b3 integrin"
"BTK","HOXB7","AIIB/b3 integrin"
"BTK","PIK3C3","AIIB/b3 integrin"
"BTK","RND1","AIIB/b3 integrin"
"BTK","NFKB1","AIIB/b3 integrin"
"BTK","TELO2","AIIB/b3 integrin"
"BTK","CLSPN","AIIB/b3 integrin"
"BTK","MAPKAP1","AIIB/b3 integrin"
"BTK","PLCG2","AIIB/b3 integrin"
"BTK","MAPK3","BMX"
"BTK","AKT2","BMX"
"BTK","CDK9","BMX"
"BTK","WNK1","BMX"
"BTK","PDPK1","BMX"
"BTK","SGK1","BMX"
"BTK","MAP2K1","BMX"
"BTK","PRKCZ","BMX"
"BTK","AKT","BMX"
"BTK","WWTR1","BMX"
"BTK","LEPR","BMX"
"BTK","DVL1","BMX"
"BTK","FZR1","BMX"
"BTK","STK38","BMX"
"BTK","MAP4K1","BMX"
"BTK","CDKN1B","BMX"
"BTK","TMIGD2","BMX"
"BTK","CCR2","BMX"
"BTK","CCNE1","BMX"
"BTK","IMPDH2","BMX"
"BTK","UBXN2B","BMX"
"BTK","NFKB1","BMX"
"BTK","CTDP1","BMX"
"BTK","MAPKAP1","BMX"
"BTK","MAPK3","SMAD2"
"BTK","PTEN","SMAD2"
"BTK","MTOR","SMAD2"
"BTK","RPS6K","SMAD2"
"BTK","ERK1/2","SMAD2"
"BTK","Gbeta","SMAD2"
"BTK","ABL1","SMAD2"
"BTK","WNK1","SMAD2"
"BTK","MAP3K7","SMAD2"
"BTK","WWTR1","SMAD2"
"BTK","DAPK1","SMAD2"
"BTK","PXN","SMAD2"
"BTK","DVL1","SMAD2"
"BTK","FZR1","SMAD2"
"BTK","VCPIP1","SMAD2"
"BTK","PTK6","SMAD2"
"BTK","CCND1","SMAD2"
"BTK","TBK1","SMAD2"
"BTK","SPRED1","SMAD2"
"BTK","MEK1/2","SMAD2"
"BTK","FADD","SMAD2"
"BTK","TLK1","SMAD2"
"BTK","C9orf72","SMAD2"
"BTK","MAP4K1","SMAD2"
"BTK","SHC1","SMAD2"
"BTK","RPS6KA4","SMAD2"
"BTK","RELA","SMAD2"
"BTK","MAPKAPK5","SMAD2"
"BTK","EPHA2","SMAD2"
"BTK","TEC","SMAD2"
"BTK","STIP1","SMAD2"
"BTK","CRTC2","SMAD2"
"BTK","CD28","SMAD2"
"BTK","FRS2","SMAD2"
"BTK","CCNE1","SMAD2"
"BTK","SET","SMAD2"
"BTK","SH2B2","SMAD2"
"BTK","BCL10","SMAD2"
"BTK","PIK3R6","SMAD2"
"BTK","HDAC2","SMAD2"
"BTK","UBXN2B","SMAD2"
"BTK","ROR2","SMAD2"
"BTK","ABI1","SMAD2"
"BTK","IFIH1","SMAD2"
"BTK","RAD50","SMAD2"
"BTK","TTI1","SMAD2"
"BTK","WDFY3","SMAD2"
"BTK","LRP6","SMAD2"
"BTK","STING1","SMAD2"
"BTK","TELO2","SMAD2"
"BTK","CLSPN","SMAD2"
"BTK","GRB7","SMAD2"
"BTK","PLCG2","SMAD2"
"BTK","PPP1R14B","SMAD2"
"BTK","AKT3","NUAK1"
"BTK","PRKCQ","NUAK1"
"BTK","RPS6K","NUAK1"
"BTK","CALM2","NUAK1"
"BTK","ABL1","NUAK1"
"BTK","SGK1","NUAK1"
"BTK","PRKCB","NUAK1"
"BTK","MAP3K1","NUAK1"
"BTK","MAP3K7","NUAK1"
"BTK","AKT","NUAK1"
"BTK","FGG","NUAK1"
"BTK","FZR1","NUAK1"
"BTK","VCPIP1","NUAK1"
"BTK","ILK","NUAK1"
"BTK","STAP1","NUAK1"
"BTK","SPRED1","NUAK1"
"BTK","STK38","NUAK1"
"BTK","CDKN2A","NUAK1"
"BTK","RET","NUAK1"
"BTK","IKK-complex","NUAK1"
"BTK","GPSM3","NUAK1"
"BTK","PTPRR","NUAK1"
"BTK","CDKN1B","NUAK1"
"BTK","FBLIM1","NUAK1"
"BTK","GRIP1","NUAK1"
"BTK","TMIGD2","NUAK1"
"BTK","PSTPIP1","NUAK1"
"BTK","CD28","NUAK1"
"BTK","PIK3CG","NUAK1"
"BTK","MRE11","NUAK1"
"BTK","UBXN2B","NUAK1"
"BTK","RAD50","NUAK1"
"BTK","WDFY3","NUAK1"
"BTK","GRB14","NUAK1"
"BTK","PIK3C3","NUAK1"
"BTK","RND1","NUAK1"
"BTK","NFKB1","NUAK1"
"BTK","BLVRA","NUAK1"
"BTK","CLSPN","NUAK1"
"BTK","BAZ1B","NUAK1"
"BTK","PLCG2","NUAK1"
"BTK","PPP1R14B","NUAK1"
"BTK","PABIR1","NUAK1"
"BTK","CHUK","IQGAP1"
"BTK","AKT2","IQGAP1"
"BTK","PRKCQ","IQGAP1"
"BTK","PRKG1","IQGAP1"
"BTK","CCP110","IQGAP1"
"BTK","ABL1","IQGAP1"
"BTK","RPS6KA5","IQGAP1"
"BTK","PDPK1","IQGAP1"
"BTK","SGK1","IQGAP1"
"BTK","MAP2K1","IQGAP1"
"BTK","PRKCG","IQGAP1"
"BTK","PRKCZ","IQGAP1"
"BTK","MAP3K1","IQGAP1"
"BTK","MAP3K7","IQGAP1"
"BTK","AKT","IQGAP1"
"BTK","IKBKB","IQGAP1"
"BTK","MAP3K4","IQGAP1"
"BTK","FGG","IQGAP1"
"BTK","LEPR","IQGAP1"
"BTK","RPS6KA3","IQGAP1"
"BTK","BCL3","IQGAP1"
"BTK","FZR1","IQGAP1"
"BTK","VCPIP1","IQGAP1"
"BTK","ATR","IQGAP1"
"BTK","PTK6","IQGAP1"
"BTK","IKBKE","IQGAP1"
"BTK","TBK1","IQGAP1"
"BTK","SPRED1","IQGAP1"
"BTK","PTPN7","IQGAP1"
"BTK","CALM1","IQGAP1"
"BTK","STK38","IQGAP1"
"BTK","CDKN2A","IQGAP1"
"BTK","IKK-complex","IQGAP1"
"BTK","GPSM3","IQGAP1"
"BTK","MAPKAPK5","IQGAP1"
"BTK","EPHA2","IQGAP1"
"BTK","FBLIM1","IQGAP1"
"BTK","VCP","IQGAP1"
"BTK","GRIP1","IQGAP1"
"BTK","TMIGD2","IQGAP1"
"BTK","STIP1","IQGAP1"
"BTK","CRTC2","IQGAP1"
"BTK","SET","IQGAP1"
"BTK","PIK3CG","IQGAP1"
"BTK","IFIH1","IQGAP1"
"BTK","TTI1","IQGAP1"
"BTK","LRP6","IQGAP1"
"BTK","GRB14","IQGAP1"
"BTK","AKT2","DVL3"
"BTK","CCP110","DVL3"
"BTK","PRKCB","DVL3"
"BTK","PRKCZ","DVL3"
"BTK","WWTR1","DVL3"
"BTK","DOK1","DVL3"
"BTK","PXN","DVL3"
"BTK","FGG","DVL3"
"BTK","LEPR","DVL3"
"BTK","DVL1","DVL3"
"BTK","FZR1","DVL3"
"BTK","VCPIP1","DVL3"
"BTK","PTK6","DVL3"
"BTK","MEK1/2","DVL3"
"BTK","CALM1","DVL3"
"BTK","MAP4K1","DVL3"
"BTK","IKK-complex","DVL3"
"BTK","SHC1","DVL3"
"BTK","GPSM3","DVL3"
"BTK","RELA","DVL3"
"BTK","PTPRR","DVL3"
"BTK","CDKN1B","DVL3"
"BTK","FBLIM1","DVL3"
"BTK","VCP","DVL3"
"BTK","TMIGD2","DVL3"
"BTK","INPP5D","DVL3"
"BTK","SET","DVL3"
"BTK","MRE11","DVL3"
"BTK","HDAC2","DVL3"
"BTK","ROR2","DVL3"
"BTK","IFIH1","DVL3"
"BTK","TTI1","DVL3"
"BTK","HOXB7","DVL3"
"BTK","PIK3C3","DVL3"
"BTK","STING1","DVL3"
"BTK","NFKB1","DVL3"
"BTK","CTDP1","DVL3"
"BTK","GRB7","DVL3"
"BTK","CHUK","BRMS1"
"BTK","AKT2","BRMS1"
"BTK","PRKCQ","BRMS1"
"BTK","PRKG1","BRMS1"
"BTK","CCP110","BRMS1"
"BTK","RPS6K","BRMS1"
"BTK","LCK","BRMS1"
"BTK","RPS6KA5","BRMS1"
"BTK","SGK1","BRMS1"
"BTK","MAP2K1","BRMS1"
"BTK","PRKCB","BRMS1"
"BTK","MAP3K7","BRMS1"
"BTK","DOK1","BRMS1"
"BTK","MAP3K4","BRMS1"
"BTK","FGG","BRMS1"
"BTK","DVL1","BRMS1"
"BTK","GRB2","BRMS1"
"BTK","ATR","BRMS1"
"BTK","PTK6","BRMS1"
"BTK","STAP1","BRMS1"
"BTK","PTPN7","BRMS1"
"BTK","C9orf72","BRMS1"
"BTK","MAP4K1","BRMS1"
"BTK","RET","BRMS1"
"BTK","DDX41","BRMS1"
"BTK","SHC1","BRMS1"
"BTK","GPSM3","BRMS1"
"BTK","RELA","BRMS1"
"BTK","EPHA2","BRMS1"
"BTK","MAP3K8","BRMS1"
"BTK","CDKN1B","BRMS1"
"BTK","FBLIM1","BRMS1"
"BTK","TEC","BRMS1"
"BTK","PSTPIP1","BRMS1"
"BTK","ARRB2","BRMS1"
"BTK","TRAF3","BRMS1"
"BTK","CD28","BRMS1"
"BTK","IMPDH2","BRMS1"
"BTK","PIK3CG","BRMS1"
"BTK","SH2B2","BRMS1"
"BTK","BCL10","BRMS1"
"BTK","PIK3R6","BRMS1"
"BTK","HDAC2","BRMS1"
"BTK","MST1R","BRMS1"
"BTK","ROR2","BRMS1"
"BTK","RAD50","BRMS1"
"BTK","TTI1","BRMS1"
"BTK","LRP6","BRMS1"
"BTK","GRB14","BRMS1"
"BTK","HOXB7","BRMS1"
"BTK","RND1","BRMS1"
"BTK","STING1","BRMS1"
"BTK","BLVRA","BRMS1"
"BTK","RBL2","BRMS1"
"BTK","PABIR1","BRMS1"
"BTK","AKT3","FERMT3"
"BTK","CHUK","FERMT3"
"BTK","AKT2","FERMT3"
"BTK","RPS6K","FERMT3"
"BTK","Gbeta","FERMT3"
"BTK","LCK","FERMT3"
"BTK","PDPK1","FERMT3"
"BTK","PRKCG","FERMT3"
"BTK","CyclinD/CDK4","FERMT3"
"BTK","MAP3K1","FERMT3"
"BTK","AKT","FERMT3"
"BTK","DOK1","FERMT3"
"BTK","MAP3K4","FERMT3"
"BTK","PXN","FERMT3"
"BTK","FGG","FERMT3"
"BTK","RPS6KA3","FERMT3"
"BTK","BCL3","FERMT3"
"BTK","DVL1","FERMT3"
"BTK","FZR1","FERMT3"
"BTK","VCPIP1","FERMT3"
"BTK","SGK3","FERMT3"
"BTK","IKBKE","FERMT3"
"BTK","SPRED1","FERMT3"
"BTK","PTPN7","FERMT3"
"BTK","TLK1","FERMT3"
"BTK","C9orf72","FERMT3"
"BTK","DDX41","FERMT3"
"BTK","NTRK1","FERMT3"
"BTK","MAPKAPK5","FERMT3"
"BTK","EPHA2","FERMT3"
"BTK","MAP3K8","FERMT3"
"BTK","FBLIM1","FERMT3"
"BTK","GRIP1","FERMT3"
"BTK","TMIGD2","FERMT3"
"BTK","CCR2","FERMT3"
"BTK","STIP1","FERMT3"
"BTK","TRAF3","FERMT3"
"BTK","CRTC2","FERMT3"
"BTK","INPP5D","FERMT3"
"BTK","SET","FERMT3"
"BTK","PIK3CG","FERMT3"
"BTK","TRPV1","FERMT3"
"BTK","TTI1","FERMT3"
"BTK","WDFY3","FERMT3"
"BTK","STING1","FERMT3"
"BTK","CTDP1","FERMT3"
"BTK","TELO2","FERMT3"
"BTK","CLSPN","FERMT3"
"BTK","MAPKAP1","FERMT3"
"BTK","GRB7","FERMT3"
"BTK","PLCG2","FERMT3"
"BTK","MAPK3","ETS1"
"BTK","AKT3","ETS1"
"BTK","CHUK","ETS1"
"BTK","PRKCQ","ETS1"
"BTK","MTOR","ETS1"
"BTK","PRKG1","ETS1"
"BTK","CALM2","ETS1"
"BTK","LCK","ETS1"
"BTK","CDK9","ETS1"
"BTK","PRKCG","ETS1"
"BTK","MAP3K1","ETS1"
"BTK","MAP3K7","ETS1"
"BTK","AKT","ETS1"
"BTK","LEPR","ETS1"
"BTK","FZR1","ETS1"
"BTK","VCPIP1","ETS1"
"BTK","CCND1","ETS1"
"BTK","SPRED1","ETS1"
"BTK","STK38","ETS1"
"BTK","TLK1","ETS1"
"BTK","DDX41","ETS1"
"BTK","IKK-complex","ETS1"
"BTK","SHC1","ETS1"
"BTK","MAP3K8","ETS1"
"BTK","PTPRR","ETS1"
"BTK","CDKN1B","ETS1"
"BTK","FBLIM1","ETS1"
"BTK","VCP","ETS1"
"BTK","CCR2","ETS1"
"BTK","TRAF3","ETS1"
"BTK","CD28","ETS1"
"BTK","INPP5D","ETS1"
"BTK","FRS2","ETS1"
"BTK","CCNE1","ETS1"
"BTK","SET","ETS1"
"BTK","SH2B2","ETS1"
"BTK","UBXN2B","ETS1"
"BTK","MST1R","ETS1"
"BTK","ABI1","ETS1"
"BTK","RAD50","ETS1"
"BTK","TTI1","ETS1"
"BTK","WDFY3","ETS1"
"BTK","GRB14","ETS1"
"BTK","HOXB7","ETS1"
"BTK","PIK3C3","ETS1"
"BTK","STING1","ETS1"
"BTK","NFKB1","ETS1"
"BTK","TELO2","ETS1"
"BTK","CLSPN","ETS1"
"BTK","GRB7","ETS1"
"BTK","PPP1R14B","ETS1"
"BTK","MAPK3","KDR"
"BTK","AKT3","KDR"
"BTK","CHUK","KDR"
"BTK","AKT1","KDR"
"BTK","PRKG1","KDR"
"BTK","CCP110","KDR"
"BTK","CALM2","KDR"
"BTK","ERK1/2","KDR"
"BTK","LCK","KDR"
"BTK","MAP2K1","KDR"
"BTK","CyclinD/CDK4","KDR"
"BTK","MAP3K7","KDR"
"BTK","WWTR1","KDR"
"BTK","PXN","KDR"
"BTK","LEPR","KDR"
"BTK","DVL1","KDR"
"BTK","FZR1","KDR"
"BTK","GRB2","KDR"
"BTK","ATR","KDR"
"BTK","ILK","KDR"
"BTK","TBK1","KDR"
"BTK","SPRED1","KDR"
"BTK","PTPN7","KDR"
"BTK","CALM1","KDR"
"BTK","MAP4K1","KDR"
"BTK","RET","KDR"
"BTK","RELA","KDR"
"BTK","PTPRR","KDR"
"BTK","FBLIM1","KDR"
"BTK","VCP","KDR"
"BTK","CCR2","KDR"
"BTK","STIP1","KDR"
"BTK","CRTC2","KDR"
"BTK","CD28","KDR"
"BTK","INPP5D","KDR"
"BTK","FRS2","KDR"
"BTK","CCNE1","KDR"
"BTK","IMPDH2","KDR"
"BTK","SET","KDR"
"BTK","PIK3CG","KDR"
"BTK","PIK3R6","KDR"
"BTK","MRE11","KDR"
"BTK","KSR1","KDR"
"BTK","UBXN2B","KDR"
"BTK","GRB14","KDR"
"BTK","STING1","KDR"
"BTK","NFKB1","KDR"
"BTK","CLSPN","KDR"
"BTK","BAZ1B","KDR"
"BTK","PABIR1","KDR"
"BTK","CHUK","PIAS1"
"BTK","PTEN","PIAS1"
"BTK","PRKG1","PIAS1"
"BTK","CCP110","PIAS1"
"BTK","RPS6K","PIAS1"
"BTK","CALM2","PIAS1"
"BTK","ERK1/2","PIAS1"
"BTK","LCK","PIAS1"
"BTK","CDK9","PIAS1"
"BTK","RPS6KA5","PIAS1"
"BTK","WNK1","PIAS1"
"BTK","PDPK1","PIAS1"
"BTK","SGK1","PIAS1"
"BTK","PRKCB","PIAS1"
"BTK","PRKCG","PIAS1"
"BTK","PRKCZ","PIAS1"
"BTK","CyclinD/CDK4","PIAS1"
"BTK","MAP3K1","PIAS1"
"BTK","MAP3K7","PIAS1"
"BTK","AKT","PIAS1"
"BTK","IKBKB","PIAS1"
"BTK","DOK1","PIAS1"
"BTK","MAP3K4","PIAS1"
"BTK","DAPK1","PIAS1"
"BTK","PXN","PIAS1"
"BTK","FGG","PIAS1"
"BTK","RPS6KA3","PIAS1"
"BTK","BCL3","PIAS1"
"BTK","FZR1","PIAS1"
"BTK","GRB2","PIAS1"
"BTK","SGK3","PIAS1"
"BTK","PTK6","PIAS1"
"BTK","CCND1","PIAS1"
"BTK","ILK","PIAS1"
"BTK","STAP1","PIAS1"
"BTK","TBK1","PIAS1"
"BTK","SPRED1","PIAS1"
"BTK","MEK1/2","PIAS1"
"BTK","PTPN7","PIAS1"
"BTK","FADD","PIAS1"
"BTK","TLK1","PIAS1"
"BTK","CDKN2A","PIAS1"
"BTK","MAP4K1","PIAS1"
"BTK","RET","PIAS1"
"BTK","DDX41","PIAS1"
"BTK","IKK-complex","PIAS1"
"BTK","RPS6KA4","PIAS1"
"BTK","NTRK1","PIAS1"
"BTK","GPSM3","PIAS1"
"BTK","MAPKAPK5","PIAS1"
"BTK","EPHA2","PIAS1"
"BTK","MAP3K8","PIAS1"
"BTK","PTPRR","PIAS1"
"BTK","VCP","PIAS1"
"BTK","TMIGD2","PIAS1"
"BTK","PSTPIP1","PIAS1"
"BTK","ARRB2","PIAS1"
"BTK","FRS2","PIAS1"
"BTK","CCNE1","PIAS1"
"BTK","SET","PIAS1"
"BTK","SH2B2","PIAS1"
"BTK","PPP1R14A","PIAS1"
"BTK","HDAC2","PIAS1"
"BTK","DDX58","PIAS1"
"BTK","UBXN2B","PIAS1"
"BTK","MST1R","PIAS1"
"BTK","ROR2","PIAS1"
"BTK","GRB14","PIAS1"
"BTK","HOXB7","PIAS1"
"BTK","PIK3C3","PIAS1"
"BTK","RND1","PIAS1"
"BTK","SPEN","PIAS1"
"BTK","BLVRA","PIAS1"
"BTK","MAPKAP1","PIAS1"
"BTK","PLCG2","PIAS1"
"BTK","RBL2","PIAS1"
"BTK","PABIR1","PIAS1"
"BTK","AKT3","P300/PCAF"
"BTK","PTEN","P300/PCAF"
"BTK","CCP110","P300/PCAF"
"BTK","CALM2","P300/PCAF"
"BTK","LCK","P300/PCAF"
"BTK","CDK9","P300/PCAF"
"BTK","ABL1","P300/PCAF"
"BTK","WNK1","P300/PCAF"
"BTK","SGK1","P300/PCAF"
"BTK","PRKCB","P300/PCAF"
"BTK","CyclinD/CDK4","P300/PCAF"
"BTK","MAP3K1","P300/PCAF"
"BTK","AKT","P300/PCAF"
"BTK","DOK1","P300/PCAF"
"BTK","MAP3K4","P300/PCAF"
"BTK","PXN","P300/PCAF"
"BTK","ITK","P300/PCAF"
"BTK","RPS6KA3","P300/PCAF"
"BTK","FZR1","P300/PCAF"
"BTK","GRB2","P300/PCAF"
"BTK","ATR","P300/PCAF"
"BTK","CCND1","P300/PCAF"
"BTK","STAP1","P300/PCAF"
"BTK","TBK1","P300/PCAF"
"BTK","SPRED1","P300/PCAF"
"BTK","MEK1/2","P300/PCAF"
"BTK","PTPN7","P300/PCAF"
"BTK","CALM1","P300/PCAF"
"BTK","FADD","P300/PCAF"
"BTK","C9orf72","P300/PCAF"
"BTK","MAP4K1","P300/PCAF"
"BTK","DDX41","P300/PCAF"
"BTK","IKK-complex","P300/PCAF"
"BTK","RPS6KA4","P300/PCAF"
"BTK","NTRK1","P300/PCAF"
"BTK","MAP3K8","P300/PCAF"
"BTK","PTPRR","P300/PCAF"
"BTK","CDKN1B","P300/PCAF"
"BTK","VCP","P300/PCAF"
"BTK","TMIGD2","P300/PCAF"
"BTK","CCR2","P300/PCAF"
"BTK","STIP1","P300/PCAF"
"BTK","ARRB2","P300/PCAF"
"BTK","CD28","P300/PCAF"
"BTK","INPP5D","P300/PCAF"
"BTK","FRS2","P300/PCAF"
"BTK","SET","P300/PCAF"
"BTK","PIK3CG","P300/PCAF"
"BTK","PPP1R14A","P300/PCAF"
"BTK","BCL10","P300/PCAF"
"BTK","PIK3R6","P300/PCAF"
"BTK","MRE11","P300/PCAF"
"BTK","HDAC2","P300/PCAF"
"BTK","KSR1","P300/PCAF"
"BTK","DDX58","P300/PCAF"
"BTK","UBXN2B","P300/PCAF"
"BTK","MST1R","P300/PCAF"
"BTK","ROR2","P300/PCAF"
"BTK","ABI1","P300/PCAF"
"BTK","RAD50","P300/PCAF"
"BTK","LRP6","P300/PCAF"
"BTK","GRB14","P300/PCAF"
"BTK","HOXB7","P300/PCAF"
"BTK","PIK3C3","P300/PCAF"
"BTK","STING1","P300/PCAF"
"BTK","SPEN","P300/PCAF"
"BTK","CLSPN","P300/PCAF"
"BTK","GRB7","P300/PCAF"
"BTK","BAZ1B","P300/PCAF"
"BTK","RBL2","P300/PCAF"
"BTK","PPP1R14B","P300/PCAF"
"BTK","PABIR1","P300/PCAF"
"BTK","MAPK3","NOTCH1"
"BTK","AKT3","NOTCH1"
"BTK","AKT2","NOTCH1"
"BTK","PTEN","NOTCH1"
"BTK","PRKCQ","NOTCH1"
"BTK","AKT1","NOTCH1"
"BTK","PRKG1","NOTCH1"
"BTK","CCP110","NOTCH1"
"BTK","RPS6K","NOTCH1"
"BTK","CALM2","NOTCH1"
"BTK","Gbeta","NOTCH1"
"BTK","LCK","NOTCH1"
"BTK","CDK9","NOTCH1"
"BTK","RPS6KA5","NOTCH1"
"BTK","WNK1","NOTCH1"
"BTK","PDPK1","NOTCH1"
"BTK","PRKCB","NOTCH1"
"BTK","MAP3K1","NOTCH1"
"BTK","MAP3K7","NOTCH1"
"BTK","IKBKB","NOTCH1"
"BTK","DAPK1","NOTCH1"
"BTK","PXN","NOTCH1"
"BTK","LEPR","NOTCH1"
"BTK","ITK","NOTCH1"
"BTK","RPS6KA3","NOTCH1"
"BTK","BCL3","NOTCH1"
"BTK","DVL1","NOTCH1"
"BTK","ATR","NOTCH1"
"BTK","SGK3","NOTCH1"
"BTK","PTK6","NOTCH1"
"BTK","IKBKE","NOTCH1"
"BTK","SPRED1","NOTCH1"
"BTK","MEK1/2","NOTCH1"
"BTK","PTPN7","NOTCH1"
"BTK","CALM1","NOTCH1"
"BTK","TLK1","NOTCH1"
"BTK","C9orf72","NOTCH1"
"BTK","CDKN2A","NOTCH1"
"BTK","MAP4K1","NOTCH1"
"BTK","RET","NOTCH1"
"BTK","IKK-complex","NOTCH1"
"BTK","GPSM3","NOTCH1"
"BTK","MAPKAPK5","NOTCH1"
"BTK","EPHA2","NOTCH1"
"BTK","CCR2","NOTCH1"
"BTK","CD28","NOTCH1"
"BTK","FRS2","NOTCH1"
"BTK","TRPV1","NOTCH1"
"BTK","BCL10","NOTCH1"
"BTK","PIK3R6","NOTCH1"
"BTK","MRE11","NOTCH1"
"BTK","HDAC2","NOTCH1"
"BTK","KSR1","NOTCH1"
"BTK","DDX58","NOTCH1"
"BTK","UBXN2B","NOTCH1"
"BTK","MST1R","NOTCH1"
"BTK","ROR2","NOTCH1"
"BTK","ABI1","NOTCH1"
"BTK","TTI1","NOTCH1"
"BTK","WDFY3","NOTCH1"
"BTK","LRP6","NOTCH1"
"BTK","GRB14","NOTCH1"
"BTK","HOXB7","NOTCH1"
"BTK","PIK3C3","NOTCH1"
"BTK","STING1","NOTCH1"
"BTK","TELO2","NOTCH1"
"BTK","GRB7","NOTCH1"
"BTK","RBL2","NOTCH1"
"BTK","AKT3","BCL2"
"BTK","PTEN","BCL2"
"BTK","PRKCQ","BCL2"
"BTK","AKT1","BCL2"
"BTK","PRKG1","BCL2"
"BTK","CALM2","BCL2"
"BTK","Gbeta","BCL2"
"BTK","LCK","BCL2"
"BTK","RPS6KA5","BCL2"
"BTK","PRKCG","BCL2"
"BTK","CyclinD/CDK4","BCL2"
"BTK","MAP3K1","BCL2"
"BTK","WWTR1","BCL2"
"BTK","PXN","BCL2"
"BTK","LEPR","BCL2"
"BTK","RPS6KA3","BCL2"
"BTK","FZR1","BCL2"
"BTK","GRB2","BCL2"
"BTK","ATR","BCL2"
"BTK","SGK3","BCL2"
"BTK","CCND1","BCL2"
"BTK","STAP1","BCL2"
"BTK","SPRED1","BCL2"
"BTK","MEK1/2","BCL2"
"BTK","FADD","BCL2"
"BTK","RELA","BCL2"
"BTK","CDKN1B","BCL2"
"BTK","FBLIM1","BCL2"
"BTK","ARRB2","BCL2"
"BTK","TRAF3","BCL2"
"BTK","CRTC2","BCL2"
"BTK","INPP5D","BCL2"
"BTK","CCNE1","BCL2"
"BTK","IMPDH2","BCL2"
"BTK","TRPV1","BCL2"
"BTK","BCL10","BCL2"
"BTK","PIK3R6","BCL2"
"BTK","KSR1","BCL2"
"BTK","ABI1","BCL2"
"BTK","IFIH1","BCL2"
"BTK","TTI1","BCL2"
"BTK","LRP6","BCL2"
"BTK","GRB14","BCL2"
"BTK","RND1","BCL2"
"BTK","CTDP1","BCL2"
"BTK","BLVRA","BCL2"
"BTK","GRB7","BCL2"
"BTK","BAZ1B","BCL2"
"BTK","PLCG2","BCL2"
"BTK","RBL2","BCL2"
"BTK","PABIR1","BCL2"
"BTK","PLCG2","CELF1"
"BTK","AKT2","KLF16"
"BTK","PTEN","KLF16"
"BTK","MTOR","KLF16"
"BTK","CCP110","KLF16"
"BTK","CDK9","KLF16"
"BTK","WNK1","KLF16"
"BTK","PDPK1","KLF16"
"BTK","SGK1","KLF16"
"BTK","PRKCB","KLF16"
"BTK","MAP3K7","KLF16"
"BTK","IKBKB","KLF16"
"BTK","DOK1","KLF16"
"BTK","RPS6KA3","KLF16"
"BTK","FZR1","KLF16"
"BTK","ATR","KLF16"
"BTK","SGK3","KLF16"
"BTK","PTK6","KLF16"
"BTK","ILK","KLF16"
"BTK","TBK1","KLF16"
"BTK","SPRED1","KLF16"
"BTK","MEK1/2","KLF16"
"BTK","PTPN7","KLF16"
"BTK","FADD","KLF16"
"BTK","STK38","KLF16"
"BTK","TLK1","KLF16"
"BTK","CDKN2A","KLF16"
"BTK","MAP4K1","KLF16"
"BTK","RET","KLF16"
"BTK","DDX41","KLF16"
"BTK","IKK-complex","KLF16"
"BTK","SHC1","KLF16"
"BTK","NTRK1","KLF16"
"BTK","RELA","KLF16"
"BTK","MAPKAPK5","KLF16"
"BTK","EPHA2","KLF16"
"BTK","MAP3K8","KLF16"
"BTK","PTPRR","KLF16"
"BTK","GRIP1","KLF16"
"BTK","TMIGD2","KLF16"
"BTK","CCR2","KLF16"
"BTK","STIP1","KLF16"
"BTK","ARRB2","KLF16"
"BTK","TRAF3","KLF16"
"BTK","CRTC2","KLF16"
"BTK","CD28","KLF16"
"BTK","INPP5D","KLF16"
"BTK","SET","KLF16"
"BTK","PIK3CG","KLF16"
"BTK","SH2B2","KLF16"
"BTK","TRPV1","KLF16"
"BTK","PPP1R14A","KLF16"
"BTK","MRE11","KLF16"
"BTK","HDAC2","KLF16"
"BTK","KSR1","KLF16"
"BTK","DDX58","KLF16"
"BTK","UBXN2B","KLF16"
"BTK","MST1R","KLF16"
"BTK","ROR2","KLF16"
"BTK","RAD50","KLF16"
"BTK","TTI1","KLF16"
"BTK","WDFY3","KLF16"
"BTK","HOXB7","KLF16"
"BTK","PIK3C3","KLF16"
"BTK","RND1","KLF16"
"BTK","SPEN","KLF16"
"BTK","TELO2","KLF16"
"BTK","BLVRA","KLF16"
"BTK","MAPKAP1","KLF16"
"BTK","PABIR1","KLF16"
"BTK","AKT3","S1PR1"
"BTK","CHUK","S1PR1"
"BTK","AKT2","S1PR1"
"BTK","PTEN","S1PR1"
"BTK","RPS6K","S1PR1"
"BTK","CALM2","S1PR1"
"BTK","ABL1","S1PR1"
"BTK","PDPK1","S1PR1"
"BTK","MAP2K1","S1PR1"
"BTK","PRKCB","S1PR1"
"BTK","PRKCG","S1PR1"
"BTK","PRKCZ","S1PR1"
"BTK","CyclinD/CDK4","S1PR1"
"BTK","MAP3K1","S1PR1"
"BTK","MAP3K7","S1PR1"
"BTK","AKT","S1PR1"
"BTK","IKBKB","S1PR1"
"BTK","DOK1","S1PR1"
"BTK","PXN","S1PR1"
"BTK","LEPR","S1PR1"
"BTK","ITK","S1PR1"
"BTK","RPS6KA3","S1PR1"
"BTK","DVL1","S1PR1"
"BTK","VCPIP1","S1PR1"
"BTK","ATR","S1PR1"
"BTK","CCND1","S1PR1"
"BTK","ILK","S1PR1"
"BTK","TBK1","S1PR1"
"BTK","SPRED1","S1PR1"
"BTK","CALM1","S1PR1"
"BTK","FADD","S1PR1"
"BTK","STK38","S1PR1"
"BTK","TLK1","S1PR1"
"BTK","IKK-complex","S1PR1"
"BTK","NTRK1","S1PR1"
"BTK","RELA","S1PR1"
"BTK","PTPRR","S1PR1"
"BTK","CDKN1B","S1PR1"
"BTK","FBLIM1","S1PR1"
"BTK","GRIP1","S1PR1"
"BTK","TMIGD2","S1PR1"
"BTK","CCR2","S1PR1"
"BTK","STIP1","S1PR1"
"BTK","CRTC2","S1PR1"
"BTK","INPP5D","S1PR1"
"BTK","FRS2","S1PR1"
"BTK","IMPDH2","S1PR1"
"BTK","SH2B2","S1PR1"
"BTK","PPP1R14A","S1PR1"
"BTK","BCL10","S1PR1"
"BTK","PIK3R6","S1PR1"
"BTK","MRE11","S1PR1"
"BTK","HDAC2","S1PR1"
"BTK","KSR1","S1PR1"
"BTK","ROR2","S1PR1"
"BTK","TTI1","S1PR1"
"BTK","BLVRA","S1PR1"
"BTK","CLSPN","S1PR1"
"BTK","MAPK3","LAT"
"BTK","AKT1","MYC"
"BTK","PRKG1","MYC"
"BTK","SGK1","MYC"
"BTK","MAP2K1","MYC"
"BTK","PRKCZ","MYC"
"BTK","MAP3K1","MYC"
"BTK","DOK1","MYC"
"BTK","FGG","MYC"
"BTK","LEPR","MYC"
"BTK","BCL3","MYC"
"BTK","DVL1","MYC"
"BTK","PTK6","MYC"
"BTK","ILK","MYC"
"BTK","STAP1","MYC"
"BTK","TBK1","MYC"
"BTK","PTPN7","MYC"
"BTK","FADD","MYC"
"BTK","IKK-complex","MYC"
"BTK","TEC","MYC"
"BTK","TMIGD2","MYC"
"BTK","FRS2","MYC"
"BTK","BCL10","MYC"
"BTK","PIK3R6","MYC"
"BTK","KSR1","MYC"
"BTK","DDX58","MYC"
"BTK","UBXN2B","MYC"
"BTK","ROR2","MYC"
"BTK","TTI1","MYC"
"BTK","GRB14","MYC"
"BTK","HOXB7","MYC"
"BTK","RND1","MYC"
"BTK","NFKB1","MYC"
"BTK","CTDP1","MYC"
"BTK","TELO2","MYC"
"BTK","BLVRA","MYC"
"BTK","CLSPN","MYC"
"BTK","MAPKAP1","MYC"
"BTK","BAZ1B","MYC"
"BTK","RBL2","MYC"
"BTK","PABIR1","MYC"
"BTK","CHUK","TCAP"
"BTK","PTEN","TCAP"
"BTK","PRKG1","TCAP"
"BTK","RPS6K","TCAP"
"BTK","CALM2","TCAP"
"BTK","ERK1/2","TCAP"
"BTK","Gbeta","TCAP"
"BTK","ABL1","TCAP"
"BTK","RPS6KA5","TCAP"
"BTK","WNK1","TCAP"
"BTK","MAP2K1","TCAP"
"BTK","PRKCG","TCAP"
"BTK","CyclinD/CDK4","TCAP"
"BTK","MAP3K7","TCAP"
"BTK","AKT","TCAP"
"BTK","IKBKB","TCAP"
"BTK","PXN","TCAP"
"BTK","FGG","TCAP"
"BTK","BCL3","TCAP"
"BTK","FZR1","TCAP"
"BTK","VCPIP1","TCAP"
"BTK","ATR","TCAP"
"BTK","SGK3","TCAP"
"BTK","PTK6","TCAP"
"BTK","IKBKE","TCAP"
"BTK","CCND1","TCAP"
"BTK","SPRED1","TCAP"
"BTK","PTPN7","TCAP"
"BTK","FADD","TCAP"
"BTK","TLK1","TCAP"
"BTK","CDKN2A","TCAP"
"BTK","MAP4K1","TCAP"
"BTK","IKK-complex","TCAP"
"BTK","NTRK1","TCAP"
"BTK","GPSM3","TCAP"
"BTK","MAP3K8","TCAP"
"BTK","PTPRR","TCAP"
"BTK","TEC","TCAP"
"BTK","VCP","TCAP"
"BTK","CCR2","TCAP"
"BTK","STIP1","TCAP"
"BTK","PSTPIP1","TCAP"
"BTK","ARRB2","TCAP"
"BTK","CRTC2","TCAP"
"BTK","CCNE1","TCAP"
"BTK","SET","TCAP"
"BTK","SH2B2","TCAP"
"BTK","BCL10","TCAP"
"BTK","PIK3R6","TCAP"
"BTK","HDAC2","TCAP"
"BTK","UBXN2B","TCAP"
"BTK","ROR2","TCAP"
"BTK","RAD50","TCAP"
"BTK","TTI1","TCAP"
"BTK","WDFY3","TCAP"
"BTK","HOXB7","TCAP"
"BTK","PIK3C3","TCAP"
"BTK","SPEN","TCAP"
"BTK","CTDP1","TCAP"
"BTK","BLVRA","TCAP"
"BTK","CLSPN","TCAP"
"BTK","MAPKAP1","TCAP"
"BTK","GRB7","TCAP"
"BTK","BAZ1B","TCAP"
"BTK","PLCG2","TCAP"
"BTK","PABIR1","TCAP"
"BTK","MAPK3","RAD51"
"BTK","CHUK","RAD51"
"BTK","AKT2","RAD51"
"BTK","PRKCQ","RAD51"
"BTK","PRKG1","RAD51"
"BTK","CCP110","RAD51"
"BTK","RPS6K","RAD51"
"BTK","CALM2","RAD51"
"BTK","CDK9","RAD51"
"BTK","WNK1","RAD51"
"BTK","MAP2K1","RAD51"
"BTK","PRKCG","RAD51"
"BTK","PRKCZ","RAD51"
"BTK","MAP3K7","RAD51"
"BTK","AKT","RAD51"
"BTK","IKBKB","RAD51"
"BTK","DOK1","RAD51"
"BTK","PXN","RAD51"
"BTK","FGG","RAD51"
"BTK","LEPR","RAD51"
"BTK","ITK","RAD51"
"BTK","BCL3","RAD51"
"BTK","DVL1","RAD51"
"BTK","VCPIP1","RAD51"
"BTK","SGK3","RAD51"
"BTK","CCND1","RAD51"
"BTK","STAP1","RAD51"
"BTK","SPRED1","RAD51"
"BTK","CALM1","RAD51"
"BTK","STK38","RAD51"
"BTK","TLK1","RAD51"
"BTK","CDKN2A","RAD51"
"BTK","RET","RAD51"
"BTK","DDX41","RAD51"
"BTK","SHC1","RAD51"
"BTK","RPS6KA4","RAD51"
"BTK","NTRK1","RAD51"
"BTK","GPSM3","RAD51"
"BTK","RELA","RAD51"
"BTK","MAP3K8","RAD51"
"BTK","PTPRR","RAD51"
"BTK","GRIP1","RAD51"
"BTK","TMIGD2","RAD51"
"BTK","CCR2","RAD51"
"BTK","STIP1","RAD51"
"BTK","PSTPIP1","RAD51"
"BTK","ARRB2","RAD51"
"BTK","TRAF3","RAD51"
"BTK","CRTC2","RAD51"
"BTK","CD28","RAD51"
"BTK","INPP5D","RAD51"
"BTK","CCNE1","RAD51"
"BTK","IMPDH2","RAD51"
"BTK","PIK3CG","RAD51"
"BTK","KSR1","RAD51"
"BTK","UBXN2B","RAD51"
"BTK","MST1R","RAD51"
"BTK","ABI1","RAD51"
"BTK","IFIH1","RAD51"
"BTK","RAD50","RAD51"
"BTK","WDFY3","RAD51"
"BTK","LRP6","RAD51"
"BTK","RND1","RAD51"
"BTK","CTDP1","RAD51"
"BTK","BLVRA","RAD51"
"BTK","MAPKAP1","RAD51"
"BTK","RBL2","RAD51"
"BTK","PABIR1","RAD51"
"BTK","MAPK3","GAB1"
"BTK","CHUK","GAB1"
"BTK","PTEN","GAB1"
"BTK","MTOR","GAB1"
"BTK","PRKG1","GAB1"
"BTK","RPS6K","GAB1"
"BTK","Gbeta","GAB1"
"BTK","MAP2K1","GAB1"
"BTK","PRKCG","GAB1"
"BTK","PRKCZ","GAB1"
"BTK","MAP3K1","GAB1"
"BTK","WWTR1","GAB1"
"BTK","MAP3K4","GAB1"
"BTK","FGG","GAB1"
"BTK","LEPR","GAB1"
"BTK","RPS6KA3","GAB1"
"BTK","ATR","GAB1"
"BTK","IKBKE","GAB1"
"BTK","CCND1","GAB1"
"BTK","STAP1","GAB1"
"BTK","TBK1","GAB1"
"BTK","SPRED1","GAB1"
"BTK","MEK1/2","GAB1"
"BTK","CDKN2A","GAB1"
"BTK","MAP4K1","GAB1"
"BTK","IKK-complex","GAB1"
"BTK","SHC1","GAB1"
"BTK","RPS6KA4","GAB1"
"BTK","NTRK1","GAB1"
"BTK","RELA","GAB1"
"BTK","EPHA2","GAB1"
"BTK","PTPRR","GAB1"
"BTK","CDKN1B","GAB1"
"BTK","TEC","GAB1"
"BTK","VCP","GAB1"
"BTK","TMIGD2","GAB1"
"BTK","CCR2","GAB1"
"BTK","CRTC2","GAB1"
"BTK","FRS2","GAB1"
"BTK","TRPV1","GAB1"
"BTK","BCL10","GAB1"
"BTK","MST1R","GAB1"
"BTK","ABI1","GAB1"
"BTK","RAD50","GAB1"
"BTK","WDFY3","GAB1"
"BTK","PIK3C3","GAB1"
"BTK","NFKB1","GAB1"
"BTK","CLSPN","GAB1"
"BTK","BAZ1B","GAB1"
"BTK","PLCG2","GAB1"
"BTK","PPP1R14B","GAB1"
"BTK","PABIR1","GAB1"
"BTK","MAPK3","IFNGR2"
"BTK","AKT2","IFNGR2"
"BTK","PTEN","IFNGR2"
"BTK","AKT1","IFNGR2"
"BTK","RPS6K","IFNGR2"
"BTK","Gbeta","IFNGR2"
"BTK","LCK","IFNGR2"
"BTK","ABL1","IFNGR2"
"BTK","RPS6KA5","IFNGR2"
"BTK","PDPK1","IFNGR2"
"BTK","PRKCB","IFNGR2"
"BTK","PRKCG","IFNGR2"
"BTK","PRKCZ","IFNGR2"
"BTK","AKT","IFNGR2"
"BTK","DAPK1","IFNGR2"
"BTK","FGG","IFNGR2"
"BTK","ITK","IFNGR2"
"BTK","BCL3","IFNGR2"
"BTK","FZR1","IFNGR2"
"BTK","GRB2","IFNGR2"
"BTK","VCPIP1","IFNGR2"
"BTK","ATR","IFNGR2"
"BTK","PTK6","IFNGR2"
"BTK","CCND1","IFNGR2"
"BTK","ILK","IFNGR2"
"BTK","SPRED1","IFNGR2"
"BTK","PTPN7","IFNGR2"
"BTK","FADD","IFNGR2"
"BTK","TLK1","IFNGR2"
"BTK","C9orf72","IFNGR2"
"BTK","CDKN2A","IFNGR2"
"BTK","MAP4K1","IFNGR2"
"BTK","DDX41","IFNGR2"
"BTK","NTRK1","IFNGR2"
"BTK","GPSM3","IFNGR2"
"BTK","RELA","IFNGR2"
"BTK","EPHA2","IFNGR2"
"BTK","MAP3K8","IFNGR2"
"BTK","PTPRR","IFNGR2"
"BTK","CDKN1B","IFNGR2"
"BTK","FBLIM1","IFNGR2"
"BTK","VCP","IFNGR2"
"BTK","GRIP1","IFNGR2"
"BTK","TMIGD2","IFNGR2"
"BTK","CCR2","IFNGR2"
"BTK","ARRB2","IFNGR2"
"BTK","TRAF3","IFNGR2"
"BTK","CRTC2","IFNGR2"
"BTK","INPP5D","IFNGR2"
"BTK","CCNE1","IFNGR2"
"BTK","PIK3CG","IFNGR2"
"BTK","SH2B2","IFNGR2"
"BTK","DDX58","IFNGR2"
"BTK","ABI1","IFNGR2"
"BTK","IFIH1","IFNGR2"
"BTK","RAD50","IFNGR2"
"BTK","TTI1","IFNGR2"
"BTK","WDFY3","IFNGR2"
"BTK","LRP6","IFNGR2"
"BTK","HOXB7","IFNGR2"
"BTK","RND1","IFNGR2"
"BTK","SPEN","IFNGR2"
"BTK","NFKB1","IFNGR2"
"BTK","CTDP1","IFNGR2"
"BTK","TELO2","IFNGR2"
"BTK","MAPKAP1","IFNGR2"
"BTK","GRB7","IFNGR2"
"BTK","AKT3","TAGLN2"
"BTK","AKT2","TAGLN2"
"BTK","PTEN","TAGLN2"
"BTK","PRKG1","TAGLN2"
"BTK","RPS6K","TAGLN2"
"BTK","ERK1/2","TAGLN2"
"BTK","Gbeta","TAGLN2"
"BTK","LCK","TAGLN2"
"BTK","ABL1","TAGLN2"
"BTK","RPS6KA5","TAGLN2"
"BTK","WNK1","TAGLN2"
"BTK","PDPK1","TAGLN2"
"BTK","SGK1","TAGLN2"
"BTK","MAP2K1","TAGLN2"
"BTK","PRKCB","TAGLN2"
"BTK","PRKCG","TAGLN2"
"BTK","MAP3K1","TAGLN2"
"BTK","AKT","TAGLN2"
"BTK","IKBKB","TAGLN2"
"BTK","WWTR1","TAGLN2"
"BTK","DAPK1","TAGLN2"
"BTK","FGG","TAGLN2"
"BTK","LEPR","TAGLN2"
"BTK","RPS6KA3","TAGLN2"
"BTK","GRB2","TAGLN2"
"BTK","ATR","TAGLN2"
"BTK","SGK3","TAGLN2"
"BTK","PTK6","TAGLN2"
"BTK","IKBKE","TAGLN2"
"BTK","CCND1","TAGLN2"
"BTK","ILK","TAGLN2"
"BTK","SPRED1","TAGLN2"
"BTK","MEK1/2","TAGLN2"
"BTK","PTPN7","TAGLN2"
"BTK","CALM1","TAGLN2"
"BTK","TLK1","TAGLN2"
"BTK","CDKN2A","TAGLN2"
"BTK","MAP4K1","TAGLN2"
"BTK","DDX41","TAGLN2"
"BTK","RPS6KA4","TAGLN2"
"BTK","NTRK1","TAGLN2"
"BTK","GPSM3","TAGLN2"
"BTK","RELA","TAGLN2"
"BTK","EPHA2","TAGLN2"
"BTK","CDKN1B","TAGLN2"
"BTK","FBLIM1","TAGLN2"
"BTK","TEC","TAGLN2"
"BTK","VCP","TAGLN2"
"BTK","STIP1","TAGLN2"
"BTK","CRTC2","TAGLN2"
"BTK","CD28","TAGLN2"
"BTK","IMPDH2","TAGLN2"
"BTK","BCL10","TAGLN2"
"BTK","MRE11","TAGLN2"
"BTK","HDAC2","TAGLN2"
"BTK","KSR1","TAGLN2"
"BTK","DDX58","TAGLN2"
"BTK","ABI1","TAGLN2"
"BTK","IFIH1","TAGLN2"
"BTK","RAD50","TAGLN2"
"BTK","HOXB7","TAGLN2"
"BTK","PIK3C3","TAGLN2"
"BTK","CTDP1","TAGLN2"
"BTK","RBL2","TAGLN2"
"BTK","CHUK","HJURP"
"BTK","CCP110","HJURP"
"BTK","ERK1/2","HJURP"
"BTK","Gbeta","HJURP"
"BTK","ABL1","HJURP"
"BTK","RPS6KA5","HJURP"
"BTK","WNK1","HJURP"
"BTK","CyclinD/CDK4","HJURP"
"BTK","IKBKB","HJURP"
"BTK","MAP3K4","HJURP"
"BTK","FGG","HJURP"
"BTK","LEPR","HJURP"
"BTK","ITK","HJURP"
"BTK","RPS6KA3","HJURP"
"BTK","BCL3","HJURP"
"BTK","GRB2","HJURP"
"BTK","ATR","HJURP"
"BTK","PTK6","HJURP"
"BTK","ILK","HJURP"
"BTK","MEK1/2","HJURP"
"BTK","CALM1","HJURP"
"BTK","C9orf72","HJURP"
"BTK","IKK-complex","HJURP"
"BTK","NTRK1","HJURP"
"BTK","GPSM3","HJURP"
"BTK","MAPKAPK5","HJURP"
"BTK","VCP","HJURP"
"BTK","TRAF3","HJURP"
"BTK","CD28","HJURP"
"BTK","FRS2","HJURP"
"BTK","IMPDH2","HJURP"
"BTK","PIK3R6","HJURP"
"BTK","MST1R","HJURP"
"BTK","ROR2","HJURP"
"BTK","ABI1","HJURP"
"BTK","RAD50","HJURP"
"BTK","TTI1","HJURP"
"BTK","LRP6","HJURP"
"BTK","GRB14","HJURP"
"BTK","MAPKAP1","HJURP"
"BTK","GRB7","HJURP"
"BTK","BAZ1B","HJURP"
"BTK","PABIR1","HJURP"
"BTK","MAPK3","GRIP1"
"BTK","CHUK","GRIP1"
"BTK","AKT2","GRIP1"
"BTK","PRKCQ","GRIP1"
"BTK","PRKG1","GRIP1"
"BTK","CALM2","GRIP1"
"BTK","WNK1","GRIP1"
"BTK","PRKCG","GRIP1"
"BTK","MAP3K1","GRIP1"
"BTK","MAP3K7","GRIP1"
"BTK","AKT","GRIP1"
"BTK","IKBKB","GRIP1"
"BTK","MAP3K4","GRIP1"
"BTK","DAPK1","GRIP1"
"BTK","FGG","GRIP1"
"BTK","ITK","GRIP1"
"BTK","RPS6KA3","GRIP1"
"BTK","DVL1","GRIP1"
"BTK","SGK3","GRIP1"
"BTK","ILK","GRIP1"
"BTK","STAP1","GRIP1"
"BTK","MAP4K1","GRIP1"
"BTK","IKK-complex","GRIP1"
"BTK","NTRK1","GRIP1"
"BTK","TEC","GRIP1"
"BTK","CRTC2","GRIP1"
"BTK","INPP5D","GRIP1"
"BTK","CCNE1","GRIP1"
"BTK","IMPDH2","GRIP1"
"BTK","PIK3R6","GRIP1"
"BTK","KSR1","GRIP1"
"BTK","DDX58","GRIP1"
"BTK","MST1R","GRIP1"
"BTK","ROR2","GRIP1"
"BTK","TTI1","GRIP1"
"BTK","LRP6","GRIP1"
"BTK","GRB14","GRIP1"
"BTK","PIK3C3","GRIP1"
"BTK","RND1","GRIP1"
"BTK","STING1","GRIP1"
"BTK","NFKB1","GRIP1"
"BTK","BAZ1B","GRIP1"
"BTK","PLCG2","GRIP1"
"BTK","MAPK3","SMARCA4"
"BTK","CHUK","SMARCA4"
"BTK","AKT2","SMARCA4"
"BTK","SGK1","SMARCA4"
"BTK","MAP2K1","SMARCA4"
"BTK","PRKCG","SMARCA4"
"BTK","PRKCZ","SMARCA4"
"BTK","CyclinD/CDK4","SMARCA4"
"BTK","MAP3K1","SMARCA4"
"BTK","AKT","SMARCA4"
"BTK","IKBKB","SMARCA4"
"BTK","LEPR","SMARCA4"
"BTK","ITK","SMARCA4"
"BTK","BCL3","SMARCA4"
"BTK","GRB2","SMARCA4"
"BTK","VCPIP1","SMARCA4"
"BTK","ATR","SMARCA4"
"BTK","PTK6","SMARCA4"
"BTK","IKBKE","SMARCA4"
"BTK","TBK1","SMARCA4"
"BTK","FADD","SMARCA4"
"BTK","STK38","SMARCA4"
"BTK","TLK1","SMARCA4"
"BTK","MAP4K1","SMARCA4"
"BTK","DDX41","SMARCA4"
"BTK","IKK-complex","SMARCA4"
"BTK","MAP3K8","SMARCA4"
"BTK","PTPRR","SMARCA4"
"BTK","VCP","SMARCA4"
"BTK","TMIGD2","SMARCA4"
"BTK","STIP1","SMARCA4"
"BTK","PSTPIP1","SMARCA4"
"BTK","CCNE1","SMARCA4"
"BTK","PIK3CG","SMARCA4"
"BTK","SH2B2","SMARCA4"
"BTK","HDAC2","SMARCA4"
"BTK","KSR1","SMARCA4"
"BTK","MST1R","SMARCA4"
"BTK","IFIH1","SMARCA4"
"BTK","RAD50","SMARCA4"
"BTK","WDFY3","SMARCA4"
"BTK","LRP6","SMARCA4"
"BTK","RND1","SMARCA4"
"BTK","STING1","SMARCA4"
"BTK","NFKB1","SMARCA4"
"BTK","CTDP1","SMARCA4"
"BTK","CLSPN","SMARCA4"
"BTK","PLCG2","SMARCA4"
"BTK","PPP1R14B","SMARCA4"
"BTK","AKT3","EGR1"
"BTK","MTOR","EGR1"
"BTK","RPS6K","EGR1"
"BTK","RPS6KA5","EGR1"
"BTK","WNK1","EGR1"
"BTK","PRKCG","EGR1"
"BTK","PRKCZ","EGR1"
"BTK","CyclinD/CDK4","EGR1"
"BTK","MAP3K7","EGR1"
"BTK","WWTR1","EGR1"
"BTK","DOK1","EGR1"
"BTK","PXN","EGR1"
"BTK","LEPR","EGR1"
"BTK","ITK","EGR1"
"BTK","GRB2","EGR1"
"BTK","STAP1","EGR1"
"BTK","TBK1","EGR1"
"BTK","MEK1/2","EGR1"
"BTK","FADD","EGR1"
"BTK","STK38","EGR1"
"BTK","TLK1","EGR1"
"BTK","RET","EGR1"
"BTK","SHC1","EGR1"
"BTK","GPSM3","EGR1"
"BTK","RELA","EGR1"
"BTK","MAPKAPK5","EGR1"
"BTK","FBLIM1","EGR1"
"BTK","TMIGD2","EGR1"
"BTK","CCR2","EGR1"
"BTK","FRS2","EGR1"
"BTK","IMPDH2","EGR1"
"BTK","BCL10","EGR1"
"BTK","MRE11","EGR1"
"BTK","UBXN2B","EGR1"
"BTK","RAD50","EGR1"
"BTK","WDFY3","EGR1"
"BTK","LRP6","EGR1"
"BTK","GRB14","EGR1"
"BTK","PIK3C3","EGR1"
"BTK","NFKB1","EGR1"
"BTK","CTDP1","EGR1"
"BTK","TELO2","EGR1"
"BTK","BLVRA","EGR1"
"BTK","CLSPN","EGR1"
"BTK","MAPKAP1","EGR1"
"BTK","GRB7","EGR1"
"BTK","BAZ1B","EGR1"
"BTK","RBL2","EGR1"
"BTK","AKT3","CASP8AP2"
"BTK","CHUK","CASP8AP2"
"BTK","PRKCQ","CASP8AP2"
"BTK","MTOR","CASP8AP2"
"BTK","AKT1","CASP8AP2"
"BTK","PRKG1","CASP8AP2"
"BTK","CALM2","CASP8AP2"
"BTK","LCK","CASP8AP2"
"BTK","CDK9","CASP8AP2"
"BTK","ABL1","CASP8AP2"
"BTK","SGK1","CASP8AP2"
"BTK","MAP2K1","CASP8AP2"
"BTK","AKT","CASP8AP2"
"BTK","WWTR1","CASP8AP2"
"BTK","MAP3K4","CASP8AP2"
"BTK","PXN","CASP8AP2"
"BTK","FGG","CASP8AP2"
"BTK","LEPR","CASP8AP2"
"BTK","ITK","CASP8AP2"
"BTK","RPS6KA3","CASP8AP2"
"BTK","BCL3","CASP8AP2"
"BTK","DVL1","CASP8AP2"
"BTK","GRB2","CASP8AP2"
"BTK","VCPIP1","CASP8AP2"
"BTK","SGK3","CASP8AP2"
"BTK","IKBKE","CASP8AP2"
"BTK","ILK","CASP8AP2"
"BTK","STAP1","CASP8AP2"
"BTK","TBK1","CASP8AP2"
"BTK","SPRED1","CASP8AP2"
"BTK","MEK1/2","CASP8AP2"
"BTK","PTPN7","CASP8AP2"
"BTK","MAP4K1","CASP8AP2"
"BTK","RET","CASP8AP2"
"BTK","DDX41","CASP8AP2"
"BTK","SHC1","CASP8AP2"
"BTK","NTRK1","CASP8AP2"
"BTK","GPSM3","CASP8AP2"
"BTK","RELA","CASP8AP2"
"BTK","MAPKAPK5","CASP8AP2"
"BTK","EPHA2","CASP8AP2"
"BTK","MAP3K8","CASP8AP2"
"BTK","PTPRR","CASP8AP2"
"BTK","CDKN1B","CASP8AP2"
"BTK","VCP","CASP8AP2"
"BTK","GRIP1","CASP8AP2"
"BTK","CCR2","CASP8AP2"
"BTK","PSTPIP1","CASP8AP2"
"BTK","ARRB2","CASP8AP2"
"BTK","TRAF3","CASP8AP2"
"BTK","CD28","CASP8AP2"
"BTK","INPP5D","CASP8AP2"
"BTK","PPP1R14A","CASP8AP2"
"BTK","PIK3R6","CASP8AP2"
"BTK","HDAC2","CASP8AP2"
"BTK","KSR1","CASP8AP2"
"BTK","DDX58","CASP8AP2"
"BTK","MST1R","CASP8AP2"
"BTK","ROR2","CASP8AP2"
"BTK","ABI1","CASP8AP2"
"BTK","WDFY3","CASP8AP2"
"BTK","GRB14","CASP8AP2"
"BTK","HOXB7","CASP8AP2"
"BTK","PIK3C3","CASP8AP2"
"BTK","RND1","CASP8AP2"
"BTK","STING1","CASP8AP2"
"BTK","SPEN","CASP8AP2"
"BTK","NFKB1","CASP8AP2"
"BTK","CTDP1","CASP8AP2"
"BTK","TELO2","CASP8AP2"
"BTK","CLSPN","CASP8AP2"
"BTK","MAPKAP1","CASP8AP2"
"BTK","PTEN","KHDRBS1"
"BTK","PRKCQ","KHDRBS1"
"BTK","AKT1","KHDRBS1"
"BTK","CCP110","KHDRBS1"
"BTK","RPS6K","KHDRBS1"
"BTK","CALM2","KHDRBS1"
"BTK","Gbeta","KHDRBS1"
"BTK","LCK","KHDRBS1"
"BTK","WNK1","KHDRBS1"
"BTK","PRKCB","KHDRBS1"
"BTK","PRKCZ","KHDRBS1"
"BTK","MAP3K1","KHDRBS1"
"BTK","WWTR1","KHDRBS1"
"BTK","DOK1","KHDRBS1"
"BTK","MAP3K4","KHDRBS1"
"BTK","DAPK1","KHDRBS1"
"BTK","FGG","KHDRBS1"
"BTK","ITK","KHDRBS1"
"BTK","BCL3","KHDRBS1"
"BTK","FZR1","KHDRBS1"
"BTK","VCPIP1","KHDRBS1"
"BTK","PTK6","KHDRBS1"
"BTK","STAP1","KHDRBS1"
"BTK","SPRED1","KHDRBS1"
"BTK","PTPN7","KHDRBS1"
"BTK","CALM1","KHDRBS1"
"BTK","FADD","KHDRBS1"
"BTK","STK38","KHDRBS1"
"BTK","TLK1","KHDRBS1"
"BTK","CDKN2A","KHDRBS1"
"BTK","MAP4K1","KHDRBS1"
"BTK","DDX41","KHDRBS1"
"BTK","IKK-complex","KHDRBS1"
"BTK","SHC1","KHDRBS1"
"BTK","RPS6KA4","KHDRBS1"
"BTK","CDKN1B","KHDRBS1"
"BTK","TEC","KHDRBS1"
"BTK","VCP","KHDRBS1"
"BTK","GRIP1","KHDRBS1"
"BTK","CCR2","KHDRBS1"
"BTK","STIP1","KHDRBS1"
"BTK","PSTPIP1","KHDRBS1"
"BTK","TRAF3","KHDRBS1"
"BTK","CD28","KHDRBS1"
"BTK","IMPDH2","KHDRBS1"
"BTK","SET","KHDRBS1"
"BTK","PIK3CG","KHDRBS1"
"BTK","SH2B2","KHDRBS1"
"BTK","TRPV1","KHDRBS1"
"BTK","PPP1R14A","KHDRBS1"
"BTK","KSR1","KHDRBS1"
"BTK","UBXN2B","KHDRBS1"
"BTK","RAD50","KHDRBS1"
"BTK","TTI1","KHDRBS1"
"BTK","LRP6","KHDRBS1"
"BTK","GRB14","KHDRBS1"
"BTK","PIK3C3","KHDRBS1"
"BTK","RND1","KHDRBS1"
"BTK","STING1","KHDRBS1"
"BTK","SPEN","KHDRBS1"
"BTK","NFKB1","KHDRBS1"
"BTK","CTDP1","KHDRBS1"
"BTK","TELO2","KHDRBS1"
"BTK","BLVRA","KHDRBS1"
"BTK","MAPKAP1","KHDRBS1"
"BTK","GRB7","KHDRBS1"
"BTK","BAZ1B","KHDRBS1"
"BTK","PLCG2","KHDRBS1"
"BTK","RBL2","KHDRBS1"
"BTK","PPP1R14B","KHDRBS1"
"BTK","PABIR1","KHDRBS1"
"BTK","AKT3","PBX1"
"BTK","CHUK","PBX1"
"BTK","AKT2","PBX1"
"BTK","PTEN","PBX1"
"BTK","MTOR","PBX1"
"BTK","AKT1","PBX1"
"BTK","RPS6K","PBX1"
"BTK","CALM2","PBX1"
"BTK","Gbeta","PBX1"
"BTK","CDK9","PBX1"
"BTK","ABL1","PBX1"
"BTK","RPS6KA5","PBX1"
"BTK","WNK1","PBX1"
"BTK","PDPK1","PBX1"
"BTK","SGK1","PBX1"
"BTK","PRKCB","PBX1"
"BTK","PRKCG","PBX1"
"BTK","CyclinD/CDK4","PBX1"
"BTK","AKT","PBX1"
"BTK","IKBKB","PBX1"
"BTK","MAP3K4","PBX1"
"BTK","DAPK1","PBX1"
"BTK","PXN","PBX1"
"BTK","FGG","PBX1"
"BTK","LEPR","PBX1"
"BTK","RPS6KA3","PBX1"
"BTK","DVL1","PBX1"
"BTK","FZR1","PBX1"
"BTK","GRB2","PBX1"
"BTK","VCPIP1","PBX1"
"BTK","ATR","PBX1"
"BTK","IKBKE","PBX1"
"BTK","MEK1/2","PBX1"
"BTK","PTPN7","PBX1"
"BTK","CALM1","PBX1"
"BTK","TLK1","PBX1"
"BTK","CDKN2A","PBX1"
"BTK","RET","PBX1"
"BTK","IKK-complex","PBX1"
"BTK","SHC1","PBX1"
"BTK","RPS6KA4","PBX1"
"BTK","GPSM3","PBX1"
"BTK","MAPKAPK5","PBX1"
"BTK","EPHA2","PBX1"
"BTK","PTPRR","PBX1"
"BTK","CDKN1B","PBX1"
"BTK","FBLIM1","PBX1"
"BTK","TEC","PBX1"
"BTK","CCR2","PBX1"
"BTK","STIP1","PBX1"
"BTK","PSTPIP1","PBX1"
"BTK","TRAF3","PBX1"
"BTK","CD28","PBX1"
"BTK","INPP5D","PBX1"
"BTK","CCNE1","PBX1"
"BTK","IMPDH2","PBX1"
"BTK","SET","PBX1"
"BTK","PPP1R14A","PBX1"
"BTK","BCL10","PBX1"
"BTK","MRE11","PBX1"
"BTK","HDAC2","PBX1"
"BTK","KSR1","PBX1"
"BTK","DDX58","PBX1"
"BTK","MST1R","PBX1"
"BTK","ABI1","PBX1"
"BTK","IFIH1","PBX1"
"BTK","RAD50","PBX1"
"BTK","TTI1","PBX1"
"BTK","GRB14","PBX1"
"BTK","PIK3C3","PBX1"
"BTK","NFKB1","PBX1"
"BTK","TELO2","PBX1"
"BTK","MAPKAP1","PBX1"
"BTK","RBL2","PBX1"
"BTK","PABIR1","PBX1"
"BTK","MAPK3","NfKb-p65/p50"
"BTK","AKT3","NfKb-p65/p50"
"BTK","CHUK","NfKb-p65/p50"
"BTK","AKT2","NfKb-p65/p50"
"BTK","PTEN","NfKb-p65/p50"
"BTK","MTOR","NfKb-p65/p50"
"BTK","AKT1","NfKb-p65/p50"
"BTK","PRKG1","NfKb-p65/p50"
"BTK","CCP110","NfKb-p65/p50"
"BTK","RPS6K","NfKb-p65/p50"
"BTK","CALM2","NfKb-p65/p50"
"BTK","LCK","NfKb-p65/p50"
"BTK","ABL1","NfKb-p65/p50"
"BTK","WNK1","NfKb-p65/p50"
"BTK","SGK1","NfKb-p65/p50"
"BTK","MAP2K1","NfKb-p65/p50"
"BTK","PRKCB","NfKb-p65/p50"
"BTK","PRKCZ","NfKb-p65/p50"
"BTK","CyclinD/CDK4","NfKb-p65/p50"
"BTK","MAP3K7","NfKb-p65/p50"
"BTK","MAP3K4","NfKb-p65/p50"
"BTK","LEPR","NfKb-p65/p50"
"BTK","ITK","NfKb-p65/p50"
"BTK","RPS6KA3","NfKb-p65/p50"
"BTK","DVL1","NfKb-p65/p50"
"BTK","FZR1","NfKb-p65/p50"
"BTK","SPRED1","NfKb-p65/p50"
"BTK","MEK1/2","NfKb-p65/p50"
"BTK","PTPN7","NfKb-p65/p50"
"BTK","STK38","NfKb-p65/p50"
"BTK","CDKN2A","NfKb-p65/p50"
"BTK","MAP4K1","NfKb-p65/p50"
"BTK","SHC1","NfKb-p65/p50"
"BTK","RPS6KA4","NfKb-p65/p50"
"BTK","NTRK1","NfKb-p65/p50"
"BTK","MAPKAPK5","NfKb-p65/p50"
"BTK","EPHA2","NfKb-p65/p50"
"BTK","MAP3K8","NfKb-p65/p50"
"BTK","PTPRR","NfKb-p65/p50"
"BTK","CDKN1B","NfKb-p65/p50"
"BTK","TEC","NfKb-p65/p50"
"BTK","GRIP1","NfKb-p65/p50"
"BTK","CCR2","NfKb-p65/p50"
"BTK","STIP1","NfKb-p65/p50"
"BTK","PSTPIP1","NfKb-p65/p50"
"BTK","ARRB2","NfKb-p65/p50"
"BTK","FRS2","NfKb-p65/p50"
"BTK","CCNE1","NfKb-p65/p50"
"BTK","BCL10","NfKb-p65/p50"
"BTK","PIK3R6","NfKb-p65/p50"
"BTK","MRE11","NfKb-p65/p50"
"BTK","MST1R","NfKb-p65/p50"
"BTK","ROR2","NfKb-p65/p50"
"BTK","RAD50","NfKb-p65/p50"
"BTK","TTI1","NfKb-p65/p50"
"BTK","LRP6","NfKb-p65/p50"
"BTK","GRB14","NfKb-p65/p50"
"BTK","HOXB7","NfKb-p65/p50"
"BTK","CTDP1","NfKb-p65/p50"
"BTK","BLVRA","NfKb-p65/p50"
"BTK","CLSPN","NfKb-p65/p50"
"BTK","MAPKAP1","NfKb-p65/p50"
"BTK","PLCG2","NfKb-p65/p50"
"BTK","PABIR1","NfKb-p65/p50"
"BTK","AKT3","WEE1"
"BTK","CHUK","WEE1"
"BTK","PTEN","WEE1"
"BTK","CCP110","WEE1"
"BTK","Gbeta","WEE1"
"BTK","LCK","WEE1"
"BTK","ABL1","WEE1"
"BTK","PDPK1","WEE1"
"BTK","PRKCB","WEE1"
"BTK","WWTR1","WEE1"
"BTK","FGG","WEE1"
"BTK","ITK","WEE1"
"BTK","BCL3","WEE1"
"BTK","DVL1","WEE1"
"BTK","VCPIP1","WEE1"
"BTK","SGK3","WEE1"
"BTK","IKBKE","WEE1"
"BTK","MEK1/2","WEE1"
"BTK","CALM1","WEE1"
"BTK","FADD","WEE1"
"BTK","TLK1","WEE1"
"BTK","GPSM3","WEE1"
"BTK","EPHA2","WEE1"
"BTK","PTPRR","WEE1"
"BTK","FBLIM1","WEE1"
"BTK","VCP","WEE1"
"BTK","CCR2","WEE1"
"BTK","STIP1","WEE1"
"BTK","PSTPIP1","WEE1"
"BTK","CRTC2","WEE1"
"BTK","CD28","WEE1"
"BTK","SET","WEE1"
"BTK","PPP1R14A","WEE1"
"BTK","BCL10","WEE1"
"BTK","HDAC2","WEE1"
"BTK","ROR2","WEE1"
"BTK","IFIH1","WEE1"
"BTK","RAD50","WEE1"
"BTK","TTI1","WEE1"
"BTK","LRP6","WEE1"
"BTK","RND1","WEE1"
"BTK","PLCG2","WEE1"
"BTK","RBL2","WEE1"
"BTK","PPP1R14B","WEE1"
"BTK","PABIR1","WEE1"
"BTK","MAPK3","PRRX1"
"BTK","CHUK","PRRX1"
"BTK","PTEN","PRRX1"
"BTK","ERK1/2","PRRX1"
"BTK","Gbeta","PRRX1"
"BTK","LCK","PRRX1"
"BTK","RPS6KA5","PRRX1"
"BTK","WNK1","PRRX1"
"BTK","PDPK1","PRRX1"
"BTK","PRKCG","PRRX1"
"BTK","MAP3K7","PRRX1"
"BTK","AKT","PRRX1"
"BTK","WWTR1","PRRX1"
"BTK","DAPK1","PRRX1"
"BTK","BCL3","PRRX1"
"BTK","DVL1","PRRX1"
"BTK","ATR","PRRX1"
"BTK","CCND1","PRRX1"
"BTK","SPRED1","PRRX1"
"BTK","MEK1/2","PRRX1"
"BTK","FADD","PRRX1"
"BTK","STK38","PRRX1"
"BTK","C9orf72","PRRX1"
"BTK","DDX41","PRRX1"
"BTK","RPS6KA4","PRRX1"
"BTK","NTRK1","PRRX1"
"BTK","GPSM3","PRRX1"
"BTK","EPHA2","PRRX1"
"BTK","FBLIM1","PRRX1"
"BTK","VCP","PRRX1"
"BTK","ARRB2","PRRX1"
"BTK","CRTC2","PRRX1"
"BTK","CD28","PRRX1"
"BTK","FRS2","PRRX1"
"BTK","PIK3CG","PRRX1"
"BTK","HDAC2","PRRX1"
"BTK","KSR1","PRRX1"
"BTK","DDX58","PRRX1"
"BTK","UBXN2B","PRRX1"
"BTK","IFIH1","PRRX1"
"BTK","TTI1","PRRX1"
"BTK","WDFY3","PRRX1"
"BTK","LRP6","PRRX1"
"BTK","GRB14","PRRX1"
"BTK","PIK3C3","PRRX1"
"BTK","NFKB1","PRRX1"
"BTK","CTDP1","PRRX1"
"BTK","CLSPN","PRRX1"
"BTK","MAPKAP1","PRRX1"
"BTK","GRB7","PRRX1"
"BTK","BAZ1B","PRRX1"
"BTK","PLCG2","PRRX1"
"BTK","RBL2","PRRX1"
"BTK","MAPK3","TMIGD2"
"BTK","AKT3","TMIGD2"
"BTK","MTOR","TMIGD2"
"BTK","AKT1","TMIGD2"
"BTK","CCP110","TMIGD2"
"BTK","ERK1/2","TMIGD2"
"BTK","Gbeta","TMIGD2"
"BTK","CDK9","TMIGD2"
"BTK","WNK1","TMIGD2"
"BTK","SGK1","TMIGD2"
"BTK","PRKCG","TMIGD2"
"BTK","PRKCZ","TMIGD2"
"BTK","CyclinD/CDK4","TMIGD2"
"BTK","MAP3K1","TMIGD2"
"BTK","MAP3K7","TMIGD2"
"BTK","DOK1","TMIGD2"
"BTK","MAP3K4","TMIGD2"
"BTK","PXN","TMIGD2"
"BTK","LEPR","TMIGD2"
"BTK","ITK","TMIGD2"
"BTK","RPS6KA3","TMIGD2"
"BTK","BCL3","TMIGD2"
"BTK","DVL1","TMIGD2"
"BTK","FZR1","TMIGD2"
"BTK","ATR","TMIGD2"
"BTK","SGK3","TMIGD2"
"BTK","CCND1","TMIGD2"
"BTK","STAP1","TMIGD2"
"BTK","SPRED1","TMIGD2"
"BTK","MEK1/2","TMIGD2"
"BTK","PTPN7","TMIGD2"
"BTK","CALM1","TMIGD2"
"BTK","FADD","TMIGD2"
"BTK","STK38","TMIGD2"
"BTK","CDKN2A","TMIGD2"
"BTK","MAP4K1","TMIGD2"
"BTK","DDX41","TMIGD2"
"BTK","RPS6KA4","TMIGD2"
"BTK","GPSM3","TMIGD2"
"BTK","RELA","TMIGD2"
"BTK","MAP3K8","TMIGD2"
"BTK","PTPRR","TMIGD2"
"BTK","CDKN1B","TMIGD2"
"BTK","TEC","TMIGD2"
"BTK","VCP","TMIGD2"
"BTK","GRIP1","TMIGD2"
"BTK","STIP1","TMIGD2"
"BTK","PSTPIP1","TMIGD2"
"BTK","ARRB2","TMIGD2"
"BTK","TRAF3","TMIGD2"
"BTK","CRTC2","TMIGD2"
"BTK","CD28","TMIGD2"
"BTK","CCNE1","TMIGD2"
"BTK","IMPDH2","TMIGD2"
"BTK","SET","TMIGD2"
"BTK","SH2B2","TMIGD2"
"BTK","TRPV1","TMIGD2"
"BTK","PPP1R14A","TMIGD2"
"BTK","BCL10","TMIGD2"
"BTK","PIK3R6","TMIGD2"
"BTK","MRE11","TMIGD2"
"BTK","KSR1","TMIGD2"
"BTK","DDX58","TMIGD2"
"BTK","MST1R","TMIGD2"
"BTK","ROR2","TMIGD2"
"BTK","IFIH1","TMIGD2"
"BTK","TTI1","TMIGD2"
"BTK","WDFY3","TMIGD2"
"BTK","GRB14","TMIGD2"
"BTK","HOXB7","TMIGD2"
"BTK","PIK3C3","TMIGD2"
"BTK","RND1","TMIGD2"
"BTK","STING1","TMIGD2"
"BTK","SPEN","TMIGD2"
"BTK","NFKB1","TMIGD2"
"BTK","CTDP1","TMIGD2"
"BTK","TELO2","TMIGD2"
"BTK","MAPKAP1","TMIGD2"
"BTK","GRB7","TMIGD2"
"BTK","PLCG2","TMIGD2"
"BTK","CHUK","MYLK"
"BTK","AKT2","MYLK"
"BTK","MTOR","MYLK"
"BTK","PRKG1","MYLK"
"BTK","CCP110","MYLK"
"BTK","CALM2","MYLK"
"BTK","ERK1/2","MYLK"
"BTK","LCK","MYLK"
"BTK","CDK9","MYLK"
"BTK","WNK1","MYLK"
"BTK","SGK1","MYLK"
"BTK","PRKCB","MYLK"
"BTK","IKBKB","MYLK"
"BTK","WWTR1","MYLK"
"BTK","FGG","MYLK"
"BTK","RPS6KA3","MYLK"
"BTK","FZR1","MYLK"
"BTK","VCPIP1","MYLK"
"BTK","ATR","MYLK"
"BTK","SGK3","MYLK"
"BTK","IKBKE","MYLK"
"BTK","TBK1","MYLK"
"BTK","SPRED1","MYLK"
"BTK","PTPN7","MYLK"
"BTK","TLK1","MYLK"
"BTK","C9orf72","MYLK"
"BTK","DDX41","MYLK"
"BTK","IKK-complex","MYLK"
"BTK","SHC1","MYLK"
"BTK","RPS6KA4","MYLK"
"BTK","RELA","MYLK"
"BTK","MAP3K8","MYLK"
"BTK","PTPRR","MYLK"
"BTK","CDKN1B","MYLK"
"BTK","TEC","MYLK"
"BTK","GRIP1","MYLK"
"BTK","TMIGD2","MYLK"
"BTK","PSTPIP1","MYLK"
"BTK","TRAF3","MYLK"
"BTK","INPP5D","MYLK"
"BTK","FRS2","MYLK"
"BTK","IMPDH2","MYLK"
"BTK","SET","MYLK"
"BTK","PPP1R14A","MYLK"
"BTK","KSR1","MYLK"
"BTK","DDX58","MYLK"
"BTK","UBXN2B","MYLK"
"BTK","ABI1","MYLK"
"BTK","WDFY3","MYLK"
"BTK","HOXB7","MYLK"
"BTK","RND1","MYLK"
"BTK","STING1","MYLK"
"BTK","CTDP1","MYLK"
"BTK","GRB7","MYLK"
"BTK","PPP1R14B","MYLK"
"BTK","PRKCQ","CDC73"
"BTK","CCP110","CDC73"
"BTK","CALM2","CDC73"
"BTK","Gbeta","CDC73"
"BTK","CDK9","CDC73"
"BTK","ABL1","CDC73"
"BTK","PDPK1","CDC73"
"BTK","SGK1","CDC73"
"BTK","MAP2K1","CDC73"
"BTK","PRKCG","CDC73"
"BTK","CyclinD/CDK4","CDC73"
"BTK","FZR1","CDC73"
"BTK","GRB2","CDC73"
"BTK","ATR","CDC73"
"BTK","IKBKE","CDC73"
"BTK","ILK","CDC73"
"BTK","STK38","CDC73"
"BTK","CDKN2A","CDC73"
"BTK","MAP4K1","CDC73"
"BTK","GPSM3","CDC73"
"BTK","RELA","CDC73"
"BTK","PTPRR","CDC73"
"BTK","CDKN1B","CDC73"
"BTK","FBLIM1","CDC73"
"BTK","CCR2","CDC73"
"BTK","ARRB2","CDC73"
"BTK","CRTC2","CDC73"
"BTK","FRS2","CDC73"
"BTK","TRPV1","CDC73"
"BTK","PIK3R6","CDC73"
"BTK","ABI1","CDC73"
"BTK","IFIH1","CDC73"
"BTK","RAD50","CDC73"
"BTK","RND1","CDC73"
"BTK","STING1","CDC73"
"BTK","SPEN","CDC73"
"BTK","TELO2","CDC73"
"BTK","BLVRA","CDC73"
"BTK","CLSPN","CDC73"
"BTK","GRB7","CDC73"
"BTK","BAZ1B","CDC73"
"BTK","PLCG2","CDC73"
"BTK","RBL2","CDC73"
"BTK","PPP1R14B","CDC73"
"BTK","PABIR1","CDC73"
"BTK","MAPK3","SWI/SNF complex"
"BTK","AKT3","SWI/SNF complex"
"BTK","CHUK","SWI/SNF complex"
"BTK","AKT2","SWI/SNF complex"
"BTK","AKT1","SWI/SNF complex"
"BTK","PRKG1","SWI/SNF complex"
"BTK","CCP110","SWI/SNF complex"
"BTK","LCK","SWI/SNF complex"
"BTK","WNK1","SWI/SNF complex"
"BTK","SGK1","SWI/SNF complex"
"BTK","MAP2K1","SWI/SNF complex"
"BTK","PRKCG","SWI/SNF complex"
"BTK","PRKCZ","SWI/SNF complex"
"BTK","CyclinD/CDK4","SWI/SNF complex"
"BTK","IKBKB","SWI/SNF complex"
"BTK","DOK1","SWI/SNF complex"
"BTK","PXN","SWI/SNF complex"
"BTK","ITK","SWI/SNF complex"
"BTK","RPS6KA3","SWI/SNF complex"
"BTK","DVL1","SWI/SNF complex"
"BTK","GRB2","SWI/SNF complex"
"BTK","SGK3","SWI/SNF complex"
"BTK","CCND1","SWI/SNF complex"
"BTK","ILK","SWI/SNF complex"
"BTK","TBK1","SWI/SNF complex"
"BTK","SPRED1","SWI/SNF complex"
"BTK","PTPN7","SWI/SNF complex"
"BTK","FADD","SWI/SNF complex"
"BTK","CDKN2A","SWI/SNF complex"
"BTK","MAP4K1","SWI/SNF complex"
"BTK","RET","SWI/SNF complex"
"BTK","IKK-complex","SWI/SNF complex"
"BTK","SHC1","SWI/SNF complex"
"BTK","RPS6KA4","SWI/SNF complex"
"BTK","NTRK1","SWI/SNF complex"
"BTK","RELA","SWI/SNF complex"
"BTK","MAPKAPK5","SWI/SNF complex"
"BTK","MAP3K8","SWI/SNF complex"
"BTK","FBLIM1","SWI/SNF complex"
"BTK","TMIGD2","SWI/SNF complex"
"BTK","CCNE1","SWI/SNF complex"
"BTK","SET","SWI/SNF complex"
"BTK","PIK3CG","SWI/SNF complex"
"BTK","SH2B2","SWI/SNF complex"
"BTK","HDAC2","SWI/SNF complex"
"BTK","KSR1","SWI/SNF complex"
"BTK","ROR2","SWI/SNF complex"
"BTK","ABI1","SWI/SNF complex"
"BTK","RAD50","SWI/SNF complex"
"BTK","WDFY3","SWI/SNF complex"
"BTK","LRP6","SWI/SNF complex"
"BTK","HOXB7","SWI/SNF complex"
"BTK","PIK3C3","SWI/SNF complex"
"BTK","RND1","SWI/SNF complex"
"BTK","STING1","SWI/SNF complex"
"BTK","NFKB1","SWI/SNF complex"
"BTK","CTDP1","SWI/SNF complex"
"BTK","TELO2","SWI/SNF complex"
"BTK","MAPKAP1","SWI/SNF complex"
"BTK","RBL2","SWI/SNF complex"
"BTK","PABIR1","SWI/SNF complex"
"BTK","MTOR","CCR2"
"BTK","AKT1","CCR2"
"BTK","CCP110","CCR2"
"BTK","RPS6K","CCR2"
"BTK","CALM2","CCR2"
"BTK","ERK1/2","CCR2"
"BTK","LCK","CCR2"
"BTK","WNK1","CCR2"
"BTK","MAP2K1","CCR2"
"BTK","PRKCG","CCR2"
"BTK","PRKCZ","CCR2"
"BTK","CyclinD/CDK4","CCR2"
"BTK","AKT","CCR2"
"BTK","DAPK1","CCR2"
"BTK","LEPR","CCR2"
"BTK","ITK","CCR2"
"BTK","VCPIP1","CCR2"
"BTK","SGK3","CCR2"
"BTK","IKBKE","CCR2"
"BTK","CCND1","CCR2"
"BTK","SPRED1","CCR2"
"BTK","MEK1/2","CCR2"
"BTK","PTPN7","CCR2"
"BTK","FADD","CCR2"
"BTK","STK38","CCR2"
"BTK","TLK1","CCR2"
"BTK","RELA","CCR2"
"BTK","EPHA2","CCR2"
"BTK","PTPRR","CCR2"
"BTK","FBLIM1","CCR2"
"BTK","TMIGD2","CCR2"
"BTK","STIP1","CCR2"
"BTK","PSTPIP1","CCR2"
"BTK","ARRB2","CCR2"
"BTK","CRTC2","CCR2"
"BTK","CD28","CCR2"
"BTK","INPP5D","CCR2"
"BTK","FRS2","CCR2"
"BTK","CCNE1","CCR2"
"BTK","SET","CCR2"
"BTK","PIK3CG","CCR2"
"BTK","SH2B2","CCR2"
"BTK","TRPV1","CCR2"
"BTK","BCL10","CCR2"
"BTK","PIK3R6","CCR2"
"BTK","HDAC2","CCR2"
"BTK","KSR1","CCR2"
"BTK","DDX58","CCR2"
"BTK","ROR2","CCR2"
"BTK","ABI1","CCR2"
"BTK","IFIH1","CCR2"
"BTK","RAD50","CCR2"
"BTK","TTI1","CCR2"
"BTK","WDFY3","CCR2"
"BTK","LRP6","CCR2"
"BTK","GRB14","CCR2"
"BTK","PIK3C3","CCR2"
"BTK","NFKB1","CCR2"
"BTK","CTDP1","CCR2"
"BTK","TELO2","CCR2"
"BTK","CLSPN","CCR2"
"BTK","MAPKAP1","CCR2"
"BTK","PLCG2","CCR2"
"BTK","PPP1R14B","CCR2"
"BTK","PABIR1","CCR2"
"BTK","AKT3","STIP1"
"BTK","CHUK","STIP1"
"BTK","PRKCQ","STIP1"
"BTK","AKT1","STIP1"
"BTK","PRKG1","STIP1"
"BTK","CCP110","STIP1"
"BTK","RPS6K","STIP1"
"BTK","CALM2","STIP1"
"BTK","ERK1/2","STIP1"
"BTK","Gbeta","STIP1"
"BTK","CDK9","STIP1"
"BTK","ABL1","STIP1"
"BTK","PDPK1","STIP1"
"BTK","SGK1","STIP1"
"BTK","MAP2K1","STIP1"
"BTK","CyclinD/CDK4","STIP1"
"BTK","MAP3K7","STIP1"
"BTK","AKT","STIP1"
"BTK","WWTR1","STIP1"
"BTK","DOK1","STIP1"
"BTK","MAP3K4","STIP1"
"BTK","DAPK1","STIP1"
"BTK","PXN","STIP1"
"BTK","LEPR","STIP1"
"BTK","BCL3","STIP1"
"BTK","DVL1","STIP1"
"BTK","VCPIP1","STIP1"
"BTK","ATR","STIP1"
"BTK","PTK6","STIP1"
"BTK","IKBKE","STIP1"
"BTK","CCND1","STIP1"
"BTK","ILK","STIP1"
"BTK","STAP1","STIP1"
"BTK","SPRED1","STIP1"
"BTK","MEK1/2","STIP1"
"BTK","PTPN7","STIP1"
"BTK","TLK1","STIP1"
"BTK","C9orf72","STIP1"
"BTK","CDKN2A","STIP1"
"BTK","RET","STIP1"
"BTK","IKK-complex","STIP1"
"BTK","SHC1","STIP1"
"BTK","RPS6KA4","STIP1"
"BTK","GPSM3","STIP1"
"BTK","MAPKAPK5","STIP1"
"BTK","EPHA2","STIP1"
"BTK","MAP3K8","STIP1"
"BTK","VCP","STIP1"
"BTK","TMIGD2","STIP1"
"BTK","CCR2","STIP1"
"BTK","PSTPIP1","STIP1"
"BTK","ARRB2","STIP1"
"BTK","CRTC2","STIP1"
"BTK","CD28","STIP1"
"BTK","INPP5D","STIP1"
"BTK","FRS2","STIP1"
"BTK","SH2B2","STIP1"
"BTK","PPP1R14A","STIP1"
"BTK","ROR2","STIP1"
"BTK","ABI1","STIP1"
"BTK","IFIH1","STIP1"
"BTK","RAD50","STIP1"
"BTK","TTI1","STIP1"
"BTK","WDFY3","STIP1"
"BTK","GRB14","STIP1"
"BTK","PIK3C3","STIP1"
"BTK","RND1","STIP1"
"BTK","SPEN","STIP1"
"BTK","NFKB1","STIP1"
"BTK","CTDP1","STIP1"
"BTK","BLVRA","STIP1"
"BTK","MAPKAP1","STIP1"
"BTK","PLCG2","STIP1"
"BTK","RBL2","STIP1"
"BTK","MAPK3","SRPK2"
"BTK","AKT2","SRPK2"
"BTK","PTEN","SRPK2"
"BTK","PRKCQ","SRPK2"
"BTK","AKT1","SRPK2"
"BTK","PRKG1","SRPK2"
"BTK","CCP110","SRPK2"
"BTK","CALM2","SRPK2"
"BTK","ERK1/2","SRPK2"
"BTK","Gbeta","SRPK2"
"BTK","LCK","SRPK2"
"BTK","CDK9","SRPK2"
"BTK","RPS6KA5","SRPK2"
"BTK","WNK1","SRPK2"
"BTK","PDPK1","SRPK2"
"BTK","PRKCB","SRPK2"
"BTK","PRKCG","SRPK2"
"BTK","CyclinD/CDK4","SRPK2"
"BTK","AKT","SRPK2"
"BTK","WWTR1","SRPK2"
"BTK","DOK1","SRPK2"
"BTK","DAPK1","SRPK2"
"BTK","LEPR","SRPK2"
"BTK","ITK","SRPK2"
"BTK","FZR1","SRPK2"
"BTK","VCPIP1","SRPK2"
"BTK","IKBKE","SRPK2"
"BTK","CCND1","SRPK2"
"BTK","STAP1","SRPK2"
"BTK","PTPN7","SRPK2"
"BTK","CALM1","SRPK2"
"BTK","STK38","SRPK2"
"BTK","TLK1","SRPK2"
"BTK","CDKN2A","SRPK2"
"BTK","IKK-complex","SRPK2"
"BTK","SHC1","SRPK2"
"BTK","RPS6KA4","SRPK2"
"BTK","MAP3K8","SRPK2"
"BTK","CDKN1B","SRPK2"
"BTK","VCP","SRPK2"
"BTK","GRIP1","SRPK2"
"BTK","PSTPIP1","SRPK2"
"BTK","ARRB2","SRPK2"
"BTK","TRAF3","SRPK2"
"BTK","CRTC2","SRPK2"
"BTK","CD28","SRPK2"
"BTK","FRS2","SRPK2"
"BTK","CCNE1","SRPK2"
"BTK","SH2B2","SRPK2"
"BTK","BCL10","SRPK2"
"BTK","MRE11","SRPK2"
"BTK","KSR1","SRPK2"
"BTK","UBXN2B","SRPK2"
"BTK","ROR2","SRPK2"
"BTK","ABI1","SRPK2"
"BTK","RAD50","SRPK2"
"BTK","TELO2","SRPK2"
"BTK","MAPKAP1","SRPK2"
"BTK","BAZ1B","SRPK2"
"BTK","RBL2","SRPK2"
"BTK","PPP1R14B","SRPK2"
"BTK","PABIR1","SRPK2"
"BTK","AKT3","MYOG"
"BTK","CHUK","MYOG"
"BTK","AKT2","MYOG"
"BTK","PTEN","MYOG"
"BTK","MTOR","MYOG"
"BTK","CALM2","MYOG"
"BTK","Gbeta","MYOG"
"BTK","LCK","MYOG"
"BTK","RPS6KA5","MYOG"
"BTK","PDPK1","MYOG"
"BTK","PRKCG","MYOG"
"BTK","PRKCZ","MYOG"
"BTK","VCPIP1","MYOG"
"BTK","ATR","MYOG"
"BTK","STAP1","MYOG"
"BTK","RET","MYOG"
"BTK","RPS6KA4","MYOG"
"BTK","MAPKAPK5","MYOG"
"BTK","EPHA2","MYOG"
"BTK","CDKN1B","MYOG"
"BTK","FBLIM1","MYOG"
"BTK","TMIGD2","MYOG"
"BTK","CCR2","MYOG"
"BTK","PSTPIP1","MYOG"
"BTK","ARRB2","MYOG"
"BTK","CD28","MYOG"
"BTK","SH2B2","MYOG"
"BTK","PPP1R14A","MYOG"
"BTK","DDX58","MYOG"
"BTK","ROR2","MYOG"
"BTK","ABI1","MYOG"
"BTK","TTI1","MYOG"
"BTK","WDFY3","MYOG"
"BTK","PIK3C3","MYOG"
"BTK","STING1","MYOG"
"BTK","NFKB1","MYOG"
"BTK","TELO2","MYOG"
"BTK","GRB7","MYOG"
"BTK","RBL2","MYOG"
"BTK","MAPK3","PSTPIP1"
"BTK","AKT3","PSTPIP1"
"BTK","AKT2","PSTPIP1"
"BTK","PTEN","PSTPIP1"
"BTK","PRKCQ","PSTPIP1"
"BTK","AKT1","PSTPIP1"
"BTK","PRKG1","PSTPIP1"
"BTK","CALM2","PSTPIP1"
"BTK","LCK","PSTPIP1"
"BTK","CDK9","PSTPIP1"
"BTK","MAP2K1","PSTPIP1"
"BTK","PRKCB","PSTPIP1"
"BTK","PRKCZ","PSTPIP1"
"BTK","MAP3K1","PSTPIP1"
"BTK","AKT","PSTPIP1"
"BTK","DAPK1","PSTPIP1"
"BTK","PXN","PSTPIP1"
"BTK","BCL3","PSTPIP1"
"BTK","DVL1","PSTPIP1"
"BTK","FZR1","PSTPIP1"
"BTK","VCPIP1","PSTPIP1"
"BTK","SGK3","PSTPIP1"
"BTK","PTK6","PSTPIP1"
"BTK","ILK","PSTPIP1"
"BTK","SPRED1","PSTPIP1"
"BTK","PTPN7","PSTPIP1"
"BTK","FADD","PSTPIP1"
"BTK","STK38","PSTPIP1"
"BTK","TLK1","PSTPIP1"
"BTK","CDKN2A","PSTPIP1"
"BTK","DDX41","PSTPIP1"
"BTK","IKK-complex","PSTPIP1"
"BTK","GPSM3","PSTPIP1"
"BTK","RELA","PSTPIP1"
"BTK","MAP3K8","PSTPIP1"
"BTK","PTPRR","PSTPIP1"
"BTK","TEC","PSTPIP1"
"BTK","GRIP1","PSTPIP1"
"BTK","TMIGD2","PSTPIP1"
"BTK","STIP1","PSTPIP1"
"BTK","CRTC2","PSTPIP1"
"BTK","IMPDH2","PSTPIP1"
"BTK","SET","PSTPIP1"
"BTK","BCL10","PSTPIP1"
"BTK","HDAC2","PSTPIP1"
"BTK","DDX58","PSTPIP1"
"BTK","MST1R","PSTPIP1"
"BTK","ABI1","PSTPIP1"
"BTK","IFIH1","PSTPIP1"
"BTK","RAD50","PSTPIP1"
"BTK","TTI1","PSTPIP1"
"BTK","WDFY3","PSTPIP1"
"BTK","LRP6","PSTPIP1"
"BTK","GRB14","PSTPIP1"
"BTK","HOXB7","PSTPIP1"
"BTK","PIK3C3","PSTPIP1"
"BTK","RND1","PSTPIP1"
"BTK","SPEN","PSTPIP1"
"BTK","CTDP1","PSTPIP1"
"BTK","MAPKAP1","PSTPIP1"
"BTK","GRB7","PSTPIP1"
"BTK","MAPK3","CLASP2"
"BTK","PTEN","CLASP2"
"BTK","PRKCQ","CLASP2"
"BTK","CALM2","CLASP2"
"BTK","LCK","CLASP2"
"BTK","WNK1","CLASP2"
"BTK","SGK1","CLASP2"
"BTK","MAP2K1","CLASP2"
"BTK","DOK1","CLASP2"
"BTK","FGG","CLASP2"
"BTK","LEPR","CLASP2"
"BTK","RPS6KA3","CLASP2"
"BTK","BCL3","CLASP2"
"BTK","FZR1","CLASP2"
"BTK","ATR","CLASP2"
"BTK","IKBKE","CLASP2"
"BTK","STAP1","CLASP2"
"BTK","SPRED1","CLASP2"
"BTK","MEK1/2","CLASP2"
"BTK","PTPN7","CLASP2"
"BTK","CALM1","CLASP2"
"BTK","C9orf72","CLASP2"
"BTK","MAP4K1","CLASP2"
"BTK","IKK-complex","CLASP2"
"BTK","SHC1","CLASP2"
"BTK","NTRK1","CLASP2"
"BTK","VCP","CLASP2"
"BTK","TMIGD2","CLASP2"
"BTK","STIP1","CLASP2"
"BTK","CD28","CLASP2"
"BTK","INPP5D","CLASP2"
"BTK","CCNE1","CLASP2"
"BTK","SH2B2","CLASP2"
"BTK","TRPV1","CLASP2"
"BTK","BCL10","CLASP2"
"BTK","KSR1","CLASP2"
"BTK","RAD50","CLASP2"
"BTK","HOXB7","CLASP2"
"BTK","STING1","CLASP2"
"BTK","CTDP1","CLASP2"
"BTK","MAPKAP1","CLASP2"
"BTK","MAPK3","ARRB2"
"BTK","AKT3","ARRB2"
"BTK","CHUK","ARRB2"
"BTK","AKT2","ARRB2"
"BTK","PRKCQ","ARRB2"
"BTK","MTOR","ARRB2"
"BTK","AKT1","ARRB2"
"BTK","PRKG1","ARRB2"
"BTK","CALM2","ARRB2"
"BTK","LCK","ARRB2"
"BTK","ABL1","ARRB2"
"BTK","PRKCB","ARRB2"
"BTK","MAP3K7","ARRB2"
"BTK","AKT","ARRB2"
"BTK","IKBKB","ARRB2"
"BTK","FGG","ARRB2"
"BTK","ITK","ARRB2"
"BTK","RPS6KA3","ARRB2"
"BTK","FZR1","ARRB2"
"BTK","GRB2","ARRB2"
"BTK","SGK3","ARRB2"
"BTK","PTK6","ARRB2"
"BTK","ILK","ARRB2"
"BTK","TBK1","ARRB2"
"BTK","SPRED1","ARRB2"
"BTK","PTPN7","ARRB2"
"BTK","CALM1","ARRB2"
"BTK","FADD","ARRB2"
"BTK","CDKN2A","ARRB2"
"BTK","MAP4K1","ARRB2"
"BTK","DDX41","ARRB2"
"BTK","IKK-complex","ARRB2"
"BTK","RPS6KA4","ARRB2"
"BTK","NTRK1","ARRB2"
"BTK","GPSM3","ARRB2"
"BTK","RELA","ARRB2"
"BTK","EPHA2","ARRB2"
"BTK","MAP3K8","ARRB2"
"BTK","PTPRR","ARRB2"
"BTK","TEC","ARRB2"
"BTK","VCP","ARRB2"
"BTK","PSTPIP1","ARRB2"
"BTK","CRTC2","ARRB2"
"BTK","INPP5D","ARRB2"
"BTK","SET","ARRB2"
"BTK","KSR1","ARRB2"
"BTK","RAD50","ARRB2"
"BTK","GRB14","ARRB2"
"BTK","CTDP1","ARRB2"
"BTK","TELO2","ARRB2"
"BTK","BAZ1B","ARRB2"
"BTK","PLCG2","ARRB2"
"BTK","RBL2","ARRB2"
"BTK","PABIR1","ARRB2"
"BTK","CHUK","CDKN1A"
"BTK","AKT2","CDKN1A"
"BTK","PTEN","CDKN1A"
"BTK","MTOR","CDKN1A"
"BTK","PRKG1","CDKN1A"
"BTK","CSNK2A1","CDKN1A"
"BTK","PRKCB","CDKN1A"
"BTK","PRKCG","CDKN1A"
"BTK","CyclinD/CDK4","CDKN1A"
"BTK","AKT","CDKN1A"
"BTK","IKBKB","CDKN1A"
"BTK","DOK1","CDKN1A"
"BTK","PXN","CDKN1A"
"BTK","LEPR","CDKN1A"
"BTK","BCL3","CDKN1A"
"BTK","CALM3","CDKN1A"
"BTK","DVL1","CDKN1A"
"BTK","ATR","CDKN1A"
"BTK","CCND1","CDKN1A"
"BTK","PKN1","CDKN1A"
"BTK","SPRED1","CDKN1A"
"BTK","CALM1","CDKN1A"
"BTK","SHC1","CDKN1A"
"BTK","NTRK1","CDKN1A"
"BTK","CCR2","CDKN1A"
"BTK","CD28","CDKN1A"
"BTK","IMPDH2","CDKN1A"
"BTK","SH2B2","CDKN1A"
"BTK","PIK3R6","CDKN1A"
"BTK","ROR2","CDKN1A"
"BTK","RAD9A","CDKN1A"
"BTK","LRP6","CDKN1A"
"BTK","STING1","CDKN1A"
"BTK","NFKB1","CDKN1A"
"BTK","MAPKAP1","CDKN1A"
"BTK","BAZ1B","CDKN1A"
"BTK","PPP1R14B","CDKN1A"
"BTK","AKT2","BCL2L1"
"BTK","AKT1","BCL2L1"
"BTK","CCP110","BCL2L1"
"BTK","CALM2","BCL2L1"
"BTK","RPS6KA5","BCL2L1"
"BTK","WNK1","BCL2L1"
"BTK","SGK1","BCL2L1"
"BTK","CyclinD/CDK4","BCL2L1"
"BTK","IKBKB","BCL2L1"
"BTK","DOK1","BCL2L1"
"BTK","LEPR","BCL2L1"
"BTK","ITK","BCL2L1"
"BTK","GRB2","BCL2L1"
"BTK","VCPIP1","BCL2L1"
"BTK","ATR","BCL2L1"
"BTK","SGK3","BCL2L1"
"BTK","IKBKE","BCL2L1"
"BTK","CCND1","BCL2L1"
"BTK","ILK","BCL2L1"
"BTK","FADD","BCL2L1"
"BTK","STK38","BCL2L1"
"BTK","C9orf72","BCL2L1"
"BTK","MAP4K1","BCL2L1"
"BTK","RELA","BCL2L1"
"BTK","PTPRR","BCL2L1"
"BTK","FBLIM1","BCL2L1"
"BTK","PSTPIP1","BCL2L1"
"BTK","INPP5D","BCL2L1"
"BTK","IMPDH2","BCL2L1"
"BTK","PIK3R6","BCL2L1"
"BTK","MRE11","BCL2L1"
"BTK","HDAC2","BCL2L1"
"BTK","KSR1","BCL2L1"
"BTK","MST1R","BCL2L1"
"BTK","ROR2","BCL2L1"
"BTK","ABI1","BCL2L1"
"BTK","RAD50","BCL2L1"
"BTK","TTI1","BCL2L1"
"BTK","WDFY3","BCL2L1"
"BTK","LRP6","BCL2L1"
"BTK","GRB14","BCL2L1"
"BTK","HOXB7","BCL2L1"
"BTK","RND1","BCL2L1"
"BTK","STING1","BCL2L1"
"BTK","SPEN","BCL2L1"
"BTK","NFKB1","BCL2L1"
"BTK","CTDP1","BCL2L1"
"BTK","BLVRA","BCL2L1"
"BTK","MAPKAP1","BCL2L1"
"BTK","GRB7","BCL2L1"
"BTK","PLCG2","BCL2L1"
"BTK","PABIR1","BCL2L1"
"BTK","PTEN","GRIN2C"
"BTK","MTOR","GRIN2C"
"BTK","RPS6K","GRIN2C"
"BTK","RPS6KA5","GRIN2C"
"BTK","PDPK1","GRIN2C"
"BTK","SGK1","GRIN2C"
"BTK","MAP2K1","GRIN2C"
"BTK","PRKCG","GRIN2C"
"BTK","PRKCZ","GRIN2C"
"BTK","CyclinD/CDK4","GRIN2C"
"BTK","IKBKB","GRIN2C"
"BTK","WWTR1","GRIN2C"
"BTK","DAPK1","GRIN2C"
"BTK","LEPR","GRIN2C"
"BTK","ITK","GRIN2C"
"BTK","BCL3","GRIN2C"
"BTK","DVL1","GRIN2C"
"BTK","FZR1","GRIN2C"
"BTK","GRB2","GRIN2C"
"BTK","ATR","GRIN2C"
"BTK","IKBKE","GRIN2C"
"BTK","CCND1","GRIN2C"
"BTK","STAP1","GRIN2C"
"BTK","TBK1","GRIN2C"
"BTK","PTPN7","GRIN2C"
"BTK","FADD","GRIN2C"
"BTK","C9orf72","GRIN2C"
"BTK","RET","GRIN2C"
"BTK","DDX41","GRIN2C"
"BTK","RPS6KA4","GRIN2C"
"BTK","RELA","GRIN2C"
"BTK","MAP3K8","GRIN2C"
"BTK","CDKN1B","GRIN2C"
"BTK","VCP","GRIN2C"
"BTK","GRIP1","GRIN2C"
"BTK","TMIGD2","GRIN2C"
"BTK","CCR2","GRIN2C"
"BTK","STIP1","GRIN2C"
"BTK","TRAF3","GRIN2C"
"BTK","INPP5D","GRIN2C"
"BTK","FRS2","GRIN2C"
"BTK","CCNE1","GRIN2C"
"BTK","IMPDH2","GRIN2C"
"BTK","SET","GRIN2C"
"BTK","PIK3CG","GRIN2C"
"BTK","SH2B2","GRIN2C"
"BTK","TRPV1","GRIN2C"
"BTK","PPP1R14A","GRIN2C"
"BTK","PIK3R6","GRIN2C"
"BTK","MRE11","GRIN2C"
"BTK","TTI1","GRIN2C"
"BTK","WDFY3","GRIN2C"
"BTK","GRB14","GRIN2C"
"BTK","PIK3C3","GRIN2C"
"BTK","RND1","GRIN2C"
"BTK","STING1","GRIN2C"
"BTK","NFKB1","GRIN2C"
"BTK","CTDP1","GRIN2C"
"BTK","MAPKAP1","GRIN2C"
"BTK","RBL2","GRIN2C"
"BTK","PABIR1","GRIN2C"
"BTK","AKT3","TRAF3"
"BTK","PRKCQ","TRAF3"
"BTK","AKT1","TRAF3"
"BTK","PRKG1","TRAF3"
"BTK","RPS6K","TRAF3"
"BTK","ERK1/2","TRAF3"
"BTK","LCK","TRAF3"
"BTK","ABL1","TRAF3"
"BTK","WNK1","TRAF3"
"BTK","MAP2K1","TRAF3"
"BTK","CyclinD/CDK4","TRAF3"
"BTK","MAP3K1","TRAF3"
"BTK","MAP3K7","TRAF3"
"BTK","AKT","TRAF3"
"BTK","IKBKB","TRAF3"
"BTK","DOK1","TRAF3"
"BTK","DAPK1","TRAF3"
"BTK","FGG","TRAF3"
"BTK","LEPR","TRAF3"
"BTK","ITK","TRAF3"
"BTK","RPS6KA3","TRAF3"
"BTK","FZR1","TRAF3"
"BTK","GRB2","TRAF3"
"BTK","ATR","TRAF3"
"BTK","ILK","TRAF3"
"BTK","SPRED1","TRAF3"
"BTK","MEK1/2","TRAF3"
"BTK","STK38","TRAF3"
"BTK","C9orf72","TRAF3"
"BTK","MAP4K1","TRAF3"
"BTK","IKK-complex","TRAF3"
"BTK","RPS6KA4","TRAF3"
"BTK","NTRK1","TRAF3"
"BTK","GPSM3","TRAF3"
"BTK","RELA","TRAF3"
"BTK","MAPKAPK5","TRAF3"
"BTK","EPHA2","TRAF3"
"BTK","MAP3K8","TRAF3"
"BTK","PTPRR","TRAF3"
"BTK","GRIP1","TRAF3"
"BTK","TMIGD2","TRAF3"
"BTK","CCR2","TRAF3"
"BTK","ARRB2","TRAF3"
"BTK","CD28","TRAF3"
"BTK","INPP5D","TRAF3"
"BTK","CCNE1","TRAF3"
"BTK","SH2B2","TRAF3"
"BTK","BCL10","TRAF3"
"BTK","PIK3R6","TRAF3"
"BTK","MRE11","TRAF3"
"BTK","HDAC2","TRAF3"
"BTK","KSR1","TRAF3"
"BTK","MST1R","TRAF3"
"BTK","ROR2","TRAF3"
"BTK","IFIH1","TRAF3"
"BTK","PIK3C3","TRAF3"
"BTK","NFKB1","TRAF3"
"BTK","CTDP1","TRAF3"
"BTK","TELO2","TRAF3"
"BTK","BLVRA","TRAF3"
"BTK","MAPKAP1","TRAF3"
"BTK","GRB7","TRAF3"
"BTK","PLCG2","TRAF3"
"BTK","RBL2","TRAF3"
"BTK","PPP1R14B","TRAF3"
"BTK","PABIR1","TRAF3"
"BTK","AKT2","CRTC2"
"BTK","AKT1","CRTC2"
"BTK","PRKG1","CRTC2"
"BTK","RPS6K","CRTC2"
"BTK","LCK","CRTC2"
"BTK","ABL1","CRTC2"
"BTK","WNK1","CRTC2"
"BTK","SGK1","CRTC2"
"BTK","MAP2K1","CRTC2"
"BTK","PRKCB","CRTC2"
"BTK","PRKCG","CRTC2"
"BTK","PRKCZ","CRTC2"
"BTK","DOK1","CRTC2"
"BTK","FGG","CRTC2"
"BTK","RPS6KA3","CRTC2"
"BTK","DVL1","CRTC2"
"BTK","GRB2","CRTC2"
"BTK","VCPIP1","CRTC2"
"BTK","ATR","CRTC2"
"BTK","SGK3","CRTC2"
"BTK","ILK","CRTC2"
"BTK","STAP1","CRTC2"
"BTK","TBK1","CRTC2"
"BTK","MEK1/2","CRTC2"
"BTK","TLK1","CRTC2"
"BTK","CDKN2A","CRTC2"
"BTK","SHC1","CRTC2"
"BTK","RPS6KA4","CRTC2"
"BTK","RELA","CRTC2"
"BTK","MAPKAPK5","CRTC2"
"BTK","EPHA2","CRTC2"
"BTK","MAP3K8","CRTC2"
"BTK","PTPRR","CRTC2"
"BTK","CDKN1B","CRTC2"
"BTK","FBLIM1","CRTC2"
"BTK","VCP","CRTC2"
"BTK","GRIP1","CRTC2"
"BTK","TMIGD2","CRTC2"
"BTK","CCR2","CRTC2"
"BTK","ARRB2","CRTC2"
"BTK","CD28","CRTC2"
"BTK","INPP5D","CRTC2"
"BTK","FRS2","CRTC2"
"BTK","CCNE1","CRTC2"
"BTK","IMPDH2","CRTC2"
"BTK","PIK3CG","CRTC2"
"BTK","SH2B2","CRTC2"
"BTK","BCL10","CRTC2"
"BTK","PIK3R6","CRTC2"
"BTK","DDX58","CRTC2"
"BTK","ROR2","CRTC2"
"BTK","ABI1","CRTC2"
"BTK","RAD50","CRTC2"
"BTK","TTI1","CRTC2"
"BTK","LRP6","CRTC2"
"BTK","GRB14","CRTC2"
"BTK","HOXB7","CRTC2"
"BTK","RND1","CRTC2"
"BTK","CTDP1","CRTC2"
"BTK","TELO2","CRTC2"
"BTK","BLVRA","CRTC2"
"BTK","MAPKAP1","CRTC2"
"BTK","RBL2","CRTC2"
"BTK","PABIR1","CRTC2"
"BTK","PTEN","IL2RB"
"BTK","PRKCQ","IL2RB"
"BTK","AKT1","IL2RB"
"BTK","CCP110","IL2RB"
"BTK","CALM2","IL2RB"
"BTK","ERK1/2","IL2RB"
"BTK","Gbeta","IL2RB"
"BTK","CDK9","IL2RB"
"BTK","RPS6KA5","IL2RB"
"BTK","SGK1","IL2RB"
"BTK","MAP2K1","IL2RB"
"BTK","PRKCB","IL2RB"
"BTK","MAP3K1","IL2RB"
"BTK","MAP3K7","IL2RB"
"BTK","IKBKB","IL2RB"
"BTK","WWTR1","IL2RB"
"BTK","DOK1","IL2RB"
"BTK","MAP3K4","IL2RB"
"BTK","PXN","IL2RB"
"BTK","FGG","IL2RB"
"BTK","DVL1","IL2RB"
"BTK","FZR1","IL2RB"
"BTK","VCPIP1","IL2RB"
"BTK","PTK6","IL2RB"
"BTK","IKBKE","IL2RB"
"BTK","TBK1","IL2RB"
"BTK","SPRED1","IL2RB"
"BTK","MEK1/2","IL2RB"
"BTK","PTPN7","IL2RB"
"BTK","CALM1","IL2RB"
"BTK","STK38","IL2RB"
"BTK","TLK1","IL2RB"
"BTK","MAP4K1","IL2RB"
"BTK","DDX41","IL2RB"
"BTK","IKK-complex","IL2RB"
"BTK","SHC1","IL2RB"
"BTK","RPS6KA4","IL2RB"
"BTK","NTRK1","IL2RB"
"BTK","GPSM3","IL2RB"
"BTK","RELA","IL2RB"
"BTK","MAPKAPK5","IL2RB"
"BTK","EPHA2","IL2RB"
"BTK","MAP3K8","IL2RB"
"BTK","PTPRR","IL2RB"
"BTK","CDKN1B","IL2RB"
"BTK","TEC","IL2RB"
"BTK","VCP","IL2RB"
"BTK","TMIGD2","IL2RB"
"BTK","CCR2","IL2RB"
"BTK","CRTC2","IL2RB"
"BTK","CD28","IL2RB"
"BTK","INPP5D","IL2RB"
"BTK","FRS2","IL2RB"
"BTK","CCNE1","IL2RB"
"BTK","IMPDH2","IL2RB"
"BTK","SET","IL2RB"
"BTK","SH2B2","IL2RB"
"BTK","TRPV1","IL2RB"
"BTK","PIK3R6","IL2RB"
"BTK","MRE11","IL2RB"
"BTK","UBXN2B","IL2RB"
"BTK","TTI1","IL2RB"
"BTK","WDFY3","IL2RB"
"BTK","GRB14","IL2RB"
"BTK","HOXB7","IL2RB"
"BTK","PIK3C3","IL2RB"
"BTK","STING1","IL2RB"
"BTK","SPEN","IL2RB"
"BTK","NFKB1","IL2RB"
"BTK","TELO2","IL2RB"
"BTK","CLSPN","IL2RB"
"BTK","MAPKAP1","IL2RB"
"BTK","PLCG2","IL2RB"
"BTK","PABIR1","IL2RB"
"BTK","MAPK3","PKN3"
"BTK","CHUK","PKN3"
"BTK","AKT2","PKN3"
"BTK","PTEN","PKN3"
"BTK","PRKCQ","PKN3"
"BTK","MTOR","PKN3"
"BTK","AKT1","PKN3"
"BTK","PRKG1","PKN3"
"BTK","RPS6K","PKN3"
"BTK","ERK1/2","PKN3"
"BTK","Gbeta","PKN3"
"BTK","ABL1","PKN3"
"BTK","WNK1","PKN3"
"BTK","MAP2K1","PKN3"
"BTK","PRKCZ","PKN3"
"BTK","MAP3K7","PKN3"
"BTK","AKT","PKN3"
"BTK","IKBKB","PKN3"
"BTK","WWTR1","PKN3"
"BTK","DOK1","PKN3"
"BTK","MAP3K4","PKN3"
"BTK","DAPK1","PKN3"
"BTK","PXN","PKN3"
"BTK","FGG","PKN3"
"BTK","ITK","PKN3"
"BTK","BCL3","PKN3"
"BTK","ATR","PKN3"
"BTK","SGK3","PKN3"
"BTK","IKBKE","PKN3"
"BTK","CCND1","PKN3"
"BTK","ILK","PKN3"
"BTK","MEK1/2","PKN3"
"BTK","FADD","PKN3"
"BTK","STK38","PKN3"
"BTK","TLK1","PKN3"
"BTK","C9orf72","PKN3"
"BTK","CDKN2A","PKN3"
"BTK","RET","PKN3"
"BTK","MAP3K8","PKN3"
"BTK","PTPRR","PKN3"
"BTK","CDKN1B","PKN3"
"BTK","FBLIM1","PKN3"
"BTK","TEC","PKN3"
"BTK","VCP","PKN3"
"BTK","PSTPIP1","PKN3"
"BTK","ARRB2","PKN3"
"BTK","FRS2","PKN3"
"BTK","CCNE1","PKN3"
"BTK","SET","PKN3"
"BTK","SH2B2","PKN3"
"BTK","UBXN2B","PKN3"
"BTK","IFIH1","PKN3"
"BTK","RAD50","PKN3"
"BTK","TTI1","PKN3"
"BTK","WDFY3","PKN3"
"BTK","LRP6","PKN3"
"BTK","GRB14","PKN3"
"BTK","PIK3C3","PKN3"
"BTK","RND1","PKN3"
"BTK","SPEN","PKN3"
"BTK","NFKB1","PKN3"
"BTK","CTDP1","PKN3"
"BTK","TELO2","PKN3"
"BTK","CLSPN","PKN3"
"BTK","MAPKAP1","PKN3"
"BTK","GRB7","PKN3"
"BTK","BAZ1B","PKN3"
"BTK","RBL2","PKN3"
"BTK","PPP1R14B","PKN3"
"BTK","MAPK3","LRRK1"
"BTK","CCP110","LRRK1"
"BTK","RPS6K","LRRK1"
"BTK","CALM2","LRRK1"
"BTK","Gbeta","LRRK1"
"BTK","LCK","LRRK1"
"BTK","CDK9","LRRK1"
"BTK","RPS6KA5","LRRK1"
"BTK","WNK1","LRRK1"
"BTK","SGK1","LRRK1"
"BTK","PRKCB","LRRK1"
"BTK","MAP3K1","LRRK1"
"BTK","AKT","LRRK1"
"BTK","WWTR1","LRRK1"
"BTK","PXN","LRRK1"
"BTK","FGG","LRRK1"
"BTK","LEPR","LRRK1"
"BTK","BCL3","LRRK1"
"BTK","FZR1","LRRK1"
"BTK","VCPIP1","LRRK1"
"BTK","SGK3","LRRK1"
"BTK","IKBKE","LRRK1"
"BTK","STAP1","LRRK1"
"BTK","PTPN7","LRRK1"
"BTK","CALM1","LRRK1"
"BTK","FADD","LRRK1"
"BTK","TLK1","LRRK1"
"BTK","C9orf72","LRRK1"
"BTK","CDKN2A","LRRK1"
"BTK","RET","LRRK1"
"BTK","RPS6KA4","LRRK1"
"BTK","RELA","LRRK1"
"BTK","EPHA2","LRRK1"
"BTK","MAP3K8","LRRK1"
"BTK","FBLIM1","LRRK1"
"BTK","VCP","LRRK1"
"BTK","GRIP1","LRRK1"
"BTK","CCR2","LRRK1"
"BTK","PSTPIP1","LRRK1"
"BTK","TRAF3","LRRK1"
"BTK","CRTC2","LRRK1"
"BTK","FRS2","LRRK1"
"BTK","CCNE1","LRRK1"
"BTK","SH2B2","LRRK1"
"BTK","BCL10","LRRK1"
"BTK","PIK3R6","LRRK1"
"BTK","HDAC2","LRRK1"
"BTK","KSR1","LRRK1"
"BTK","DDX58","LRRK1"
"BTK","UBXN2B","LRRK1"
"BTK","ROR2","LRRK1"
"BTK","RAD50","LRRK1"
"BTK","TTI1","LRRK1"
"BTK","WDFY3","LRRK1"
"BTK","HOXB7","LRRK1"
"BTK","PIK3C3","LRRK1"
"BTK","RND1","LRRK1"
"BTK","NFKB1","LRRK1"
"BTK","CTDP1","LRRK1"
"BTK","TELO2","LRRK1"
"BTK","BLVRA","LRRK1"
"BTK","GRB7","LRRK1"
"BTK","RBL2","LRRK1"
"BTK","PPP1R14B","LRRK1"
"BTK","PABIR1","LRRK1"
"BTK","AKT3","PSEN1"
"BTK","MTOR","PSEN1"
"BTK","PRKG1","PSEN1"
"BTK","RPS6K","PSEN1"
"BTK","CALM2","PSEN1"
"BTK","ERK1/2","PSEN1"
"BTK","LCK","PSEN1"
"BTK","WNK1","PSEN1"
"BTK","PRKCG","PSEN1"
"BTK","PRKCZ","PSEN1"
"BTK","CyclinD/CDK4","PSEN1"
"BTK","MAP3K7","PSEN1"
"BTK","AKT","PSEN1"
"BTK","IKBKB","PSEN1"
"BTK","LEPR","PSEN1"
"BTK","DVL1","PSEN1"
"BTK","IKBKE","PSEN1"
"BTK","STAP1","PSEN1"
"BTK","SPRED1","PSEN1"
"BTK","CALM1","PSEN1"
"BTK","FADD","PSEN1"
"BTK","RET","PSEN1"
"BTK","IKK-complex","PSEN1"
"BTK","RPS6KA4","PSEN1"
"BTK","NTRK1","PSEN1"
"BTK","EPHA2","PSEN1"
"BTK","MAP3K8","PSEN1"
"BTK","VCP","PSEN1"
"BTK","TMIGD2","PSEN1"
"BTK","CCR2","PSEN1"
"BTK","CRTC2","PSEN1"
"BTK","CCNE1","PSEN1"
"BTK","SET","PSEN1"
"BTK","SH2B2","PSEN1"
"BTK","TRPV1","PSEN1"
"BTK","PPP1R14A","PSEN1"
"BTK","BCL10","PSEN1"
"BTK","MRE11","PSEN1"
"BTK","DDX58","PSEN1"
"BTK","ROR2","PSEN1"
"BTK","TTI1","PSEN1"
"BTK","GRB14","PSEN1"
"BTK","HOXB7","PSEN1"
"BTK","PIK3C3","PSEN1"
"BTK","STING1","PSEN1"
"BTK","CTDP1","PSEN1"
"BTK","BLVRA","PSEN1"
"BTK","GRB7","PSEN1"
"BTK","PLCG2","PSEN1"
"BTK","RBL2","PSEN1"
"BTK","PPP1R14B","PSEN1"
"BTK","MAPK3","SRC_kinase_family"
"BTK","CHUK","SRC_kinase_family"
"BTK","MTOR","SRC_kinase_family"
"BTK","AKT1","SRC_kinase_family"
"BTK","PRKG1","SRC_kinase_family"
"BTK","CCP110","SRC_kinase_family"
"BTK","RPS6KA5","SRC_kinase_family"
"BTK","SGK1","SRC_kinase_family"
"BTK","WWTR1","SRC_kinase_family"
"BTK","BCL3","SRC_kinase_family"
"BTK","DVL1","SRC_kinase_family"
"BTK","GRB2","SRC_kinase_family"
"BTK","VCPIP1","SRC_kinase_family"
"BTK","ATR","SRC_kinase_family"
"BTK","SGK3","SRC_kinase_family"
"BTK","PTK6","SRC_kinase_family"
"BTK","IKBKE","SRC_kinase_family"
"BTK","TBK1","SRC_kinase_family"
"BTK","SPRED1","SRC_kinase_family"
"BTK","MEK1/2","SRC_kinase_family"
"BTK","PTPN7","SRC_kinase_family"
"BTK","CALM1","SRC_kinase_family"
"BTK","TLK1","SRC_kinase_family"
"BTK","C9orf72","SRC_kinase_family"
"BTK","CDKN2A","SRC_kinase_family"
"BTK","RET","SRC_kinase_family"
"BTK","RPS6KA4","SRC_kinase_family"
"BTK","NTRK1","SRC_kinase_family"
"BTK","GPSM3","SRC_kinase_family"
"BTK","EPHA2","SRC_kinase_family"
"BTK","MAP3K8","SRC_kinase_family"
"BTK","PTPRR","SRC_kinase_family"
"BTK","CDKN1B","SRC_kinase_family"
"BTK","FBLIM1","SRC_kinase_family"
"BTK","TMIGD2","SRC_kinase_family"
"BTK","CCR2","SRC_kinase_family"
"BTK","TRAF3","SRC_kinase_family"
"BTK","CRTC2","SRC_kinase_family"
"BTK","CD28","SRC_kinase_family"
"BTK","FRS2","SRC_kinase_family"
"BTK","CCNE1","SRC_kinase_family"
"BTK","IMPDH2","SRC_kinase_family"
"BTK","PIK3CG","SRC_kinase_family"
"BTK","SH2B2","SRC_kinase_family"
"BTK","PIK3R6","SRC_kinase_family"
"BTK","MRE11","SRC_kinase_family"
"BTK","HDAC2","SRC_kinase_family"
"BTK","KSR1","SRC_kinase_family"
"BTK","DDX58","SRC_kinase_family"
"BTK","ROR2","SRC_kinase_family"
"BTK","ABI1","SRC_kinase_family"
"BTK","RAD50","SRC_kinase_family"
"BTK","TTI1","SRC_kinase_family"
"BTK","LRP6","SRC_kinase_family"
"BTK","HOXB7","SRC_kinase_family"
"BTK","SPEN","SRC_kinase_family"
"BTK","TELO2","SRC_kinase_family"
"BTK","BLVRA","SRC_kinase_family"
"BTK","CLSPN","SRC_kinase_family"
"BTK","MAPKAP1","SRC_kinase_family"
"BTK","GRB7","SRC_kinase_family"
"BTK","PPP1R14B","SRC_kinase_family"
"BTK","MAPK3","CD28"
"BTK","AKT3","CD28"
"BTK","CHUK","CD28"
"BTK","AKT2","CD28"
"BTK","PRKCQ","CD28"
"BTK","MTOR","CD28"
"BTK","AKT1","CD28"
"BTK","ERK1/2","CD28"
"BTK","CDK9","CD28"
"BTK","RPS6KA5","CD28"
"BTK","WNK1","CD28"
"BTK","PDPK1","CD28"
"BTK","SGK1","CD28"
"BTK","MAP2K1","CD28"
"BTK","PRKCG","CD28"
"BTK","PRKCZ","CD28"
"BTK","CyclinD/CDK4","CD28"
"BTK","MAP3K7","CD28"
"BTK","MAP3K4","CD28"
"BTK","DAPK1","CD28"
"BTK","FGG","CD28"
"BTK","LEPR","CD28"
"BTK","DVL1","CD28"
"BTK","FZR1","CD28"
"BTK","GRB2","CD28"
"BTK","VCPIP1","CD28"
"BTK","CCND1","CD28"
"BTK","ILK","CD28"
"BTK","STAP1","CD28"
"BTK","SPRED1","CD28"
"BTK","PTPN7","CD28"
"BTK","CALM1","CD28"
"BTK","FADD","CD28"
"BTK","STK38","CD28"
"BTK","TLK1","CD28"
"BTK","C9orf72","CD28"
"BTK","CDKN2A","CD28"
"BTK","NTRK1","CD28"
"BTK","GPSM3","CD28"
"BTK","PTPRR","CD28"
"BTK","TMIGD2","CD28"
"BTK","CCR2","CD28"
"BTK","STIP1","CD28"
"BTK","CRTC2","CD28"
"BTK","FRS2","CD28"
"BTK","CCNE1","CD28"
"BTK","IMPDH2","CD28"
"BTK","PIK3CG","CD28"
"BTK","BCL10","CD28"
"BTK","UBXN2B","CD28"
"BTK","ROR2","CD28"
"BTK","TTI1","CD28"
"BTK","LRP6","CD28"
"BTK","GRB14","CD28"
"BTK","HOXB7","CD28"
"BTK","PIK3C3","CD28"
"BTK","RND1","CD28"
"BTK","STING1","CD28"
"BTK","CLSPN","CD28"
"BTK","MAPKAP1","CD28"
"BTK","GRB7","CD28"
"BTK","RBL2","CD28"
"BTK","PPP1R14B","CD28"
"BTK","MAPK3","NCOA3"
"BTK","PTEN","NCOA3"
"BTK","PRKG1","NCOA3"
"BTK","CCP110","NCOA3"
"BTK","RPS6K","NCOA3"
"BTK","CALM2","NCOA3"
"BTK","ERK1/2","NCOA3"
"BTK","Gbeta","NCOA3"
"BTK","LCK","NCOA3"
"BTK","CDK9","NCOA3"
"BTK","ABL1","NCOA3"
"BTK","PDPK1","NCOA3"
"BTK","MAP2K1","NCOA3"
"BTK","PRKCG","NCOA3"
"BTK","PRKCZ","NCOA3"
"BTK","MAP3K1","NCOA3"
"BTK","MAP3K7","NCOA3"
"BTK","IKBKB","NCOA3"
"BTK","WWTR1","NCOA3"
"BTK","FGG","NCOA3"
"BTK","LEPR","NCOA3"
"BTK","ITK","NCOA3"
"BTK","RPS6KA3","NCOA3"
"BTK","BCL3","NCOA3"
"BTK","DVL1","NCOA3"
"BTK","FZR1","NCOA3"
"BTK","GRB2","NCOA3"
"BTK","VCPIP1","NCOA3"
"BTK","ATR","NCOA3"
"BTK","PTK6","NCOA3"
"BTK","IKBKE","NCOA3"
"BTK","STAP1","NCOA3"
"BTK","FADD","NCOA3"
"BTK","STK38","NCOA3"
"BTK","TLK1","NCOA3"
"BTK","CDKN2A","NCOA3"
"BTK","MAP4K1","NCOA3"
"BTK","DDX41","NCOA3"
"BTK","IKK-complex","NCOA3"
"BTK","RPS6KA4","NCOA3"
"BTK","NTRK1","NCOA3"
"BTK","GPSM3","NCOA3"
"BTK","RELA","NCOA3"
"BTK","PTPRR","NCOA3"
"BTK","VCP","NCOA3"
"BTK","TMIGD2","NCOA3"
"BTK","STIP1","NCOA3"
"BTK","CRTC2","NCOA3"
"BTK","FRS2","NCOA3"
"BTK","CCNE1","NCOA3"
"BTK","IMPDH2","NCOA3"
"BTK","PIK3CG","NCOA3"
"BTK","TRPV1","NCOA3"
"BTK","PPP1R14A","NCOA3"
"BTK","BCL10","NCOA3"
"BTK","PIK3R6","NCOA3"
"BTK","HDAC2","NCOA3"
"BTK","UBXN2B","NCOA3"
"BTK","ABI1","NCOA3"
"BTK","RAD50","NCOA3"
"BTK","TTI1","NCOA3"
"BTK","WDFY3","NCOA3"
"BTK","LRP6","NCOA3"
"BTK","GRB14","NCOA3"
"BTK","PIK3C3","NCOA3"
"BTK","RND1","NCOA3"
"BTK","STING1","NCOA3"
"BTK","SPEN","NCOA3"
"BTK","NFKB1","NCOA3"
"BTK","CTDP1","NCOA3"
"BTK","TELO2","NCOA3"
"BTK","BLVRA","NCOA3"
"BTK","CLSPN","NCOA3"
"BTK","MAPKAP1","NCOA3"
"BTK","BAZ1B","NCOA3"
"BTK","CHUK","BRCA2"
"BTK","AKT2","BRCA2"
"BTK","PTEN","BRCA2"
"BTK","PRKCQ","BRCA2"
"BTK","AKT1","BRCA2"
"BTK","PRKG1","BRCA2"
"BTK","RPS6K","BRCA2"
"BTK","Gbeta","BRCA2"
"BTK","CDK9","BRCA2"
"BTK","ABL1","BRCA2"
"BTK","RPS6KA5","BRCA2"
"BTK","WNK1","BRCA2"
"BTK","SGK1","BRCA2"
"BTK","PRKCG","BRCA2"
"BTK","MAP3K7","BRCA2"
"BTK","AKT","BRCA2"
"BTK","WWTR1","BRCA2"
"BTK","DOK1","BRCA2"
"BTK","MAP3K4","BRCA2"
"BTK","FGG","BRCA2"
"BTK","ITK","BRCA2"
"BTK","BCL3","BRCA2"
"BTK","DVL1","BRCA2"
"BTK","FZR1","BRCA2"
"BTK","ATR","BRCA2"
"BTK","PTK6","BRCA2"
"BTK","IKBKE","BRCA2"
"BTK","STAP1","BRCA2"
"BTK","SPRED1","BRCA2"
"BTK","PTPN7","BRCA2"
"BTK","CALM1","BRCA2"
"BTK","STK38","BRCA2"
"BTK","CDKN2A","BRCA2"
"BTK","RET","BRCA2"
"BTK","DDX41","BRCA2"
"BTK","IKK-complex","BRCA2"
"BTK","SHC1","BRCA2"
"BTK","RPS6KA4","BRCA2"
"BTK","NTRK1","BRCA2"
"BTK","GPSM3","BRCA2"
"BTK","RELA","BRCA2"
"BTK","EPHA2","BRCA2"
"BTK","MAP3K8","BRCA2"
"BTK","PTPRR","BRCA2"
"BTK","CDKN1B","BRCA2"
"BTK","FBLIM1","BRCA2"
"BTK","CCR2","BRCA2"
"BTK","TRAF3","BRCA2"
"BTK","CD28","BRCA2"
"BTK","CCNE1","BRCA2"
"BTK","IMPDH2","BRCA2"
"BTK","SET","BRCA2"
"BTK","PIK3CG","BRCA2"
"BTK","MRE11","BRCA2"
"BTK","HDAC2","BRCA2"
"BTK","MST1R","BRCA2"
"BTK","ABI1","BRCA2"
"BTK","RAD50","BRCA2"
"BTK","PIK3C3","BRCA2"
"BTK","RND1","BRCA2"
"BTK","SPEN","BRCA2"
"BTK","CLSPN","BRCA2"
"BTK","RBL2","BRCA2"
"BTK","PABIR1","BRCA2"
"BTK","AKT3","GATA2"
"BTK","PTEN","GATA2"
"BTK","PRKCQ","GATA2"
"BTK","RPS6K","GATA2"
"BTK","ERK1/2","GATA2"
"BTK","Gbeta","GATA2"
"BTK","CDK9","GATA2"
"BTK","ABL1","GATA2"
"BTK","PRKCZ","GATA2"
"BTK","CyclinD/CDK4","GATA2"
"BTK","MAP3K7","GATA2"
"BTK","IKBKB","GATA2"
"BTK","ITK","GATA2"
"BTK","FZR1","GATA2"
"BTK","VCPIP1","GATA2"
"BTK","STAP1","GATA2"
"BTK","TLK1","GATA2"
"BTK","MAP4K1","GATA2"
"BTK","NTRK1","GATA2"
"BTK","GPSM3","GATA2"
"BTK","MAPKAPK5","GATA2"
"BTK","EPHA2","GATA2"
"BTK","MAP3K8","GATA2"
"BTK","CDKN1B","GATA2"
"BTK","CCR2","GATA2"
"BTK","STIP1","GATA2"
"BTK","PSTPIP1","GATA2"
"BTK","TRAF3","GATA2"
"BTK","CD28","GATA2"
"BTK","FRS2","GATA2"
"BTK","CCNE1","GATA2"
"BTK","SH2B2","GATA2"
"BTK","PPP1R14A","GATA2"
"BTK","HDAC2","GATA2"
"BTK","KSR1","GATA2"
"BTK","DDX58","GATA2"
"BTK","UBXN2B","GATA2"
"BTK","MST1R","GATA2"
"BTK","ABI1","GATA2"
"BTK","IFIH1","GATA2"
"BTK","RAD50","GATA2"
"BTK","WDFY3","GATA2"
"BTK","LRP6","GATA2"
"BTK","GRB14","GATA2"
"BTK","HOXB7","GATA2"
"BTK","PIK3C3","GATA2"
"BTK","RND1","GATA2"
"BTK","SPEN","GATA2"
"BTK","NFKB1","GATA2"
"BTK","CTDP1","GATA2"
"BTK","CLSPN","GATA2"
"BTK","GRB7","GATA2"
"BTK","RBL2","GATA2"
"BTK","PPP1R14B","GATA2"
"BTK","PABIR1","GATA2"
"BTK","MAPK3","YWHAQ"
"BTK","AKT3","YWHAQ"
"BTK","PRKCQ","YWHAQ"
"BTK","MTOR","YWHAQ"
"BTK","PRKG1","YWHAQ"
"BTK","ERK1/2","YWHAQ"
"BTK","Gbeta","YWHAQ"
"BTK","LCK","YWHAQ"
"BTK","RPS6KA5","YWHAQ"
"BTK","WNK1","YWHAQ"
"BTK","PDPK1","YWHAQ"
"BTK","MAP2K1","YWHAQ"
"BTK","PRKCB","YWHAQ"
"BTK","PRKCG","YWHAQ"
"BTK","CyclinD/CDK4","YWHAQ"
"BTK","MAP3K1","YWHAQ"
"BTK","MAP3K7","YWHAQ"
"BTK","AKT","YWHAQ"
"BTK","WWTR1","YWHAQ"
"BTK","MAP3K4","YWHAQ"
"BTK","DAPK1","YWHAQ"
"BTK","PXN","YWHAQ"
"BTK","LEPR","YWHAQ"
"BTK","ITK","YWHAQ"
"BTK","BCL3","YWHAQ"
"BTK","DVL1","YWHAQ"
"BTK","FZR1","YWHAQ"
"BTK","VCPIP1","YWHAQ"
"BTK","ATR","YWHAQ"
"BTK","SGK3","YWHAQ"
"BTK","PTK6","YWHAQ"
"BTK","IKBKE","YWHAQ"
"BTK","ILK","YWHAQ"
"BTK","STAP1","YWHAQ"
"BTK","TBK1","YWHAQ"
"BTK","MEK1/2","YWHAQ"
"BTK","PTPN7","YWHAQ"
"BTK","CALM1","YWHAQ"
"BTK","FADD","YWHAQ"
"BTK","STK38","YWHAQ"
"BTK","TLK1","YWHAQ"
"BTK","C9orf72","YWHAQ"
"BTK","CDKN2A","YWHAQ"
"BTK","DDX41","YWHAQ"
"BTK","SHC1","YWHAQ"
"BTK","RPS6KA4","YWHAQ"
"BTK","NTRK1","YWHAQ"
"BTK","RELA","YWHAQ"
"BTK","EPHA2","YWHAQ"
"BTK","MAP3K8","YWHAQ"
"BTK","PTPRR","YWHAQ"
"BTK","FBLIM1","YWHAQ"
"BTK","TEC","YWHAQ"
"BTK","VCP","YWHAQ"
"BTK","GRIP1","YWHAQ"
"BTK","CCR2","YWHAQ"
"BTK","STIP1","YWHAQ"
"BTK","PSTPIP1","YWHAQ"
"BTK","TRAF3","YWHAQ"
"BTK","CD28","YWHAQ"
"BTK","FRS2","YWHAQ"
"BTK","CCNE1","YWHAQ"
"BTK","IMPDH2","YWHAQ"
"BTK","SET","YWHAQ"
"BTK","PIK3R6","YWHAQ"
"BTK","HDAC2","YWHAQ"
"BTK","KSR1","YWHAQ"
"BTK","DDX58","YWHAQ"
"BTK","UBXN2B","YWHAQ"
"BTK","MST1R","YWHAQ"
"BTK","ROR2","YWHAQ"
"BTK","TTI1","YWHAQ"
"BTK","WDFY3","YWHAQ"
"BTK","GRB14","YWHAQ"
"BTK","HOXB7","YWHAQ"
"BTK","PIK3C3","YWHAQ"
"BTK","RND1","YWHAQ"
"BTK","NFKB1","YWHAQ"
"BTK","CTDP1","YWHAQ"
"BTK","MAPKAP1","YWHAQ"
"BTK","BAZ1B","YWHAQ"
"BTK","RBL2","YWHAQ"
"BTK","PPP1R14B","YWHAQ"
"BTK","PABIR1","YWHAQ"
"BTK","MAPK3","MAPKAPK3"
"BTK","AKT3","MAPKAPK3"
"BTK","CHUK","MAPKAPK3"
"BTK","AKT2","MAPKAPK3"
"BTK","PRKCQ","MAPKAPK3"
"BTK","MTOR","MAPKAPK3"
"BTK","AKT1","MAPKAPK3"
"BTK","PRKG1","MAPKAPK3"
"BTK","RPS6K","MAPKAPK3"
"BTK","CALM2","MAPKAPK3"
"BTK","LCK","MAPKAPK3"
"BTK","CDK9","MAPKAPK3"
"BTK","ABL1","MAPKAPK3"
"BTK","WNK1","MAPKAPK3"
"BTK","PDPK1","MAPKAPK3"
"BTK","SGK1","MAPKAPK3"
"BTK","MAP2K1","MAPKAPK3"
"BTK","PRKCG","MAPKAPK3"
"BTK","MAP3K7","MAPKAPK3"
"BTK","IKBKB","MAPKAPK3"
"BTK","WWTR1","MAPKAPK3"
"BTK","DOK1","MAPKAPK3"
"BTK","PXN","MAPKAPK3"
"BTK","ITK","MAPKAPK3"
"BTK","RPS6KA3","MAPKAPK3"
"BTK","BCL3","MAPKAPK3"
"BTK","DVL1","MAPKAPK3"
"BTK","FZR1","MAPKAPK3"
"BTK","GRB2","MAPKAPK3"
"BTK","VCPIP1","MAPKAPK3"
"BTK","ATR","MAPKAPK3"
"BTK","PTK6","MAPKAPK3"
"BTK","STAP1","MAPKAPK3"
"BTK","TBK1","MAPKAPK3"
"BTK","SPRED1","MAPKAPK3"
"BTK","MEK1/2","MAPKAPK3"
"BTK","PTPN7","MAPKAPK3"
"BTK","FADD","MAPKAPK3"
"BTK","STK38","MAPKAPK3"
"BTK","C9orf72","MAPKAPK3"
"BTK","DDX41","MAPKAPK3"
"BTK","IKK-complex","MAPKAPK3"
"BTK","SHC1","MAPKAPK3"
"BTK","NTRK1","MAPKAPK3"
"BTK","GPSM3","MAPKAPK3"
"BTK","RELA","MAPKAPK3"
"BTK","EPHA2","MAPKAPK3"
"BTK","MAP3K8","MAPKAPK3"
"BTK","CDKN1B","MAPKAPK3"
"BTK","FBLIM1","MAPKAPK3"
"BTK","VCP","MAPKAPK3"
"BTK","GRIP1","MAPKAPK3"
"BTK","TMIGD2","MAPKAPK3"
"BTK","CCR2","MAPKAPK3"
"BTK","STIP1","MAPKAPK3"
"BTK","PSTPIP1","MAPKAPK3"
"BTK","ARRB2","MAPKAPK3"
"BTK","TRAF3","MAPKAPK3"
"BTK","CRTC2","MAPKAPK3"
"BTK","CD28","MAPKAPK3"
"BTK","INPP5D","MAPKAPK3"
"BTK","IMPDH2","MAPKAPK3"
"BTK","PIK3CG","MAPKAPK3"
"BTK","SH2B2","MAPKAPK3"
"BTK","PIK3R6","MAPKAPK3"
"BTK","MRE11","MAPKAPK3"
"BTK","DDX58","MAPKAPK3"
"BTK","UBXN2B","MAPKAPK3"
"BTK","IFIH1","MAPKAPK3"
"BTK","RAD50","MAPKAPK3"
"BTK","TTI1","MAPKAPK3"
"BTK","WDFY3","MAPKAPK3"
"BTK","GRB14","MAPKAPK3"
"BTK","HOXB7","MAPKAPK3"
"BTK","RND1","MAPKAPK3"
"BTK","STING1","MAPKAPK3"
"BTK","SPEN","MAPKAPK3"
"BTK","NFKB1","MAPKAPK3"
"BTK","CLSPN","MAPKAPK3"
"BTK","GRB7","MAPKAPK3"
"BTK","BAZ1B","MAPKAPK3"
"BTK","PLCG2","MAPKAPK3"
"BTK","RBL2","MAPKAPK3"
"BTK","PABIR1","MAPKAPK3"
"BTK","PLCG2","SYN3"
"BTK","AKT3","SUN1"
"BTK","AKT2","SUN1"
"BTK","AKT1","SUN1"
"BTK","CALM2","SUN1"
"BTK","Gbeta","SUN1"
"BTK","LCK","SUN1"
"BTK","CDK9","SUN1"
"BTK","RPS6KA5","SUN1"
"BTK","SGK1","SUN1"
"BTK","CyclinD/CDK4","SUN1"
"BTK","WWTR1","SUN1"
"BTK","BCL3","SUN1"
"BTK","PTK6","SUN1"
"BTK","CALM1","SUN1"
"BTK","SHC1","SUN1"
"BTK","NTRK1","SUN1"
"BTK","GPSM3","SUN1"
"BTK","FBLIM1","SUN1"
"BTK","VCP","SUN1"
"BTK","GRIP1","SUN1"
"BTK","CCR2","SUN1"
"BTK","STIP1","SUN1"
"BTK","CRTC2","SUN1"
"BTK","INPP5D","SUN1"
"BTK","FRS2","SUN1"
"BTK","IMPDH2","SUN1"
"BTK","SET","SUN1"
"BTK","SH2B2","SUN1"
"BTK","KSR1","SUN1"
"BTK","ROR2","SUN1"
"BTK","IFIH1","SUN1"
"BTK","TTI1","SUN1"
"BTK","HOXB7","SUN1"
"BTK","GRB7","SUN1"
"BTK","PPP1R14B","SUN1"
"BTK","CHUK","MGluR"
"BTK","PTEN","MGluR"
"BTK","AKT1","MGluR"
"BTK","PRKG1","MGluR"
"BTK","CCP110","MGluR"
"BTK","Gbeta","MGluR"
"BTK","WNK1","MGluR"
"BTK","PRKCB","MGluR"
"BTK","PRKCZ","MGluR"
"BTK","MAP3K1","MGluR"
"BTK","MAP3K4","MGluR"
"BTK","DAPK1","MGluR"
"BTK","FGG","MGluR"
"BTK","GRB2","MGluR"
"BTK","PTK6","MGluR"
"BTK","IKBKE","MGluR"
"BTK","CCND1","MGluR"
"BTK","TBK1","MGluR"
"BTK","MEK1/2","MGluR"
"BTK","C9orf72","MGluR"
"BTK","MAP4K1","MGluR"
"BTK","RET","MGluR"
"BTK","DDX41","MGluR"
"BTK","SHC1","MGluR"
"BTK","RPS6KA4","MGluR"
"BTK","CDKN1B","MGluR"
"BTK","FBLIM1","MGluR"
"BTK","VCP","MGluR"
"BTK","TMIGD2","MGluR"
"BTK","STIP1","MGluR"
"BTK","CRTC2","MGluR"
"BTK","FRS2","MGluR"
"BTK","PIK3CG","MGluR"
"BTK","TRPV1","MGluR"
"BTK","HDAC2","MGluR"
"BTK","DDX58","MGluR"
"BTK","BLVRA","MGluR"
"BTK","BAZ1B","MGluR"
"BTK","CHUK","STAT6"
"BTK","AKT2","STAT6"
"BTK","PRKG1","STAT6"
"BTK","CCP110","STAT6"
"BTK","RPS6K","STAT6"
"BTK","ERK1/2","STAT6"
"BTK","ABL1","STAT6"
"BTK","RPS6KA5","STAT6"
"BTK","PDPK1","STAT6"
"BTK","MAP2K1","STAT6"
"BTK","PRKCB","STAT6"
"BTK","MAP3K7","STAT6"
"BTK","FGG","STAT6"
"BTK","LEPR","STAT6"
"BTK","RPS6KA3","STAT6"
"BTK","FZR1","STAT6"
"BTK","GRB2","STAT6"
"BTK","VCPIP1","STAT6"
"BTK","IKBKE","STAT6"
"BTK","STAP1","STAT6"
"BTK","MEK1/2","STAT6"
"BTK","PTPN7","STAT6"
"BTK","CALM1","STAT6"
"BTK","CDKN2A","STAT6"
"BTK","IKK-complex","STAT6"
"BTK","PTPRR","STAT6"
"BTK","FBLIM1","STAT6"
"BTK","VCP","STAT6"
"BTK","TMIGD2","STAT6"
"BTK","STIP1","STAT6"
"BTK","ARRB2","STAT6"
"BTK","INPP5D","STAT6"
"BTK","PIK3CG","STAT6"
"BTK","BCL10","STAT6"
"BTK","MRE11","STAT6"
"BTK","UBXN2B","STAT6"
"BTK","ABI1","STAT6"
"BTK","IFIH1","STAT6"
"BTK","SPEN","STAT6"
"BTK","NFKB1","STAT6"
"BTK","CTDP1","STAT6"
"BTK","BAZ1B","STAT6"
"BTK","PPP1R14B","STAT6"
"BTK","CHUK","FAM83G"
"BTK","MTOR","FAM83G"
"BTK","AKT1","FAM83G"
"BTK","RPS6K","FAM83G"
"BTK","CALM2","FAM83G"
"BTK","ERK1/2","FAM83G"
"BTK","Gbeta","FAM83G"
"BTK","LCK","FAM83G"
"BTK","WNK1","FAM83G"
"BTK","MAP2K1","FAM83G"
"BTK","PRKCB","FAM83G"
"BTK","PRKCG","FAM83G"
"BTK","CyclinD/CDK4","FAM83G"
"BTK","MAP3K7","FAM83G"
"BTK","AKT","FAM83G"
"BTK","IKBKB","FAM83G"
"BTK","WWTR1","FAM83G"
"BTK","DOK1","FAM83G"
"BTK","DAPK1","FAM83G"
"BTK","SGK3","FAM83G"
"BTK","IKBKE","FAM83G"
"BTK","PTPN7","FAM83G"
"BTK","CALM1","FAM83G"
"BTK","C9orf72","FAM83G"
"BTK","CDKN2A","FAM83G"
"BTK","RET","FAM83G"
"BTK","DDX41","FAM83G"
"BTK","IKK-complex","FAM83G"
"BTK","RPS6KA4","FAM83G"
"BTK","NTRK1","FAM83G"
"BTK","EPHA2","FAM83G"
"BTK","MAP3K8","FAM83G"
"BTK","CDKN1B","FAM83G"
"BTK","TEC","FAM83G"
"BTK","VCP","FAM83G"
"BTK","TMIGD2","FAM83G"
"BTK","ARRB2","FAM83G"
"BTK","CCNE1","FAM83G"
"BTK","BCL10","FAM83G"
"BTK","UBXN2B","FAM83G"
"BTK","ROR2","FAM83G"
"BTK","ABI1","FAM83G"
"BTK","RAD50","FAM83G"
"BTK","WDFY3","FAM83G"
"BTK","LRP6","FAM83G"
"BTK","GRB14","FAM83G"
"BTK","STING1","FAM83G"
"BTK","CTDP1","FAM83G"
"BTK","BLVRA","FAM83G"
"BTK","CLSPN","FAM83G"
"BTK","BAZ1B","FAM83G"
"BTK","RBL2","FAM83G"
"BTK","PPP1R14B","FAM83G"
"BTK","MAPK3","EIF2AK3"
"BTK","AKT3","EIF2AK3"
"BTK","CHUK","EIF2AK3"
"BTK","PTEN","EIF2AK3"
"BTK","MTOR","EIF2AK3"
"BTK","CCP110","EIF2AK3"
"BTK","RPS6K","EIF2AK3"
"BTK","LCK","EIF2AK3"
"BTK","CDK9","EIF2AK3"
"BTK","ABL1","EIF2AK3"
"BTK","PRKCG","EIF2AK3"
"BTK","PRKCZ","EIF2AK3"
"BTK","MAP3K1","EIF2AK3"
"BTK","MAP3K7","EIF2AK3"
"BTK","AKT","EIF2AK3"
"BTK","IKBKB","EIF2AK3"
"BTK","WWTR1","EIF2AK3"
"BTK","DOK1","EIF2AK3"
"BTK","PXN","EIF2AK3"
"BTK","FGG","EIF2AK3"
"BTK","FZR1","EIF2AK3"
"BTK","ATR","EIF2AK3"
"BTK","SGK3","EIF2AK3"
"BTK","PTK6","EIF2AK3"
"BTK","IKBKE","EIF2AK3"
"BTK","CCND1","EIF2AK3"
"BTK","ILK","EIF2AK3"
"BTK","TBK1","EIF2AK3"
"BTK","SPRED1","EIF2AK3"
"BTK","MEK1/2","EIF2AK3"
"BTK","PTPN7","EIF2AK3"
"BTK","FADD","EIF2AK3"
"BTK","STK38","EIF2AK3"
"BTK","TLK1","EIF2AK3"
"BTK","CDKN2A","EIF2AK3"
"BTK","DDX41","EIF2AK3"
"BTK","IKK-complex","EIF2AK3"
"BTK","GPSM3","EIF2AK3"
"BTK","MAP3K8","EIF2AK3"
"BTK","PTPRR","EIF2AK3"
"BTK","CDKN1B","EIF2AK3"
"BTK","GRIP1","EIF2AK3"
"BTK","STIP1","EIF2AK3"
"BTK","PSTPIP1","EIF2AK3"
"BTK","TRAF3","EIF2AK3"
"BTK","INPP5D","EIF2AK3"
"BTK","FRS2","EIF2AK3"
"BTK","CCNE1","EIF2AK3"
"BTK","TRPV1","EIF2AK3"
"BTK","BCL10","EIF2AK3"
"BTK","HDAC2","EIF2AK3"
"BTK","KSR1","EIF2AK3"
"BTK","UBXN2B","EIF2AK3"
"BTK","MST1R","EIF2AK3"
"BTK","ABI1","EIF2AK3"
"BTK","RAD50","EIF2AK3"
"BTK","TTI1","EIF2AK3"
"BTK","HOXB7","EIF2AK3"
"BTK","PIK3C3","EIF2AK3"
"BTK","NFKB1","EIF2AK3"
"BTK","TELO2","EIF2AK3"
"BTK","BLVRA","EIF2AK3"
"BTK","GRB7","EIF2AK3"
"BTK","PPP1R14B","EIF2AK3"
"BTK","PABIR1","EIF2AK3"
"BTK","MAPK3","INPP5D"
"BTK","PTEN","INPP5D"
"BTK","PRKCQ","INPP5D"
"BTK","MTOR","INPP5D"
"BTK","PRKG1","INPP5D"
"BTK","RPS6K","INPP5D"
"BTK","Gbeta","INPP5D"
"BTK","CDK9","INPP5D"
"BTK","MAP2K1","INPP5D"
"BTK","PRKCB","INPP5D"
"BTK","PRKCG","INPP5D"
"BTK","PRKCZ","INPP5D"
"BTK","CyclinD/CDK4","INPP5D"
"BTK","MAP3K1","INPP5D"
"BTK","MAP3K7","INPP5D"
"BTK","IKBKB","INPP5D"
"BTK","WWTR1","INPP5D"
"BTK","DOK1","INPP5D"
"BTK","DAPK1","INPP5D"
"BTK","PXN","INPP5D"
"BTK","FGG","INPP5D"
"BTK","LEPR","INPP5D"
"BTK","ITK","INPP5D"
"BTK","DVL1","INPP5D"
"BTK","FZR1","INPP5D"
"BTK","ATR","INPP5D"
"BTK","SGK3","INPP5D"
"BTK","PTK6","INPP5D"
"BTK","IKBKE","INPP5D"
"BTK","STAP1","INPP5D"
"BTK","MEK1/2","INPP5D"
"BTK","PTPN7","INPP5D"
"BTK","FADD","INPP5D"
"BTK","STK38","INPP5D"
"BTK","C9orf72","INPP5D"
"BTK","CDKN2A","INPP5D"
"BTK","MAP4K1","INPP5D"
"BTK","DDX41","INPP5D"
"BTK","IKK-complex","INPP5D"
"BTK","RPS6KA4","INPP5D"
"BTK","NTRK1","INPP5D"
"BTK","RELA","INPP5D"
"BTK","MAPKAPK5","INPP5D"
"BTK","EPHA2","INPP5D"
"BTK","PTPRR","INPP5D"
"BTK","CDKN1B","INPP5D"
"BTK","FBLIM1","INPP5D"
"BTK","TEC","INPP5D"
"BTK","CCR2","INPP5D"
"BTK","STIP1","INPP5D"
"BTK","PSTPIP1","INPP5D"
"BTK","CRTC2","INPP5D"
"BTK","FRS2","INPP5D"
"BTK","CCNE1","INPP5D"
"BTK","PIK3CG","INPP5D"
"BTK","SH2B2","INPP5D"
"BTK","BCL10","INPP5D"
"BTK","MRE11","INPP5D"
"BTK","HDAC2","INPP5D"
"BTK","UBXN2B","INPP5D"
"BTK","MST1R","INPP5D"
"BTK","ROR2","INPP5D"
"BTK","ABI1","INPP5D"
"BTK","RAD50","INPP5D"
"BTK","TTI1","INPP5D"
"BTK","HOXB7","INPP5D"
"BTK","RND1","INPP5D"
"BTK","STING1","INPP5D"
"BTK","SPEN","INPP5D"
"BTK","BLVRA","INPP5D"
"BTK","BAZ1B","INPP5D"
"BTK","RBL2","INPP5D"
"BTK","MAPK3","SNCAIP"
"BTK","AKT3","SNCAIP"
"BTK","CHUK","SNCAIP"
"BTK","AKT2","SNCAIP"
"BTK","MTOR","SNCAIP"
"BTK","RPS6K","SNCAIP"
"BTK","LCK","SNCAIP"
"BTK","ABL1","SNCAIP"
"BTK","WNK1","SNCAIP"
"BTK","PRKCZ","SNCAIP"
"BTK","CyclinD/CDK4","SNCAIP"
"BTK","MAP3K7","SNCAIP"
"BTK","MAP3K4","SNCAIP"
"BTK","LEPR","SNCAIP"
"BTK","BCL3","SNCAIP"
"BTK","FZR1","SNCAIP"
"BTK","GRB2","SNCAIP"
"BTK","ATR","SNCAIP"
"BTK","SGK3","SNCAIP"
"BTK","STAP1","SNCAIP"
"BTK","TBK1","SNCAIP"
"BTK","SPRED1","SNCAIP"
"BTK","MEK1/2","SNCAIP"
"BTK","CALM1","SNCAIP"
"BTK","FADD","SNCAIP"
"BTK","STK38","SNCAIP"
"BTK","IKK-complex","SNCAIP"
"BTK","SHC1","SNCAIP"
"BTK","NTRK1","SNCAIP"
"BTK","RELA","SNCAIP"
"BTK","GRIP1","SNCAIP"
"BTK","PSTPIP1","SNCAIP"
"BTK","TRAF3","SNCAIP"
"BTK","FRS2","SNCAIP"
"BTK","CCNE1","SNCAIP"
"BTK","SET","SNCAIP"
"BTK","PPP1R14A","SNCAIP"
"BTK","HDAC2","SNCAIP"
"BTK","UBXN2B","SNCAIP"
"BTK","IFIH1","SNCAIP"
"BTK","RAD50","SNCAIP"
"BTK","TTI1","SNCAIP"
"BTK","WDFY3","SNCAIP"
"BTK","LRP6","SNCAIP"
"BTK","GRB14","SNCAIP"
"BTK","HOXB7","SNCAIP"
"BTK","PIK3C3","SNCAIP"
"BTK","STING1","SNCAIP"
"BTK","SPEN","SNCAIP"
"BTK","NFKB1","SNCAIP"
"BTK","TELO2","SNCAIP"
"BTK","CLSPN","SNCAIP"
"BTK","BAZ1B","SNCAIP"
"BTK","RBL2","SNCAIP"
"BTK","AKT3","PKMYT1"
"BTK","AKT2","PKMYT1"
"BTK","PTEN","PKMYT1"
"BTK","PRKCQ","PKMYT1"
"BTK","MTOR","PKMYT1"
"BTK","AKT1","PKMYT1"
"BTK","PRKG1","PKMYT1"
"BTK","CCP110","PKMYT1"
"BTK","RPS6K","PKMYT1"
"BTK","CALM2","PKMYT1"
"BTK","ABL1","PKMYT1"
"BTK","WNK1","PKMYT1"
"BTK","PDPK1","PKMYT1"
"BTK","PRKCG","PKMYT1"
"BTK","PRKCZ","PKMYT1"
"BTK","CyclinD/CDK4","PKMYT1"
"BTK","MAP3K1","PKMYT1"
"BTK","MAP3K7","PKMYT1"
"BTK","IKBKB","PKMYT1"
"BTK","WWTR1","PKMYT1"
"BTK","DOK1","PKMYT1"
"BTK","MAP3K4","PKMYT1"
"BTK","ITK","PKMYT1"
"BTK","RPS6KA3","PKMYT1"
"BTK","BCL3","PKMYT1"
"BTK","DVL1","PKMYT1"
"BTK","FZR1","PKMYT1"
"BTK","GRB2","PKMYT1"
"BTK","VCPIP1","PKMYT1"
"BTK","ATR","PKMYT1"
"BTK","PTK6","PKMYT1"
"BTK","IKBKE","PKMYT1"
"BTK","ILK","PKMYT1"
"BTK","TBK1","PKMYT1"
"BTK","SPRED1","PKMYT1"
"BTK","MEK1/2","PKMYT1"
"BTK","CALM1","PKMYT1"
"BTK","STK38","PKMYT1"
"BTK","TLK1","PKMYT1"
"BTK","C9orf72","PKMYT1"
"BTK","MAP4K1","PKMYT1"
"BTK","DDX41","PKMYT1"
"BTK","IKK-complex","PKMYT1"
"BTK","SHC1","PKMYT1"
"BTK","GPSM3","PKMYT1"
"BTK","RELA","PKMYT1"
"BTK","MAPKAPK5","PKMYT1"
"BTK","EPHA2","PKMYT1"
"BTK","MAP3K8","PKMYT1"
"BTK","PTPRR","PKMYT1"
"BTK","CDKN1B","PKMYT1"
"BTK","VCP","PKMYT1"
"BTK","TMIGD2","PKMYT1"
"BTK","STIP1","PKMYT1"
"BTK","PSTPIP1","PKMYT1"
"BTK","ARRB2","PKMYT1"
"BTK","CRTC2","PKMYT1"
"BTK","CD28","PKMYT1"
"BTK","CCNE1","PKMYT1"
"BTK","IMPDH2","PKMYT1"
"BTK","PIK3CG","PKMYT1"
"BTK","TRPV1","PKMYT1"
"BTK","PPP1R14A","PKMYT1"
"BTK","BCL10","PKMYT1"
"BTK","PIK3R6","PKMYT1"
"BTK","MRE11","PKMYT1"
"BTK","KSR1","PKMYT1"
"BTK","DDX58","PKMYT1"
"BTK","UBXN2B","PKMYT1"
"BTK","ROR2","PKMYT1"
"BTK","IFIH1","PKMYT1"
"BTK","TTI1","PKMYT1"
"BTK","WDFY3","PKMYT1"
"BTK","GRB14","PKMYT1"
"BTK","HOXB7","PKMYT1"
"BTK","PIK3C3","PKMYT1"
"BTK","RND1","PKMYT1"
"BTK","SPEN","PKMYT1"
"BTK","BLVRA","PKMYT1"
"BTK","RBL2","PKMYT1"
"BTK","PPP1R14B","PKMYT1"
"BTK","PABIR1","PKMYT1"
"BTK","MAPK3","SLK"
"BTK","AKT3","SLK"
"BTK","CHUK","SLK"
"BTK","PTEN","SLK"
"BTK","PRKCQ","SLK"
"BTK","MTOR","SLK"
"BTK","CALM2","SLK"
"BTK","ERK1/2","SLK"
"BTK","Gbeta","SLK"
"BTK","CDK9","SLK"
"BTK","ABL1","SLK"
"BTK","RPS6KA5","SLK"
"BTK","SGK1","SLK"
"BTK","MAP2K1","SLK"
"BTK","PRKCB","SLK"
"BTK","PRKCG","SLK"
"BTK","CyclinD/CDK4","SLK"
"BTK","MAP3K7","SLK"
"BTK","AKT","SLK"
"BTK","IKBKB","SLK"
"BTK","WWTR1","SLK"
"BTK","DOK1","SLK"
"BTK","MAP3K4","SLK"
"BTK","PXN","SLK"
"BTK","FGG","SLK"
"BTK","LEPR","SLK"
"BTK","ITK","SLK"
"BTK","BCL3","SLK"
"BTK","DVL1","SLK"
"BTK","VCPIP1","SLK"
"BTK","PTK6","SLK"
"BTK","IKBKE","SLK"
"BTK","CCND1","SLK"
"BTK","ILK","SLK"
"BTK","TBK1","SLK"
"BTK","TLK1","SLK"
"BTK","C9orf72","SLK"
"BTK","CDKN2A","SLK"
"BTK","MAP4K1","SLK"
"BTK","RET","SLK"
"BTK","DDX41","SLK"
"BTK","IKK-complex","SLK"
"BTK","RELA","SLK"
"BTK","MAPKAPK5","SLK"
"BTK","CDKN1B","SLK"
"BTK","FBLIM1","SLK"
"BTK","GRIP1","SLK"
"BTK","CRTC2","SLK"
"BTK","IMPDH2","SLK"
"BTK","SET","SLK"
"BTK","PIK3R6","SLK"
"BTK","HDAC2","SLK"
"BTK","DDX58","SLK"
"BTK","UBXN2B","SLK"
"BTK","MST1R","SLK"
"BTK","IFIH1","SLK"
"BTK","RAD50","SLK"
"BTK","WDFY3","SLK"
"BTK","STING1","SLK"
"BTK","SPEN","SLK"
"BTK","TELO2","SLK"
"BTK","BLVRA","SLK"
"BTK","CLSPN","SLK"
"BTK","MAPKAP1","SLK"
"BTK","GRB7","SLK"
"BTK","BAZ1B","SLK"
"BTK","RBL2","SLK"
"BTK","MAPK3","BRD4"
"BTK","CHUK","BRD4"
"BTK","AKT2","BRD4"
"BTK","PTEN","BRD4"
"BTK","MTOR","BRD4"
"BTK","CCP110","BRD4"
"BTK","CALM2","BRD4"
"BTK","ERK1/2","BRD4"
"BTK","Gbeta","BRD4"
"BTK","LCK","BRD4"
"BTK","CDK9","BRD4"
"BTK","WNK1","BRD4"
"BTK","CyclinD/CDK4","BRD4"
"BTK","MAP3K7","BRD4"
"BTK","DOK1","BRD4"
"BTK","MAP3K4","BRD4"
"BTK","PXN","BRD4"
"BTK","FGG","BRD4"
"BTK","RPS6KA3","BRD4"
"BTK","BCL3","BRD4"
"BTK","DVL1","BRD4"
"BTK","FZR1","BRD4"
"BTK","GRB2","BRD4"
"BTK","VCPIP1","BRD4"
"BTK","ATR","BRD4"
"BTK","SGK3","BRD4"
"BTK","PTK6","BRD4"
"BTK","CCND1","BRD4"
"BTK","ILK","BRD4"
"BTK","STAP1","BRD4"
"BTK","TBK1","BRD4"
"BTK","SPRED1","BRD4"
"BTK","MEK1/2","BRD4"
"BTK","CALM1","BRD4"
"BTK","FADD","BRD4"
"BTK","STK38","BRD4"
"BTK","C9orf72","BRD4"
"BTK","CDKN2A","BRD4"
"BTK","RPS6KA4","BRD4"
"BTK","RELA","BRD4"
"BTK","EPHA2","BRD4"
"BTK","CDKN1B","BRD4"
"BTK","FBLIM1","BRD4"
"BTK","VCP","BRD4"
"BTK","GRIP1","BRD4"
"BTK","TMIGD2","BRD4"
"BTK","CCR2","BRD4"
"BTK","ARRB2","BRD4"
"BTK","TRAF3","BRD4"
"BTK","CD28","BRD4"
"BTK","IMPDH2","BRD4"
"BTK","SET","BRD4"
"BTK","PIK3CG","BRD4"
"BTK","BCL10","BRD4"
"BTK","HDAC2","BRD4"
"BTK","DDX58","BRD4"
"BTK","UBXN2B","BRD4"
"BTK","ROR2","BRD4"
"BTK","ABI1","BRD4"
"BTK","IFIH1","BRD4"
"BTK","TTI1","BRD4"
"BTK","WDFY3","BRD4"
"BTK","GRB14","BRD4"
"BTK","STING1","BRD4"
"BTK","SPEN","BRD4"
"BTK","NFKB1","BRD4"
"BTK","CTDP1","BRD4"
"BTK","BLVRA","BRD4"
"BTK","CLSPN","BRD4"
"BTK","MAPKAP1","BRD4"
"BTK","GRB7","BRD4"
"BTK","RBL2","BRD4"
"BTK","PPP1R14B","BRD4"
"BTK","PABIR1","BRD4"
"BTK","MAPK3","CLASP1"
"BTK","AKT3","CLASP1"
"BTK","AKT2","CLASP1"
"BTK","PTEN","CLASP1"
"BTK","PRKCQ","CLASP1"
"BTK","MTOR","CLASP1"
"BTK","AKT1","CLASP1"
"BTK","PRKG1","CLASP1"
"BTK","CCP110","CLASP1"
"BTK","RPS6K","CLASP1"
"BTK","CALM2","CLASP1"
"BTK","ERK1/2","CLASP1"
"BTK","Gbeta","CLASP1"
"BTK","WNK1","CLASP1"
"BTK","PRKCZ","CLASP1"
"BTK","MAP3K7","CLASP1"
"BTK","AKT","CLASP1"
"BTK","IKBKB","CLASP1"
"BTK","WWTR1","CLASP1"
"BTK","DOK1","CLASP1"
"BTK","MAP3K4","CLASP1"
"BTK","DAPK1","CLASP1"
"BTK","FGG","CLASP1"
"BTK","LEPR","CLASP1"
"BTK","ITK","CLASP1"
"BTK","RPS6KA3","CLASP1"
"BTK","DVL1","CLASP1"
"BTK","FZR1","CLASP1"
"BTK","GRB2","CLASP1"
"BTK","SGK3","CLASP1"
"BTK","IKBKE","CLASP1"
"BTK","CCND1","CLASP1"
"BTK","TBK1","CLASP1"
"BTK","PTPN7","CLASP1"
"BTK","CALM1","CLASP1"
"BTK","FADD","CLASP1"
"BTK","STK38","CLASP1"
"BTK","TLK1","CLASP1"
"BTK","C9orf72","CLASP1"
"BTK","CDKN2A","CLASP1"
"BTK","MAP4K1","CLASP1"
"BTK","RET","CLASP1"
"BTK","DDX41","CLASP1"
"BTK","IKK-complex","CLASP1"
"BTK","SHC1","CLASP1"
"BTK","RPS6KA4","CLASP1"
"BTK","GPSM3","CLASP1"
"BTK","RELA","CLASP1"
"BTK","MAPKAPK5","CLASP1"
"BTK","PTPRR","CLASP1"
"BTK","CDKN1B","CLASP1"
"BTK","TEC","CLASP1"
"BTK","VCP","CLASP1"
"BTK","GRIP1","CLASP1"
"BTK","TMIGD2","CLASP1"
"BTK","STIP1","CLASP1"
"BTK","PSTPIP1","CLASP1"
"BTK","TRAF3","CLASP1"
"BTK","INPP5D","CLASP1"
"BTK","FRS2","CLASP1"
"BTK","SET","CLASP1"
"BTK","PIK3CG","CLASP1"
"BTK","MRE11","CLASP1"
"BTK","HDAC2","CLASP1"
"BTK","KSR1","CLASP1"
"BTK","DDX58","CLASP1"
"BTK","UBXN2B","CLASP1"
"BTK","MST1R","CLASP1"
"BTK","ROR2","CLASP1"
"BTK","ABI1","CLASP1"
"BTK","WDFY3","CLASP1"
"BTK","LRP6","CLASP1"
"BTK","GRB14","CLASP1"
"BTK","PIK3C3","CLASP1"
"BTK","RND1","CLASP1"
"BTK","STING1","CLASP1"
"BTK","SPEN","CLASP1"
"BTK","NFKB1","CLASP1"
"BTK","CTDP1","CLASP1"
"BTK","BLVRA","CLASP1"
"BTK","CLSPN","CLASP1"
"BTK","BAZ1B","CLASP1"
"BTK","CHUK","RUNX3"
"BTK","PTEN","RUNX3"
"BTK","PRKCQ","RUNX3"
"BTK","AKT1","RUNX3"
"BTK","PRKG1","RUNX3"
"BTK","CALM2","RUNX3"
"BTK","LCK","RUNX3"
"BTK","ABL1","RUNX3"
"BTK","RPS6KA5","RUNX3"
"BTK","PDPK1","RUNX3"
"BTK","SGK1","RUNX3"
"BTK","MAP2K1","RUNX3"
"BTK","CyclinD/CDK4","RUNX3"
"BTK","MAP3K1","RUNX3"
"BTK","AKT","RUNX3"
"BTK","MAP3K4","RUNX3"
"BTK","DAPK1","RUNX3"
"BTK","LEPR","RUNX3"
"BTK","ITK","RUNX3"
"BTK","RPS6KA3","RUNX3"
"BTK","DVL1","RUNX3"
"BTK","FZR1","RUNX3"
"BTK","GRB2","RUNX3"
"BTK","SGK3","RUNX3"
"BTK","SPRED1","RUNX3"
"BTK","MEK1/2","RUNX3"
"BTK","PTPN7","RUNX3"
"BTK","STK38","RUNX3"
"BTK","C9orf72","RUNX3"
"BTK","MAP4K1","RUNX3"
"BTK","RET","RUNX3"
"BTK","RPS6KA4","RUNX3"
"BTK","NTRK1","RUNX3"
"BTK","GPSM3","RUNX3"
"BTK","EPHA2","RUNX3"
"BTK","MAP3K8","RUNX3"
"BTK","PTPRR","RUNX3"
"BTK","CDKN1B","RUNX3"
"BTK","FBLIM1","RUNX3"
"BTK","GRIP1","RUNX3"
"BTK","TMIGD2","RUNX3"
"BTK","CCR2","RUNX3"
"BTK","STIP1","RUNX3"
"BTK","PSTPIP1","RUNX3"
"BTK","TRAF3","RUNX3"
"BTK","CD28","RUNX3"
"BTK","CCNE1","RUNX3"
"BTK","IMPDH2","RUNX3"
"BTK","SET","RUNX3"
"BTK","PIK3CG","RUNX3"
"BTK","TRPV1","RUNX3"
"BTK","PPP1R14A","RUNX3"
"BTK","PIK3R6","RUNX3"
"BTK","MRE11","RUNX3"
"BTK","KSR1","RUNX3"
"BTK","DDX58","RUNX3"
"BTK","MST1R","RUNX3"
"BTK","ABI1","RUNX3"
"BTK","HOXB7","RUNX3"
"BTK","CTDP1","RUNX3"
"BTK","BLVRA","RUNX3"
"BTK","CLSPN","RUNX3"
"BTK","MAPKAP1","RUNX3"
"BTK","GRB7","RUNX3"
"BTK","PPP1R14B","RUNX3"
"BTK","MAPK3","ZFYVE9"
"BTK","CHUK","ZFYVE9"
"BTK","AKT2","ZFYVE9"
"BTK","PTEN","ZFYVE9"
"BTK","MTOR","ZFYVE9"
"BTK","AKT1","ZFYVE9"
"BTK","PRKG1","ZFYVE9"
"BTK","CCP110","ZFYVE9"
"BTK","RPS6K","ZFYVE9"
"BTK","CALM2","ZFYVE9"
"BTK","Gbeta","ZFYVE9"
"BTK","CDK9","ZFYVE9"
"BTK","WNK1","ZFYVE9"
"BTK","PDPK1","ZFYVE9"
"BTK","PRKCB","ZFYVE9"
"BTK","PRKCG","ZFYVE9"
"BTK","MAP3K1","ZFYVE9"
"BTK","MAP3K7","ZFYVE9"
"BTK","IKBKB","ZFYVE9"
"BTK","WWTR1","ZFYVE9"
"BTK","DOK1","ZFYVE9"
"BTK","MAP3K4","ZFYVE9"
"BTK","PXN","ZFYVE9"
"BTK","RPS6KA3","ZFYVE9"
"BTK","BCL3","ZFYVE9"
"BTK","DVL1","ZFYVE9"
"BTK","FZR1","ZFYVE9"
"BTK","VCPIP1","ZFYVE9"
"BTK","SGK3","ZFYVE9"
"BTK","STAP1","ZFYVE9"
"BTK","TBK1","ZFYVE9"
"BTK","SPRED1","ZFYVE9"
"BTK","FADD","ZFYVE9"
"BTK","STK38","ZFYVE9"
"BTK","TLK1","ZFYVE9"
"BTK","CDKN2A","ZFYVE9"
"BTK","MAP4K1","ZFYVE9"
"BTK","DDX41","ZFYVE9"
"BTK","NTRK1","ZFYVE9"
"BTK","GPSM3","ZFYVE9"
"BTK","RELA","ZFYVE9"
"BTK","MAPKAPK5","ZFYVE9"
"BTK","MAP3K8","ZFYVE9"
"BTK","PTPRR","ZFYVE9"
"BTK","CDKN1B","ZFYVE9"
"BTK","FBLIM1","ZFYVE9"
"BTK","VCP","ZFYVE9"
"BTK","STIP1","ZFYVE9"
"BTK","PSTPIP1","ZFYVE9"
"BTK","ARRB2","ZFYVE9"
"BTK","CRTC2","ZFYVE9"
"BTK","CD28","ZFYVE9"
"BTK","SET","ZFYVE9"
"BTK","TRPV1","ZFYVE9"
"BTK","PPP1R14A","ZFYVE9"
"BTK","BCL10","ZFYVE9"
"BTK","HDAC2","ZFYVE9"
"BTK","DDX58","ZFYVE9"
"BTK","UBXN2B","ZFYVE9"
"BTK","IFIH1","ZFYVE9"
"BTK","WDFY3","ZFYVE9"
"BTK","LRP6","ZFYVE9"
"BTK","GRB14","ZFYVE9"
"BTK","PIK3C3","ZFYVE9"
"BTK","STING1","ZFYVE9"
"BTK","NFKB1","ZFYVE9"
"BTK","CTDP1","ZFYVE9"
"BTK","TELO2","ZFYVE9"
"BTK","CLSPN","ZFYVE9"
"BTK","GRB7","ZFYVE9"
"BTK","RBL2","ZFYVE9"
"BTK","PABIR1","ZFYVE9"
"BTK","AKT3","BCL2L2"
"BTK","CHUK","BCL2L2"
"BTK","AKT2","BCL2L2"
"BTK","PTEN","BCL2L2"
"BTK","PRKCQ","BCL2L2"
"BTK","MTOR","BCL2L2"
"BTK","AKT1","BCL2L2"
"BTK","PRKG1","BCL2L2"
"BTK","CCP110","BCL2L2"
"BTK","RPS6K","BCL2L2"
"BTK","CALM2","BCL2L2"
"BTK","LCK","BCL2L2"
"BTK","CDK9","BCL2L2"
"BTK","ABL1","BCL2L2"
"BTK","RPS6KA5","BCL2L2"
"BTK","WNK1","BCL2L2"
"BTK","PDPK1","BCL2L2"
"BTK","SGK1","BCL2L2"
"BTK","PRKCZ","BCL2L2"
"BTK","MAP3K1","BCL2L2"
"BTK","MAP3K7","BCL2L2"
"BTK","IKBKB","BCL2L2"
"BTK","MAP3K4","BCL2L2"
"BTK","DAPK1","BCL2L2"
"BTK","PXN","BCL2L2"
"BTK","LEPR","BCL2L2"
"BTK","ITK","BCL2L2"
"BTK","DVL1","BCL2L2"
"BTK","GRB2","BCL2L2"
"BTK","VCPIP1","BCL2L2"
"BTK","IKBKE","BCL2L2"
"BTK","CCND1","BCL2L2"
"BTK","ILK","BCL2L2"
"BTK","MEK1/2","BCL2L2"
"BTK","FADD","BCL2L2"
"BTK","TLK1","BCL2L2"
"BTK","CDKN2A","BCL2L2"
"BTK","MAP4K1","BCL2L2"
"BTK","IKK-complex","BCL2L2"
"BTK","SHC1","BCL2L2"
"BTK","RPS6KA4","BCL2L2"
"BTK","GPSM3","BCL2L2"
"BTK","MAPKAPK5","BCL2L2"
"BTK","EPHA2","BCL2L2"
"BTK","FBLIM1","BCL2L2"
"BTK","TEC","BCL2L2"
"BTK","VCP","BCL2L2"
"BTK","GRIP1","BCL2L2"
"BTK","TMIGD2","BCL2L2"
"BTK","ARRB2","BCL2L2"
"BTK","CRTC2","BCL2L2"
"BTK","CD28","BCL2L2"
"BTK","CCNE1","BCL2L2"
"BTK","SH2B2","BCL2L2"
"BTK","KSR1","BCL2L2"
"BTK","DDX58","BCL2L2"
"BTK","UBXN2B","BCL2L2"
"BTK","MST1R","BCL2L2"
"BTK","ABI1","BCL2L2"
"BTK","IFIH1","BCL2L2"
"BTK","GRB14","BCL2L2"
"BTK","STING1","BCL2L2"
"BTK","SPEN","BCL2L2"
"BTK","NFKB1","BCL2L2"
"BTK","CTDP1","BCL2L2"
"BTK","CLSPN","BCL2L2"
"BTK","PLCG2","BCL2L2"
"BTK","PPP1R14B","BCL2L2"
"BTK","PABIR1","BCL2L2"
"BTK","MAPK3","GAB2"
"BTK","AKT3","GAB2"
"BTK","AKT2","GAB2"
"BTK","PTEN","GAB2"
"BTK","AKT1","GAB2"
"BTK","CDK9","GAB2"
"BTK","WNK1","GAB2"
"BTK","PDPK1","GAB2"
"BTK","MAP2K1","GAB2"
"BTK","CyclinD/CDK4","GAB2"
"BTK","WWTR1","GAB2"
"BTK","DOK1","GAB2"
"BTK","MAP3K4","GAB2"
"BTK","PXN","GAB2"
"BTK","LEPR","GAB2"
"BTK","BCL3","GAB2"
"BTK","VCPIP1","GAB2"
"BTK","CCND1","GAB2"
"BTK","STAP1","GAB2"
"BTK","TBK1","GAB2"
"BTK","MEK1/2","GAB2"
"BTK","CALM1","GAB2"
"BTK","STK38","GAB2"
"BTK","IKK-complex","GAB2"
"BTK","SHC1","GAB2"
"BTK","GPSM3","GAB2"
"BTK","MAP3K8","GAB2"
"BTK","FBLIM1","GAB2"
"BTK","TEC","GAB2"
"BTK","VCP","GAB2"
"BTK","TMIGD2","GAB2"
"BTK","CCR2","GAB2"
"BTK","TRAF3","GAB2"
"BTK","PIK3CG","GAB2"
"BTK","PPP1R14A","GAB2"
"BTK","BCL10","GAB2"
"BTK","PIK3R6","GAB2"
"BTK","ROR2","GAB2"
"BTK","ABI1","GAB2"
"BTK","WDFY3","GAB2"
"BTK","LRP6","GAB2"
"BTK","GRB14","GAB2"
"BTK","RND1","GAB2"
"BTK","SPEN","GAB2"
"BTK","BLVRA","GAB2"
"BTK","GRB7","GAB2"
"BTK","BAZ1B","GAB2"
"BTK","PLCG2","GAB2"
"BTK","MAPK3","EZH2"
"BTK","CHUK","EZH2"
"BTK","AKT2","EZH2"
"BTK","PTEN","EZH2"
"BTK","MTOR","EZH2"
"BTK","AKT1","EZH2"
"BTK","PRKG1","EZH2"
"BTK","CCP110","EZH2"
"BTK","CALM2","EZH2"
"BTK","LCK","EZH2"
"BTK","ABL1","EZH2"
"BTK","PDPK1","EZH2"
"BTK","PRKCG","EZH2"
"BTK","PRKCZ","EZH2"
"BTK","MAP3K7","EZH2"
"BTK","IKBKB","EZH2"
"BTK","DOK1","EZH2"
"BTK","MAP3K4","EZH2"
"BTK","DAPK1","EZH2"
"BTK","PXN","EZH2"
"BTK","FGG","EZH2"
"BTK","RPS6KA3","EZH2"
"BTK","BCL3","EZH2"
"BTK","ATR","EZH2"
"BTK","IKBKE","EZH2"
"BTK","CALM1","EZH2"
"BTK","SHC1","EZH2"
"BTK","RELA","EZH2"
"BTK","EPHA2","EZH2"
"BTK","MAP3K8","EZH2"
"BTK","FBLIM1","EZH2"
"BTK","TMIGD2","EZH2"
"BTK","CCR2","EZH2"
"BTK","ARRB2","EZH2"
"BTK","FRS2","EZH2"
"BTK","CCNE1","EZH2"
"BTK","IMPDH2","EZH2"
"BTK","SET","EZH2"
"BTK","PIK3CG","EZH2"
"BTK","TRPV1","EZH2"
"BTK","KSR1","EZH2"
"BTK","MST1R","EZH2"
"BTK","RAD50","EZH2"
"BTK","PIK3C3","EZH2"
"BTK","STING1","EZH2"
"BTK","CLSPN","EZH2"
"BTK","AKT3","PIK3R1"
"BTK","PTEN","PIK3R1"
"BTK","MTOR","PIK3R1"
"BTK","AKT1","PIK3R1"
"BTK","PRKG1","PIK3R1"
"BTK","CALM2","PIK3R1"
"BTK","ERK1/2","PIK3R1"
"BTK","CDK9","PIK3R1"
"BTK","WNK1","PIK3R1"
"BTK","MAP2K1","PIK3R1"
"BTK","PRKCB","PIK3R1"
"BTK","PRKCG","PIK3R1"
"BTK","PRKCZ","PIK3R1"
"BTK","CyclinD/CDK4","PIK3R1"
"BTK","MAP3K1","PIK3R1"
"BTK","AKT","PIK3R1"
"BTK","IKBKB","PIK3R1"
"BTK","WWTR1","PIK3R1"
"BTK","MAP3K4","PIK3R1"
"BTK","LEPR","PIK3R1"
"BTK","RPS6KA3","PIK3R1"
"BTK","DVL1","PIK3R1"
"BTK","GRB2","PIK3R1"
"BTK","VCPIP1","PIK3R1"
"BTK","ATR","PIK3R1"
"BTK","SGK3","PIK3R1"
"BTK","IKBKE","PIK3R1"
"BTK","CCND1","PIK3R1"
"BTK","ILK","PIK3R1"
"BTK","TBK1","PIK3R1"
"BTK","MEK1/2","PIK3R1"
"BTK","CALM1","PIK3R1"
"BTK","STK38","PIK3R1"
"BTK","TLK1","PIK3R1"
"BTK","C9orf72","PIK3R1"
"BTK","SHC1","PIK3R1"
"BTK","RPS6KA4","PIK3R1"
"BTK","GPSM3","PIK3R1"
"BTK","RELA","PIK3R1"
"BTK","MAPKAPK5","PIK3R1"
"BTK","EPHA2","PIK3R1"
"BTK","MAP3K8","PIK3R1"
"BTK","PTPRR","PIK3R1"
"BTK","CDKN1B","PIK3R1"
"BTK","FBLIM1","PIK3R1"
"BTK","TEC","PIK3R1"
"BTK","VCP","PIK3R1"
"BTK","CCR2","PIK3R1"
"BTK","STIP1","PIK3R1"
"BTK","ARRB2","PIK3R1"
"BTK","CRTC2","PIK3R1"
"BTK","CD28","PIK3R1"
"BTK","INPP5D","PIK3R1"
"BTK","CCNE1","PIK3R1"
"BTK","IMPDH2","PIK3R1"
"BTK","SH2B2","PIK3R1"
"BTK","BCL10","PIK3R1"
"BTK","PIK3R6","PIK3R1"
"BTK","HDAC2","PIK3R1"
"BTK","KSR1","PIK3R1"
"BTK","DDX58","PIK3R1"
"BTK","UBXN2B","PIK3R1"
"BTK","MST1R","PIK3R1"
"BTK","ROR2","PIK3R1"
"BTK","ABI1","PIK3R1"
"BTK","IFIH1","PIK3R1"
"BTK","LRP6","PIK3R1"
"BTK","GRB14","PIK3R1"
"BTK","HOXB7","PIK3R1"
"BTK","STING1","PIK3R1"
"BTK","SPEN","PIK3R1"
"BTK","NFKB1","PIK3R1"
"BTK","CTDP1","PIK3R1"
"BTK","BLVRA","PIK3R1"
"BTK","CLSPN","PIK3R1"
"BTK","GRB7","PIK3R1"
"BTK","PPP1R14B","PIK3R1"
"BTK","MAPK3","BLM"
"BTK","AKT3","BLM"
"BTK","AKT2","BLM"
"BTK","MTOR","BLM"
"BTK","CCP110","BLM"
"BTK","RPS6K","BLM"
"BTK","CALM2","BLM"
"BTK","ERK1/2","BLM"
"BTK","Gbeta","BLM"
"BTK","LCK","BLM"
"BTK","CDK9","BLM"
"BTK","WNK1","BLM"
"BTK","PRKCB","BLM"
"BTK","PRKCG","BLM"
"BTK","CyclinD/CDK4","BLM"
"BTK","MAP3K1","BLM"
"BTK","MAP3K7","BLM"
"BTK","AKT","BLM"
"BTK","WWTR1","BLM"
"BTK","DOK1","BLM"
"BTK","DAPK1","BLM"
"BTK","PXN","BLM"
"BTK","FGG","BLM"
"BTK","LEPR","BLM"
"BTK","DVL1","BLM"
"BTK","VCPIP1","BLM"
"BTK","ATR","BLM"
"BTK","PTK6","BLM"
"BTK","IKBKE","BLM"
"BTK","CCND1","BLM"
"BTK","ILK","BLM"
"BTK","SPRED1","BLM"
"BTK","MEK1/2","BLM"
"BTK","PTPN7","BLM"
"BTK","TLK1","BLM"
"BTK","MAP4K1","BLM"
"BTK","RET","BLM"
"BTK","DDX41","BLM"
"BTK","IKK-complex","BLM"
"BTK","SHC1","BLM"
"BTK","GPSM3","BLM"
"BTK","RELA","BLM"
"BTK","MAPKAPK5","BLM"
"BTK","MAP3K8","BLM"
"BTK","PTPRR","BLM"
"BTK","CDKN1B","BLM"
"BTK","TEC","BLM"
"BTK","VCP","BLM"
"BTK","TMIGD2","BLM"
"BTK","CRTC2","BLM"
"BTK","CD28","BLM"
"BTK","FRS2","BLM"
"BTK","IMPDH2","BLM"
"BTK","PIK3CG","BLM"
"BTK","TRPV1","BLM"
"BTK","PPP1R14A","BLM"
"BTK","PIK3R6","BLM"
"BTK","HDAC2","BLM"
"BTK","MST1R","BLM"
"BTK","ABI1","BLM"
"BTK","TTI1","BLM"
"BTK","GRB14","BLM"
"BTK","HOXB7","BLM"
"BTK","PIK3C3","BLM"
"BTK","STING1","BLM"
"BTK","SPEN","BLM"
"BTK","CLSPN","BLM"
"BTK","RBL2","BLM"
"BTK","PABIR1","BLM"
"BTK","MAPK3","FRS2"
"BTK","AKT2","FRS2"
"BTK","PTEN","FRS2"
"BTK","PRKCQ","FRS2"
"BTK","AKT1","FRS2"
"BTK","CCP110","FRS2"
"BTK","RPS6K","FRS2"
"BTK","ERK1/2","FRS2"
"BTK","Gbeta","FRS2"
"BTK","RPS6KA5","FRS2"
"BTK","WNK1","FRS2"
"BTK","PRKCG","FRS2"
"BTK","MAP3K7","FRS2"
"BTK","IKBKB","FRS2"
"BTK","MAP3K4","FRS2"
"BTK","DAPK1","FRS2"
"BTK","PXN","FRS2"
"BTK","FGG","FRS2"
"BTK","GRB2","FRS2"
"BTK","PTK6","FRS2"
"BTK","CCND1","FRS2"
"BTK","STAP1","FRS2"
"BTK","FADD","FRS2"
"BTK","STK38","FRS2"
"BTK","C9orf72","FRS2"
"BTK","SHC1","FRS2"
"BTK","RELA","FRS2"
"BTK","EPHA2","FRS2"
"BTK","PTPRR","FRS2"
"BTK","CDKN1B","FRS2"
"BTK","TEC","FRS2"
"BTK","VCP","FRS2"
"BTK","PSTPIP1","FRS2"
"BTK","ARRB2","FRS2"
"BTK","TRAF3","FRS2"
"BTK","CRTC2","FRS2"
"BTK","INPP5D","FRS2"
"BTK","CCNE1","FRS2"
"BTK","PIK3R6","FRS2"
"BTK","MRE11","FRS2"
"BTK","KSR1","FRS2"
"BTK","UBXN2B","FRS2"
"BTK","RND1","FRS2"
"BTK","SPEN","FRS2"
"BTK","GRB7","FRS2"
"BTK","PPP1R14B","FRS2"
"BTK","CHUK","CCNE1"
"BTK","CCP110","CCNE1"
"BTK","RPS6K","CCNE1"
"BTK","Gbeta","CCNE1"
"BTK","RPS6KA5","CCNE1"
"BTK","PDPK1","CCNE1"
"BTK","SGK1","CCNE1"
"BTK","MAP2K1","CCNE1"
"BTK","PRKCB","CCNE1"
"BTK","AKT","CCNE1"
"BTK","LEPR","CCNE1"
"BTK","BCL3","CCNE1"
"BTK","PTK6","CCNE1"
"BTK","CCND1","CCNE1"
"BTK","TBK1","CCNE1"
"BTK","SPRED1","CCNE1"
"BTK","CALM1","CCNE1"
"BTK","STK38","CCNE1"
"BTK","CDKN2A","CCNE1"
"BTK","DDX41","CCNE1"
"BTK","GPSM3","CCNE1"
"BTK","MAPKAPK5","CCNE1"
"BTK","EPHA2","CCNE1"
"BTK","PTPRR","CCNE1"
"BTK","FBLIM1","CCNE1"
"BTK","VCP","CCNE1"
"BTK","CRTC2","CCNE1"
"BTK","FRS2","CCNE1"
"BTK","SH2B2","CCNE1"
"BTK","PPP1R14A","CCNE1"
"BTK","PIK3R6","CCNE1"
"BTK","HDAC2","CCNE1"
"BTK","KSR1","CCNE1"
"BTK","ROR2","CCNE1"
"BTK","ABI1","CCNE1"
"BTK","TTI1","CCNE1"
"BTK","WDFY3","CCNE1"
"BTK","RND1","CCNE1"
"BTK","STING1","CCNE1"
"BTK","BLVRA","CCNE1"
"BTK","GRB7","CCNE1"
"BTK","RBL2","CCNE1"
"BTK","PABIR1","CCNE1"
"BTK","CHUK","BCAR1"
"BTK","MTOR","BCAR1"
"BTK","AKT1","BCAR1"
"BTK","PRKG1","BCAR1"
"BTK","RPS6K","BCAR1"
"BTK","CALM2","BCAR1"
"BTK","ERK1/2","BCAR1"
"BTK","Gbeta","BCAR1"
"BTK","MAP2K1","BCAR1"
"BTK","PRKCG","BCAR1"
"BTK","CyclinD/CDK4","BCAR1"
"BTK","MAP3K1","BCAR1"
"BTK","PXN","BCAR1"
"BTK","FGG","BCAR1"
"BTK","LEPR","BCAR1"
"BTK","RPS6KA3","BCAR1"
"BTK","DVL1","BCAR1"
"BTK","GRB2","BCAR1"
"BTK","ATR","BCAR1"
"BTK","PTK6","BCAR1"
"BTK","ILK","BCAR1"
"BTK","STAP1","BCAR1"
"BTK","TBK1","BCAR1"
"BTK","PTPN7","BCAR1"
"BTK","FADD","BCAR1"
"BTK","TLK1","BCAR1"
"BTK","RET","BCAR1"
"BTK","DDX41","BCAR1"
"BTK","EPHA2","BCAR1"
"BTK","CDKN1B","BCAR1"
"BTK","TEC","BCAR1"
"BTK","TMIGD2","BCAR1"
"BTK","CCR2","BCAR1"
"BTK","STIP1","BCAR1"
"BTK","TRAF3","BCAR1"
"BTK","FRS2","BCAR1"
"BTK","CCNE1","BCAR1"
"BTK","IMPDH2","BCAR1"
"BTK","SET","BCAR1"
"BTK","SH2B2","BCAR1"
"BTK","PPP1R14A","BCAR1"
"BTK","BCL10","BCAR1"
"BTK","MRE11","BCAR1"
"BTK","KSR1","BCAR1"
"BTK","DDX58","BCAR1"
"BTK","MST1R","BCAR1"
"BTK","ROR2","BCAR1"
"BTK","NFKB1","BCAR1"
"BTK","CTDP1","BCAR1"
"BTK","CLSPN","BCAR1"
"BTK","PPP1R14B","BCAR1"
"BTK","CHUK","SIRT2"
"BTK","AKT2","SIRT2"
"BTK","PRKCQ","SIRT2"
"BTK","MTOR","SIRT2"
"BTK","PRKG1","SIRT2"
"BTK","CCP110","SIRT2"
"BTK","CALM2","SIRT2"
"BTK","ERK1/2","SIRT2"
"BTK","LCK","SIRT2"
"BTK","PRKCB","SIRT2"
"BTK","MAP3K1","SIRT2"
"BTK","MAP3K7","SIRT2"
"BTK","AKT","SIRT2"
"BTK","IKBKB","SIRT2"
"BTK","DOK1","SIRT2"
"BTK","MAP3K4","SIRT2"
"BTK","DAPK1","SIRT2"
"BTK","FGG","SIRT2"
"BTK","ITK","SIRT2"
"BTK","BCL3","SIRT2"
"BTK","GRB2","SIRT2"
"BTK","ATR","SIRT2"
"BTK","SGK3","SIRT2"
"BTK","IKBKE","SIRT2"
"BTK","CCND1","SIRT2"
"BTK","TBK1","SIRT2"
"BTK","SPRED1","SIRT2"
"BTK","MEK1/2","SIRT2"
"BTK","CALM1","SIRT2"
"BTK","STK38","SIRT2"
"BTK","C9orf72","SIRT2"
"BTK","CDKN2A","SIRT2"
"BTK","IKK-complex","SIRT2"
"BTK","GPSM3","SIRT2"
"BTK","MAPKAPK5","SIRT2"
"BTK","EPHA2","SIRT2"
"BTK","PTPRR","SIRT2"
"BTK","CDKN1B","SIRT2"
"BTK","FBLIM1","SIRT2"
"BTK","PSTPIP1","SIRT2"
"BTK","ARRB2","SIRT2"
"BTK","CRTC2","SIRT2"
"BTK","INPP5D","SIRT2"
"BTK","IMPDH2","SIRT2"
"BTK","SET","SIRT2"
"BTK","PIK3CG","SIRT2"
"BTK","SH2B2","SIRT2"
"BTK","PPP1R14A","SIRT2"
"BTK","PIK3R6","SIRT2"
"BTK","HDAC2","SIRT2"
"BTK","DDX58","SIRT2"
"BTK","UBXN2B","SIRT2"
"BTK","MST1R","SIRT2"
"BTK","ROR2","SIRT2"
"BTK","ABI1","SIRT2"
"BTK","IFIH1","SIRT2"
"BTK","TTI1","SIRT2"
"BTK","LRP6","SIRT2"
"BTK","GRB14","SIRT2"
"BTK","RND1","SIRT2"
"BTK","SPEN","SIRT2"
"BTK","NFKB1","SIRT2"
"BTK","CTDP1","SIRT2"
"BTK","BLVRA","SIRT2"
"BTK","MAPKAP1","SIRT2"
"BTK","BAZ1B","SIRT2"
"BTK","RBL2","SIRT2"
"BTK","PPP1R14B","SIRT2"
"BTK","PABIR1","SIRT2"
"BTK","AKT3","TPR"
"BTK","CHUK","TPR"
"BTK","AKT2","TPR"
"BTK","PRKCQ","TPR"
"BTK","PRKG1","TPR"
"BTK","CCP110","TPR"
"BTK","LCK","TPR"
"BTK","WNK1","TPR"
"BTK","CyclinD/CDK4","TPR"
"BTK","MAP3K1","TPR"
"BTK","DOK1","TPR"
"BTK","FGG","TPR"
"BTK","BCL3","TPR"
"BTK","DVL1","TPR"
"BTK","GRB2","TPR"
"BTK","ATR","TPR"
"BTK","SGK3","TPR"
"BTK","TBK1","TPR"
"BTK","TLK1","TPR"
"BTK","C9orf72","TPR"
"BTK","MAP4K1","TPR"
"BTK","RPS6KA4","TPR"
"BTK","NTRK1","TPR"
"BTK","EPHA2","TPR"
"BTK","CDKN1B","TPR"
"BTK","VCP","TPR"
"BTK","GRIP1","TPR"
"BTK","TMIGD2","TPR"
"BTK","TRAF3","TPR"
"BTK","FRS2","TPR"
"BTK","TRPV1","TPR"
"BTK","PIK3R6","TPR"
"BTK","MRE11","TPR"
"BTK","HDAC2","TPR"
"BTK","DDX58","TPR"
"BTK","ABI1","TPR"
"BTK","RAD50","TPR"
"BTK","GRB14","TPR"
"BTK","SPEN","TPR"
"BTK","CTDP1","TPR"
"BTK","TELO2","TPR"
"BTK","BLVRA","TPR"
"BTK","MAPKAP1","TPR"
"BTK","GRB7","TPR"
"BTK","RBL2","TPR"
"BTK","PPP1R14B","TPR"
"BTK","PABIR1","TPR"
"BTK","MAPK3","RAPH1"
"BTK","AKT1","RAPH1"
"BTK","PRKG1","RAPH1"
"BTK","CCP110","RAPH1"
"BTK","RPS6K","RAPH1"
"BTK","ERK1/2","RAPH1"
"BTK","Gbeta","RAPH1"
"BTK","LCK","RAPH1"
"BTK","CDK9","RAPH1"
"BTK","RPS6KA5","RAPH1"
"BTK","PDPK1","RAPH1"
"BTK","SGK1","RAPH1"
"BTK","PRKCB","RAPH1"
"BTK","PRKCG","RAPH1"
"BTK","PRKCZ","RAPH1"
"BTK","MAP3K7","RAPH1"
"BTK","DAPK1","RAPH1"
"BTK","LEPR","RAPH1"
"BTK","FZR1","RAPH1"
"BTK","VCPIP1","RAPH1"
"BTK","ATR","RAPH1"
"BTK","PTK6","RAPH1"
"BTK","IKBKE","RAPH1"
"BTK","ILK","RAPH1"
"BTK","STAP1","RAPH1"
"BTK","MEK1/2","RAPH1"
"BTK","PTPN7","RAPH1"
"BTK","STK38","RAPH1"
"BTK","CDKN2A","RAPH1"
"BTK","RET","RAPH1"
"BTK","DDX41","RAPH1"
"BTK","IKK-complex","RAPH1"
"BTK","SHC1","RAPH1"
"BTK","RPS6KA4","RAPH1"
"BTK","GPSM3","RAPH1"
"BTK","RELA","RAPH1"
"BTK","PTPRR","RAPH1"
"BTK","FBLIM1","RAPH1"
"BTK","VCP","RAPH1"
"BTK","TMIGD2","RAPH1"
"BTK","STIP1","RAPH1"
"BTK","ARRB2","RAPH1"
"BTK","TRAF3","RAPH1"
"BTK","CRTC2","RAPH1"
"BTK","FRS2","RAPH1"
"BTK","SET","RAPH1"
"BTK","PIK3CG","RAPH1"
"BTK","MRE11","RAPH1"
"BTK","HDAC2","RAPH1"
"BTK","KSR1","RAPH1"
"BTK","DDX58","RAPH1"
"BTK","MST1R","RAPH1"
"BTK","ABI1","RAPH1"
"BTK","IFIH1","RAPH1"
"BTK","RAD50","RAPH1"
"BTK","WDFY3","RAPH1"
"BTK","LRP6","RAPH1"
"BTK","GRB14","RAPH1"
"BTK","HOXB7","RAPH1"
"BTK","STING1","RAPH1"
"BTK","SPEN","RAPH1"
"BTK","NFKB1","RAPH1"
"BTK","CTDP1","RAPH1"
"BTK","TELO2","RAPH1"
"BTK","BLVRA","RAPH1"
"BTK","CLSPN","RAPH1"
"BTK","MAPKAP1","RAPH1"
"BTK","GRB7","RAPH1"
"BTK","PLCG2","RAPH1"
"BTK","RBL2","RAPH1"
"BTK","AKT2","PPARG"
"BTK","PTEN","PPARG"
"BTK","MTOR","PPARG"
"BTK","AKT1","PPARG"
"BTK","PRKG1","PPARG"
"BTK","CCP110","PPARG"
"BTK","RPS6K","PPARG"
"BTK","CALM2","PPARG"
"BTK","ERK1/2","PPARG"
"BTK","Gbeta","PPARG"
"BTK","LCK","PPARG"
"BTK","CDK9","PPARG"
"BTK","ABL1","PPARG"
"BTK","RPS6KA5","PPARG"
"BTK","WNK1","PPARG"
"BTK","PDPK1","PPARG"
"BTK","SGK1","PPARG"
"BTK","PRKCB","PPARG"
"BTK","PRKCZ","PPARG"
"BTK","CyclinD/CDK4","PPARG"
"BTK","MAP3K1","PPARG"
"BTK","MAP3K7","PPARG"
"BTK","IKBKB","PPARG"
"BTK","WWTR1","PPARG"
"BTK","DOK1","PPARG"
"BTK","MAP3K4","PPARG"
"BTK","DAPK1","PPARG"
"BTK","PXN","PPARG"
"BTK","LEPR","PPARG"
"BTK","ITK","PPARG"
"BTK","RPS6KA3","PPARG"
"BTK","BCL3","PPARG"
"BTK","GRB2","PPARG"
"BTK","VCPIP1","PPARG"
"BTK","ATR","PPARG"
"BTK","SGK3","PPARG"
"BTK","PTK6","PPARG"
"BTK","IKBKE","PPARG"
"BTK","CCND1","PPARG"
"BTK","STAP1","PPARG"
"BTK","TBK1","PPARG"
"BTK","SPRED1","PPARG"
"BTK","PTPN7","PPARG"
"BTK","CALM1","PPARG"
"BTK","FADD","PPARG"
"BTK","TLK1","PPARG"
"BTK","CDKN2A","PPARG"
"BTK","MAP4K1","PPARG"
"BTK","RET","PPARG"
"BTK","DDX41","PPARG"
"BTK","IKK-complex","PPARG"
"BTK","SHC1","PPARG"
"BTK","RPS6KA4","PPARG"
"BTK","NTRK1","PPARG"
"BTK","GPSM3","PPARG"
"BTK","RELA","PPARG"
"BTK","EPHA2","PPARG"
"BTK","MAP3K8","PPARG"
"BTK","CDKN1B","PPARG"
"BTK","FBLIM1","PPARG"
"BTK","TEC","PPARG"
"BTK","VCP","PPARG"
"BTK","GRIP1","PPARG"
"BTK","TMIGD2","PPARG"
"BTK","STIP1","PPARG"
"BTK","PSTPIP1","PPARG"
"BTK","ARRB2","PPARG"
"BTK","CRTC2","PPARG"
"BTK","CD28","PPARG"
"BTK","FRS2","PPARG"
"BTK","CCNE1","PPARG"
"BTK","IMPDH2","PPARG"
"BTK","SET","PPARG"
"BTK","PPP1R14A","PPARG"
"BTK","MRE11","PPARG"
"BTK","KSR1","PPARG"
"BTK","DDX58","PPARG"
"BTK","UBXN2B","PPARG"
"BTK","IFIH1","PPARG"
"BTK","WDFY3","PPARG"
"BTK","LRP6","PPARG"
"BTK","GRB14","PPARG"
"BTK","HOXB7","PPARG"
"BTK","NFKB1","PPARG"
"BTK","TELO2","PPARG"
"BTK","GRB7","PPARG"
"BTK","RBL2","PPARG"
"BTK","PPP1R14B","PPARG"
"BTK","PABIR1","PPARG"
"BTK","PRKG1","GRB10"
"BTK","RPS6K","GRB10"
"BTK","CALM2","GRB10"
"BTK","ERK1/2","GRB10"
"BTK","Gbeta","GRB10"
"BTK","LCK","GRB10"
"BTK","CDK9","GRB10"
"BTK","WNK1","GRB10"
"BTK","MAP2K1","GRB10"
"BTK","PRKCG","GRB10"
"BTK","PRKCZ","GRB10"
"BTK","CyclinD/CDK4","GRB10"
"BTK","MAP3K1","GRB10"
"BTK","IKBKB","GRB10"
"BTK","WWTR1","GRB10"
"BTK","LEPR","GRB10"
"BTK","ITK","GRB10"
"BTK","mTORC1","GRB10"
"BTK","DVL1","GRB10"
"BTK","IKBKE","GRB10"
"BTK","ILK","GRB10"
"BTK","MEK1/2","GRB10"
"BTK","CDKN2A","GRB10"
"BTK","SHC1","GRB10"
"BTK","RPS6KA4","GRB10"
"BTK","RELA","GRB10"
"BTK","MAP3K8","GRB10"
"BTK","PTPRR","GRB10"
"BTK","CDKN1B","GRB10"
"BTK","FBLIM1","GRB10"
"BTK","STIP1","GRB10"
"BTK","PSTPIP1","GRB10"
"BTK","FRS2","GRB10"
"BTK","CCNE1","GRB10"
"BTK","IMPDH2","GRB10"
"BTK","SET","GRB10"
"BTK","PIK3CG","GRB10"
"BTK","SH2B2","GRB10"
"BTK","TRPV1","GRB10"
"BTK","PPP1R14A","GRB10"
"BTK","MRE11","GRB10"
"BTK","HDAC2","GRB10"
"BTK","DDX58","GRB10"
"BTK","LRP6","GRB10"
"BTK","HOXB7","GRB10"
"BTK","PIK3C3","GRB10"
"BTK","STING1","GRB10"
"BTK","SPEN","GRB10"
"BTK","NFKB1","GRB10"
"BTK","TELO2","GRB10"
"BTK","BLVRA","GRB10"
"BTK","MAPKAP1","GRB10"
"BTK","BAZ1B","GRB10"
"BTK","PABIR1","GRB10"
"BTK","AKT3","MAP1LC3B"
"BTK","AKT2","MAP1LC3B"
"BTK","AKT1","MAP1LC3B"
"BTK","PRKG1","MAP1LC3B"
"BTK","CCP110","MAP1LC3B"
"BTK","RPS6K","MAP1LC3B"
"BTK","ERK1/2","MAP1LC3B"
"BTK","LCK","MAP1LC3B"
"BTK","ABL1","MAP1LC3B"
"BTK","WNK1","MAP1LC3B"
"BTK","SGK1","MAP1LC3B"
"BTK","PRKCG","MAP1LC3B"
"BTK","MAP3K7","MAP1LC3B"
"BTK","DOK1","MAP1LC3B"
"BTK","MAP3K4","MAP1LC3B"
"BTK","FGG","MAP1LC3B"
"BTK","ITK","MAP1LC3B"
"BTK","DVL1","MAP1LC3B"
"BTK","FZR1","MAP1LC3B"
"BTK","VCPIP1","MAP1LC3B"
"BTK","PTK6","MAP1LC3B"
"BTK","PTPN7","MAP1LC3B"
"BTK","FADD","MAP1LC3B"
"BTK","TLK1","MAP1LC3B"
"BTK","MAP4K1","MAP1LC3B"
"BTK","IKK-complex","MAP1LC3B"
"BTK","SHC1","MAP1LC3B"
"BTK","MAP3K8","MAP1LC3B"
"BTK","TEC","MAP1LC3B"
"BTK","VCP","MAP1LC3B"
"BTK","GRIP1","MAP1LC3B"
"BTK","CCR2","MAP1LC3B"
"BTK","STIP1","MAP1LC3B"
"BTK","ARRB2","MAP1LC3B"
"BTK","TRAF3","MAP1LC3B"
"BTK","SET","MAP1LC3B"
"BTK","PIK3CG","MAP1LC3B"
"BTK","BCL10","MAP1LC3B"
"BTK","MST1R","MAP1LC3B"
"BTK","ROR2","MAP1LC3B"
"BTK","ABI1","MAP1LC3B"
"BTK","IFIH1","MAP1LC3B"
"BTK","TTI1","MAP1LC3B"
"BTK","LRP6","MAP1LC3B"
"BTK","SPEN","MAP1LC3B"
"BTK","TELO2","MAP1LC3B"
"BTK","MAPK3","GLI3"
"BTK","CALM2","GLI3"
"BTK","LCK","GLI3"
"BTK","SGK1","GLI3"
"BTK","PRKCB","GLI3"
"BTK","PRKCG","GLI3"
"BTK","PRKCZ","GLI3"
"BTK","CyclinD/CDK4","GLI3"
"BTK","AKT","GLI3"
"BTK","IKBKB","GLI3"
"BTK","FGG","GLI3"
"BTK","RPS6KA3","GLI3"
"BTK","DVL1","GLI3"
"BTK","GRB2","GLI3"
"BTK","ILK","GLI3"
"BTK","SPRED1","GLI3"
"BTK","FADD","GLI3"
"BTK","RELA","GLI3"
"BTK","MAPKAPK5","GLI3"
"BTK","TEC","GLI3"
"BTK","VCP","GLI3"
"BTK","STIP1","GLI3"
"BTK","PSTPIP1","GLI3"
"BTK","CRTC2","GLI3"
"BTK","CD28","GLI3"
"BTK","INPP5D","GLI3"
"BTK","SET","GLI3"
"BTK","TRPV1","GLI3"
"BTK","BCL10","GLI3"
"BTK","HDAC2","GLI3"
"BTK","UBXN2B","GLI3"
"BTK","IFIH1","GLI3"
"BTK","TTI1","GLI3"
"BTK","PIK3C3","GLI3"
"BTK","SPEN","GLI3"
"BTK","BLVRA","GLI3"
"BTK","CLSPN","GLI3"
"BTK","MAPKAP1","GLI3"
"BTK","BAZ1B","GLI3"
"BTK","PLCG2","GLI3"
"BTK","RBL2","GLI3"
"BTK","PPP1R14B","GLI3"
"BTK","PABIR1","GLI3"
"BTK","MAPK3","IMPDH2"
"BTK","AKT3","IMPDH2"
"BTK","AKT2","IMPDH2"
"BTK","MTOR","IMPDH2"
"BTK","CCP110","IMPDH2"
"BTK","ERK1/2","IMPDH2"
"BTK","PRKCB","IMPDH2"
"BTK","PRKCG","IMPDH2"
"BTK","PRKCZ","IMPDH2"
"BTK","WWTR1","IMPDH2"
"BTK","DOK1","IMPDH2"
"BTK","MAP3K4","IMPDH2"
"BTK","LEPR","IMPDH2"
"BTK","DVL1","IMPDH2"
"BTK","PTK6","IMPDH2"
"BTK","IKBKE","IMPDH2"
"BTK","ILK","IMPDH2"
"BTK","STAP1","IMPDH2"
"BTK","SPRED1","IMPDH2"
"BTK","PTPN7","IMPDH2"
"BTK","CALM1","IMPDH2"
"BTK","CDKN2A","IMPDH2"
"BTK","DDX41","IMPDH2"
"BTK","SHC1","IMPDH2"
"BTK","RELA","IMPDH2"
"BTK","EPHA2","IMPDH2"
"BTK","MAP3K8","IMPDH2"
"BTK","PTPRR","IMPDH2"
"BTK","CDKN1B","IMPDH2"
"BTK","FBLIM1","IMPDH2"
"BTK","VCP","IMPDH2"
"BTK","TMIGD2","IMPDH2"
"BTK","ARRB2","IMPDH2"
"BTK","TRAF3","IMPDH2"
"BTK","INPP5D","IMPDH2"
"BTK","FRS2","IMPDH2"
"BTK","CCNE1","IMPDH2"
"BTK","SH2B2","IMPDH2"
"BTK","TRPV1","IMPDH2"
"BTK","PPP1R14A","IMPDH2"
"BTK","DDX58","IMPDH2"
"BTK","MST1R","IMPDH2"
"BTK","ROR2","IMPDH2"
"BTK","IFIH1","IMPDH2"
"BTK","TTI1","IMPDH2"
"BTK","WDFY3","IMPDH2"
"BTK","LRP6","IMPDH2"
"BTK","GRB14","IMPDH2"
"BTK","HOXB7","IMPDH2"
"BTK","PIK3C3","IMPDH2"
"BTK","TELO2","IMPDH2"
"BTK","BLVRA","IMPDH2"
"BTK","CLSPN","IMPDH2"
"BTK","GRB7","IMPDH2"
"BTK","RBL2","IMPDH2"
"BTK","PABIR1","IMPDH2"
"BTK","ERK1/2","GPHN"
"BTK","AKT2","ASAP3"
"BTK","PRKCQ","ASAP3"
"BTK","AKT1","ASAP3"
"BTK","CCP110","ASAP3"
"BTK","ERK1/2","ASAP3"
"BTK","SGK1","ASAP3"
"BTK","MAP3K1","ASAP3"
"BTK","MAP3K7","ASAP3"
"BTK","AKT","ASAP3"
"BTK","IKBKB","ASAP3"
"BTK","MAP3K4","ASAP3"
"BTK","DAPK1","ASAP3"
"BTK","PXN","ASAP3"
"BTK","DVL1","ASAP3"
"BTK","ATR","ASAP3"
"BTK","TBK1","ASAP3"
"BTK","PTPN7","ASAP3"
"BTK","DDX41","ASAP3"
"BTK","MAP3K8","ASAP3"
"BTK","FBLIM1","ASAP3"
"BTK","TRAF3","ASAP3"
"BTK","IMPDH2","ASAP3"
"BTK","PIK3CG","ASAP3"
"BTK","PPP1R14A","ASAP3"
"BTK","HDAC2","ASAP3"
"BTK","MST1R","ASAP3"
"BTK","WDFY3","ASAP3"
"BTK","STING1","ASAP3"
"BTK","PPP1R14B","ASAP3"
"BTK","MAPK3","CBX1"
"BTK","AKT2","CBX1"
"BTK","PTEN","CBX1"
"BTK","AKT1","CBX1"
"BTK","RPS6K","CBX1"
"BTK","CALM2","CBX1"
"BTK","ERK1/2","CBX1"
"BTK","WNK1","CBX1"
"BTK","SGK1","CBX1"
"BTK","PRKCB","CBX1"
"BTK","PRKCZ","CBX1"
"BTK","MAP3K1","CBX1"
"BTK","DAPK1","CBX1"
"BTK","LEPR","CBX1"
"BTK","RPS6KA3","CBX1"
"BTK","BCL3","CBX1"
"BTK","GRB2","CBX1"
"BTK","ATR","CBX1"
"BTK","PTK6","CBX1"
"BTK","FADD","CBX1"
"BTK","TLK1","CBX1"
"BTK","RET","CBX1"
"BTK","DDX41","CBX1"
"BTK","NTRK1","CBX1"
"BTK","MAP3K8","CBX1"
"BTK","CDKN1B","CBX1"
"BTK","FBLIM1","CBX1"
"BTK","TEC","CBX1"
"BTK","GRIP1","CBX1"
"BTK","PSTPIP1","CBX1"
"BTK","CRTC2","CBX1"
"BTK","FRS2","CBX1"
"BTK","CCNE1","CBX1"
"BTK","IMPDH2","CBX1"
"BTK","SH2B2","CBX1"
"BTK","PPP1R14A","CBX1"
"BTK","BCL10","CBX1"
"BTK","RAD50","CBX1"
"BTK","TTI1","CBX1"
"BTK","WDFY3","CBX1"
"BTK","LRP6","CBX1"
"BTK","GRB14","CBX1"
"BTK","HOXB7","CBX1"
"BTK","STING1","CBX1"
"BTK","SPEN","CBX1"
"BTK","ITK","NIBAN2"
"BTK","PLCG2","RUNX1"
"BTK","AKT3","GRM5"
"BTK","PTEN","GRM5"
"BTK","PRKCQ","GRM5"
"BTK","MTOR","GRM5"
"BTK","Gbeta","GRM5"
"BTK","LCK","GRM5"
"BTK","PDPK1","GRM5"
"BTK","SGK1","GRM5"
"BTK","CyclinD/CDK4","GRM5"
"BTK","MAP3K1","GRM5"
"BTK","AKT","GRM5"
"BTK","IKBKB","GRM5"
"BTK","LEPR","GRM5"
"BTK","VCPIP1","GRM5"
"BTK","ATR","GRM5"
"BTK","PTK6","GRM5"
"BTK","CCND1","GRM5"
"BTK","ILK","GRM5"
"BTK","STAP1","GRM5"
"BTK","SPRED1","GRM5"
"BTK","MEK1/2","GRM5"
"BTK","PTPN7","GRM5"
"BTK","FADD","GRM5"
"BTK","STK38","GRM5"
"BTK","MAP4K1","GRM5"
"BTK","RET","GRM5"
"BTK","DDX41","GRM5"
"BTK","SHC1","GRM5"
"BTK","RPS6KA4","GRM5"
"BTK","NTRK1","GRM5"
"BTK","MAPKAPK5","GRM5"
"BTK","EPHA2","GRM5"
"BTK","MAP3K8","GRM5"
"BTK","FBLIM1","GRM5"
"BTK","VCP","GRM5"
"BTK","TMIGD2","GRM5"
"BTK","CCR2","GRM5"
"BTK","STIP1","GRM5"
"BTK","ARRB2","GRM5"
"BTK","FRS2","GRM5"
"BTK","CCNE1","GRM5"
"BTK","PIK3CG","GRM5"
"BTK","SH2B2","GRM5"
"BTK","TRPV1","GRM5"
"BTK","PIK3R6","GRM5"
"BTK","HDAC2","GRM5"
"BTK","KSR1","GRM5"
"BTK","ROR2","GRM5"
"BTK","ABI1","GRM5"
"BTK","RAD50","GRM5"
"BTK","HOXB7","GRM5"
"BTK","PIK3C3","GRM5"
"BTK","RND1","GRM5"
"BTK","NFKB1","GRM5"
"BTK","CTDP1","GRM5"
"BTK","BLVRA","GRM5"
"BTK","CLSPN","GRM5"
"BTK","MAPKAP1","GRM5"
"BTK","GRB7","GRM5"
"BTK","PLCG2","GRM5"
"BTK","RBL2","GRM5"
"BTK","PPP1R14B","GRM5"
"BTK","PABIR1","GRM5"
"BTK","MAPK3","TUBB"
"BTK","AKT3","TUBB"
"BTK","CHUK","TUBB"
"BTK","AKT2","TUBB"
"BTK","PTEN","TUBB"
"BTK","PRKCQ","TUBB"
"BTK","AKT1","TUBB"
"BTK","PRKG1","TUBB"
"BTK","CCP110","TUBB"
"BTK","CALM2","TUBB"
"BTK","Gbeta","TUBB"
"BTK","WNK1","TUBB"
"BTK","PDPK1","TUBB"
"BTK","SGK1","TUBB"
"BTK","PRKCB","TUBB"
"BTK","PRKCZ","TUBB"
"BTK","MAP3K7","TUBB"
"BTK","AKT","TUBB"
"BTK","DOK1","TUBB"
"BTK","MAP3K4","TUBB"
"BTK","PXN","TUBB"
"BTK","ITK","TUBB"
"BTK","RPS6KA3","TUBB"
"BTK","BCL3","TUBB"
"BTK","DVL1","TUBB"
"BTK","ATR","TUBB"
"BTK","SGK3","TUBB"
"BTK","PTK6","TUBB"
"BTK","ILK","TUBB"
"BTK","STAP1","TUBB"
"BTK","TBK1","TUBB"
"BTK","MEK1/2","TUBB"
"BTK","PTPN7","TUBB"
"BTK","CALM1","TUBB"
"BTK","C9orf72","TUBB"
"BTK","MAP4K1","TUBB"
"BTK","NTRK1","TUBB"
"BTK","EPHA2","TUBB"
"BTK","PTPRR","TUBB"
"BTK","FBLIM1","TUBB"
"BTK","TEC","TUBB"
"BTK","ARRB2","TUBB"
"BTK","CRTC2","TUBB"
"BTK","CD28","TUBB"
"BTK","INPP5D","TUBB"
"BTK","FRS2","TUBB"
"BTK","PIK3CG","TUBB"
"BTK","TRPV1","TUBB"
"BTK","PPP1R14A","TUBB"
"BTK","BCL10","TUBB"
"BTK","HDAC2","TUBB"
"BTK","UBXN2B","TUBB"
"BTK","MST1R","TUBB"
"BTK","TTI1","TUBB"
"BTK","WDFY3","TUBB"
"BTK","GRB14","TUBB"
"BTK","PIK3C3","TUBB"
"BTK","SPEN","TUBB"
"BTK","BAZ1B","TUBB"
"BTK","PPP1R14B","TUBB"
"BTK","MAPK3","TCF3"
"BTK","CHUK","TCF3"
"BTK","AKT1","TCF3"
"BTK","PRKG1","TCF3"
"BTK","ERK1/2","TCF3"
"BTK","Gbeta","TCF3"
"BTK","ABL1","TCF3"
"BTK","RPS6KA5","TCF3"
"BTK","WNK1","TCF3"
"BTK","PDPK1","TCF3"
"BTK","PRKCB","TCF3"
"BTK","MAP3K7","TCF3"
"BTK","IKBKB","TCF3"
"BTK","WWTR1","TCF3"
"BTK","MAP3K4","TCF3"
"BTK","DAPK1","TCF3"
"BTK","PXN","TCF3"
"BTK","FGG","TCF3"
"BTK","LEPR","TCF3"
"BTK","DVL1","TCF3"
"BTK","FZR1","TCF3"
"BTK","GRB2","TCF3"
"BTK","VCPIP1","TCF3"
"BTK","ATR","TCF3"
"BTK","SGK3","TCF3"
"BTK","IKBKE","TCF3"
"BTK","CCND1","TCF3"
"BTK","PTPN7","TCF3"
"BTK","STK38","TCF3"
"BTK","TLK1","TCF3"
"BTK","CDKN2A","TCF3"
"BTK","MAP4K1","TCF3"
"BTK","RET","TCF3"
"BTK","IKK-complex","TCF3"
"BTK","SHC1","TCF3"
"BTK","RPS6KA4","TCF3"
"BTK","NTRK1","TCF3"
"BTK","RELA","TCF3"
"BTK","MAPKAPK5","TCF3"
"BTK","MAP3K8","TCF3"
"BTK","PTPRR","TCF3"
"BTK","FBLIM1","TCF3"
"BTK","TMIGD2","TCF3"
"BTK","STIP1","TCF3"
"BTK","ARRB2","TCF3"
"BTK","TRAF3","TCF3"
"BTK","CRTC2","TCF3"
"BTK","FRS2","TCF3"
"BTK","CCNE1","TCF3"
"BTK","IMPDH2","TCF3"
"BTK","SET","TCF3"
"BTK","SH2B2","TCF3"
"BTK","PIK3R6","TCF3"
"BTK","HDAC2","TCF3"
"BTK","DDX58","TCF3"
"BTK","MST1R","TCF3"
"BTK","ABI1","TCF3"
"BTK","RAD50","TCF3"
"BTK","TTI1","TCF3"
"BTK","WDFY3","TCF3"
"BTK","HOXB7","TCF3"
"BTK","NFKB1","TCF3"
"BTK","CTDP1","TCF3"
"BTK","TELO2","TCF3"
"BTK","GRB7","TCF3"
"BTK","PPP1R14B","TCF3"
"BTK","MAPK3","ANXA1"
"BTK","CHUK","ANXA1"
"BTK","AKT2","ANXA1"
"BTK","PTEN","ANXA1"
"BTK","MTOR","ANXA1"
"BTK","AKT1","ANXA1"
"BTK","ERK1/2","ANXA1"
"BTK","WNK1","ANXA1"
"BTK","PDPK1","ANXA1"
"BTK","MAP2K1","ANXA1"
"BTK","MAP3K7","ANXA1"
"BTK","IKBKB","ANXA1"
"BTK","RPS6KA3","ANXA1"
"BTK","BCL3","ANXA1"
"BTK","DVL1","ANXA1"
"BTK","FZR1","ANXA1"
"BTK","VCPIP1","ANXA1"
"BTK","TBK1","ANXA1"
"BTK","PTPN7","ANXA1"
"BTK","FADD","ANXA1"
"BTK","CDKN2A","ANXA1"
"BTK","MAP4K1","ANXA1"
"BTK","DDX41","ANXA1"
"BTK","SHC1","ANXA1"
"BTK","NTRK1","ANXA1"
"BTK","MAPKAPK5","ANXA1"
"BTK","CDKN1B","ANXA1"
"BTK","GRIP1","ANXA1"
"BTK","CD28","ANXA1"
"BTK","FRS2","ANXA1"
"BTK","PIK3CG","ANXA1"
"BTK","PIK3R6","ANXA1"
"BTK","MST1R","ANXA1"
"BTK","ROR2","ANXA1"
"BTK","ABI1","ANXA1"
"BTK","IFIH1","ANXA1"
"BTK","RAD50","ANXA1"
"BTK","TTI1","ANXA1"
"BTK","WDFY3","ANXA1"
"BTK","LRP6","ANXA1"
"BTK","GRB14","ANXA1"
"BTK","HOXB7","ANXA1"
"BTK","RND1","ANXA1"
"BTK","STING1","ANXA1"
"BTK","SPEN","ANXA1"
"BTK","NFKB1","ANXA1"
"BTK","CTDP1","ANXA1"
"BTK","TELO2","ANXA1"
"BTK","CLSPN","ANXA1"
"BTK","MAPKAP1","ANXA1"
"BTK","GRB7","ANXA1"
"BTK","PLCG2","ANXA1"
"BTK","RBL2","ANXA1"
"BTK","CHUK","PABPC1"
"BTK","PTEN","PABPC1"
"BTK","MTOR","PABPC1"
"BTK","RPS6K","PABPC1"
"BTK","CALM2","PABPC1"
"BTK","ERK1/2","PABPC1"
"BTK","LCK","PABPC1"
"BTK","CDK9","PABPC1"
"BTK","RPS6KA5","PABPC1"
"BTK","SGK1","PABPC1"
"BTK","MAP2K1","PABPC1"
"BTK","PRKCG","PABPC1"
"BTK","MAP3K7","PABPC1"
"BTK","AKT","PABPC1"
"BTK","IKBKB","PABPC1"
"BTK","DAPK1","PABPC1"
"BTK","LEPR","PABPC1"
"BTK","RPS6KA3","PABPC1"
"BTK","BCL3","PABPC1"
"BTK","GRB2","PABPC1"
"BTK","VCPIP1","PABPC1"
"BTK","SGK3","PABPC1"
"BTK","PTK6","PABPC1"
"BTK","CCND1","PABPC1"
"BTK","SPRED1","PABPC1"
"BTK","MEK1/2","PABPC1"
"BTK","PTPN7","PABPC1"
"BTK","FADD","PABPC1"
"BTK","STK38","PABPC1"
"BTK","TLK1","PABPC1"
"BTK","C9orf72","PABPC1"
"BTK","CDKN2A","PABPC1"
"BTK","MAP4K1","PABPC1"
"BTK","RET","PABPC1"
"BTK","DDX41","PABPC1"
"BTK","IKK-complex","PABPC1"
"BTK","RPS6KA4","PABPC1"
"BTK","GPSM3","PABPC1"
"BTK","RELA","PABPC1"
"BTK","CDKN1B","PABPC1"
"BTK","FBLIM1","PABPC1"
"BTK","TEC","PABPC1"
"BTK","VCP","PABPC1"
"BTK","GRIP1","PABPC1"
"BTK","PSTPIP1","PABPC1"
"BTK","CRTC2","PABPC1"
"BTK","CD28","PABPC1"
"BTK","IMPDH2","PABPC1"
"BTK","PIK3CG","PABPC1"
"BTK","TRPV1","PABPC1"
"BTK","BCL10","PABPC1"
"BTK","PIK3R6","PABPC1"
"BTK","MRE11","PABPC1"
"BTK","UBXN2B","PABPC1"
"BTK","MST1R","PABPC1"
"BTK","ROR2","PABPC1"
"BTK","IFIH1","PABPC1"
"BTK","TTI1","PABPC1"
"BTK","GRB14","PABPC1"
"BTK","NFKB1","PABPC1"
"BTK","CTDP1","PABPC1"
"BTK","TELO2","PABPC1"
"BTK","CLSPN","PABPC1"
"BTK","GRB7","PABPC1"
"BTK","PPP1R14B","PABPC1"
"BTK","PABIR1","PABPC1"
"BTK","CHUK","SET"
"BTK","AKT1","SET"
"BTK","RPS6K","SET"
"BTK","ERK1/2","SET"
"BTK","CDK9","SET"
"BTK","ABL1","SET"
"BTK","RPS6KA5","SET"
"BTK","WNK1","SET"
"BTK","PDPK1","SET"
"BTK","SGK1","SET"
"BTK","MAP2K1","SET"
"BTK","PRKCZ","SET"
"BTK","CyclinD/CDK4","SET"
"BTK","PXN","SET"
"BTK","RPS6KA3","SET"
"BTK","BCL3","SET"
"BTK","DVL1","SET"
"BTK","GRB2","SET"
"BTK","VCPIP1","SET"
"BTK","ATR","SET"
"BTK","PTK6","SET"
"BTK","IKBKE","SET"
"BTK","ILK","SET"
"BTK","STAP1","SET"
"BTK","TBK1","SET"
"BTK","MEK1/2","SET"
"BTK","PTPN7","SET"
"BTK","STK38","SET"
"BTK","CDKN2A","SET"
"BTK","RET","SET"
"BTK","DDX41","SET"
"BTK","IKK-complex","SET"
"BTK","SHC1","SET"
"BTK","RPS6KA4","SET"
"BTK","NTRK1","SET"
"BTK","GPSM3","SET"
"BTK","EPHA2","SET"
"BTK","PTPRR","SET"
"BTK","FBLIM1","SET"
"BTK","VCP","SET"
"BTK","GRIP1","SET"
"BTK","CCR2","SET"
"BTK","PSTPIP1","SET"
"BTK","INPP5D","SET"
"BTK","IMPDH2","SET"
"BTK","PIK3CG","SET"
"BTK","MRE11","SET"
"BTK","UBXN2B","SET"
"BTK","MST1R","SET"
"BTK","RAD50","SET"
"BTK","WDFY3","SET"
"BTK","LRP6","SET"
"BTK","STING1","SET"
"BTK","SPEN","SET"
"BTK","CTDP1","SET"
"BTK","BLVRA","SET"
"BTK","GRB7","SET"
"BTK","BAZ1B","SET"
"BTK","CHUK","PIK3CG"
"BTK","LCK","PIK3CG"
"BTK","CDK9","PIK3CG"
"BTK","RPS6KA5","PIK3CG"
"BTK","SGK1","PIK3CG"
"BTK","PRKCG","PIK3CG"
"BTK","PRKCZ","PIK3CG"
"BTK","MAP3K1","PIK3CG"
"BTK","IKBKB","PIK3CG"
"BTK","WWTR1","PIK3CG"
"BTK","MAP3K4","PIK3CG"
"BTK","PXN","PIK3CG"
"BTK","ITK","PIK3CG"
"BTK","DVL1","PIK3CG"
"BTK","GRB2","PIK3CG"
"BTK","ATR","PIK3CG"
"BTK","CCND1","PIK3CG"
"BTK","CALM1","PIK3CG"
"BTK","MAP4K1","PIK3CG"
"BTK","IKK-complex","PIK3CG"
"BTK","SHC1","PIK3CG"
"BTK","RPS6KA4","PIK3CG"
"BTK","NTRK1","PIK3CG"
"BTK","GPSM3","PIK3CG"
"BTK","RELA","PIK3CG"
"BTK","MAPKAPK5","PIK3CG"
"BTK","EPHA2","PIK3CG"
"BTK","MAP3K8","PIK3CG"
"BTK","PTPRR","PIK3CG"
"BTK","CDKN1B","PIK3CG"
"BTK","FBLIM1","PIK3CG"
"BTK","TEC","PIK3CG"
"BTK","VCP","PIK3CG"
"BTK","GRIP1","PIK3CG"
"BTK","TMIGD2","PIK3CG"
"BTK","STIP1","PIK3CG"
"BTK","PSTPIP1","PIK3CG"
"BTK","ARRB2","PIK3CG"
"BTK","TRAF3","PIK3CG"
"BTK","CRTC2","PIK3CG"
"BTK","CD28","PIK3CG"
"BTK","INPP5D","PIK3CG"
"BTK","FRS2","PIK3CG"
"BTK","IMPDH2","PIK3CG"
"BTK","SET","PIK3CG"
"BTK","TRPV1","PIK3CG"
"BTK","HDAC2","PIK3CG"
"BTK","UBXN2B","PIK3CG"
"BTK","MST1R","PIK3CG"
"BTK","ABI1","PIK3CG"
"BTK","IFIH1","PIK3CG"
"BTK","RAD50","PIK3CG"
"BTK","WDFY3","PIK3CG"
"BTK","LRP6","PIK3CG"
"BTK","PIK3C3","PIK3CG"
"BTK","RND1","PIK3CG"
"BTK","STING1","PIK3CG"
"BTK","CTDP1","PIK3CG"
"BTK","BAZ1B","PIK3CG"
"BTK","PLCG2","PIK3CG"
"BTK","RBL2","PIK3CG"
"BTK","PPP1R14B","PIK3CG"
"BTK","PABIR1","PIK3CG"
"BTK","MAPK3","HDAC4"
"BTK","AKT3","HDAC4"
"BTK","CHUK","HDAC4"
"BTK","AKT2","HDAC4"
"BTK","PTEN","HDAC4"
"BTK","PRKCQ","HDAC4"
"BTK","MTOR","HDAC4"
"BTK","AKT1","HDAC4"
"BTK","PRKG1","HDAC4"
"BTK","CCP110","HDAC4"
"BTK","RPS6K","HDAC4"
"BTK","LCK","HDAC4"
"BTK","CDK9","HDAC4"
"BTK","RPS6KA5","HDAC4"
"BTK","PDPK1","HDAC4"
"BTK","MAP2K1","HDAC4"
"BTK","PRKCB","HDAC4"
"BTK","CyclinD/CDK4","HDAC4"
"BTK","MAP3K1","HDAC4"
"BTK","AKT","HDAC4"
"BTK","IKBKB","HDAC4"
"BTK","WWTR1","HDAC4"
"BTK","MAP3K4","HDAC4"
"BTK","FGG","HDAC4"
"BTK","ITK","HDAC4"
"BTK","RPS6KA3","HDAC4"
"BTK","DVL1","HDAC4"
"BTK","GRB2","HDAC4"
"BTK","ATR","HDAC4"
"BTK","PTPN7","HDAC4"
"BTK","FADD","HDAC4"
"BTK","TLK1","HDAC4"
"BTK","IKK-complex","HDAC4"
"BTK","RPS6KA4","HDAC4"
"BTK","NTRK1","HDAC4"
"BTK","RELA","HDAC4"
"BTK","TEC","HDAC4"
"BTK","VCP","HDAC4"
"BTK","GRIP1","HDAC4"
"BTK","STIP1","HDAC4"
"BTK","CRTC2","HDAC4"
"BTK","INPP5D","HDAC4"
"BTK","IMPDH2","HDAC4"
"BTK","SH2B2","HDAC4"
"BTK","PPP1R14A","HDAC4"
"BTK","MRE11","HDAC4"
"BTK","KSR1","HDAC4"
"BTK","ROR2","HDAC4"
"BTK","RAD50","HDAC4"
"BTK","TTI1","HDAC4"
"BTK","WDFY3","HDAC4"
"BTK","PIK3C3","HDAC4"
"BTK","STING1","HDAC4"
"BTK","CTDP1","HDAC4"
"BTK","TELO2","HDAC4"
"BTK","CLSPN","HDAC4"
"BTK","BAZ1B","HDAC4"
"BTK","PLCG2","HDAC4"
"BTK","PPP1R14B","HDAC4"
"BTK","AKT3","PKM"
"BTK","PTEN","PKM"
"BTK","PRKG1","PKM"
"BTK","ERK1/2","PKM"
"BTK","LCK","PKM"
"BTK","WNK1","PKM"
"BTK","PDPK1","PKM"
"BTK","SGK1","PKM"
"BTK","PRKCB","PKM"
"BTK","PRKCG","PKM"
"BTK","MAP3K7","PKM"
"BTK","DOK1","PKM"
"BTK","DAPK1","PKM"
"BTK","FGG","PKM"
"BTK","GRB2","PKM"
"BTK","STAP1","PKM"
"BTK","PTPN7","PKM"
"BTK","FADD","PKM"
"BTK","TLK1","PKM"
"BTK","C9orf72","PKM"
"BTK","MAP4K1","PKM"
"BTK","GPSM3","PKM"
"BTK","RELA","PKM"
"BTK","MAPKAPK5","PKM"
"BTK","PTPRR","PKM"
"BTK","CDKN1B","PKM"
"BTK","STIP1","PKM"
"BTK","PSTPIP1","PKM"
"BTK","TRAF3","PKM"
"BTK","CD28","PKM"
"BTK","PPP1R14A","PKM"
"BTK","KSR1","PKM"
"BTK","RAD50","PKM"
"BTK","HOXB7","PKM"
"BTK","STING1","PKM"
"BTK","CTDP1","PKM"
"BTK","PPP1R14B","PKM"
"BTK","PRKG1","PIK3CB"
"BTK","CCP110","PIK3CB"
"BTK","LCK","PIK3CB"
"BTK","CDK9","PIK3CB"
"BTK","ABL1","PIK3CB"
"BTK","WNK1","PIK3CB"
"BTK","PDPK1","PIK3CB"
"BTK","PRKCB","PIK3CB"
"BTK","PRKCG","PIK3CB"
"BTK","CyclinD/CDK4","PIK3CB"
"BTK","MAP3K7","PIK3CB"
"BTK","MAP3K4","PIK3CB"
"BTK","PXN","PIK3CB"
"BTK","VCPIP1","PIK3CB"
"BTK","ATR","PIK3CB"
"BTK","PTK6","PIK3CB"
"BTK","ILK","PIK3CB"
"BTK","STAP1","PIK3CB"
"BTK","TBK1","PIK3CB"
"BTK","TLK1","PIK3CB"
"BTK","RET","PIK3CB"
"BTK","DDX41","PIK3CB"
"BTK","IKK-complex","PIK3CB"
"BTK","RPS6KA4","PIK3CB"
"BTK","PSTPIP1","PIK3CB"
"BTK","TRAF3","PIK3CB"
"BTK","INPP5D","PIK3CB"
"BTK","CCNE1","PIK3CB"
"BTK","IMPDH2","PIK3CB"
"BTK","SET","PIK3CB"
"BTK","PPP1R14A","PIK3CB"
"BTK","PIK3R6","PIK3CB"
"BTK","ROR2","PIK3CB"
"BTK","IFIH1","PIK3CB"
"BTK","RAD50","PIK3CB"
"BTK","TTI1","PIK3CB"
"BTK","LRP6","PIK3CB"
"BTK","RND1","PIK3CB"
"BTK","STING1","PIK3CB"
"BTK","NFKB1","PIK3CB"
"BTK","CTDP1","PIK3CB"
"BTK","CLSPN","PIK3CB"
"BTK","RBL2","PIK3CB"
"BTK","PPP1R14B","PIK3CB"
"BTK","PABIR1","PIK3CB"
"BTK","AKT3","CARD9"
"BTK","AKT1","CARD9"
"BTK","ERK1/2","CARD9"
"BTK","WNK1","CARD9"
"BTK","PDPK1","CARD9"
"BTK","SGK1","CARD9"
"BTK","PRKCG","CARD9"
"BTK","PRKCZ","CARD9"
"BTK","MAP3K7","CARD9"
"BTK","FGG","CARD9"
"BTK","LEPR","CARD9"
"BTK","ITK","CARD9"
"BTK","BCL3","CARD9"
"BTK","FZR1","CARD9"
"BTK","GRB2","CARD9"
"BTK","VCPIP1","CARD9"
"BTK","ATR","CARD9"
"BTK","IKBKE","CARD9"
"BTK","GPSM3","CARD9"
"BTK","RELA","CARD9"
"BTK","MAP3K8","CARD9"
"BTK","PTPRR","CARD9"
"BTK","CDKN1B","CARD9"
"BTK","FBLIM1","CARD9"
"BTK","VCP","CARD9"
"BTK","TRAF3","CARD9"
"BTK","CD28","CARD9"
"BTK","IMPDH2","CARD9"
"BTK","PIK3CG","CARD9"
"BTK","BCL10","CARD9"
"BTK","PIK3R6","CARD9"
"BTK","MRE11","CARD9"
"BTK","MST1R","CARD9"
"BTK","LRP6","CARD9"
"BTK","NFKB1","CARD9"
"BTK","CLSPN","CARD9"
"BTK","PPP1R14B","CARD9"
"BTK","PABIR1","CARD9"
"BTK","PTEN","FHOD1"
"BTK","PRKCQ","FHOD1"
"BTK","CALM2","FHOD1"
"BTK","Gbeta","FHOD1"
"BTK","PDPK1","FHOD1"
"BTK","PRKCB","FHOD1"
"BTK","PRKCZ","FHOD1"
"BTK","CyclinD/CDK4","FHOD1"
"BTK","AKT","FHOD1"
"BTK","WWTR1","FHOD1"
"BTK","RPS6KA3","FHOD1"
"BTK","SGK3","FHOD1"
"BTK","PTK6","FHOD1"
"BTK","IKBKE","FHOD1"
"BTK","SPRED1","FHOD1"
"BTK","FADD","FHOD1"
"BTK","C9orf72","FHOD1"
"BTK","GPSM3","FHOD1"
"BTK","RELA","FHOD1"
"BTK","MAPKAPK5","FHOD1"
"BTK","MAP3K8","FHOD1"
"BTK","TEC","FHOD1"
"BTK","GRIP1","FHOD1"
"BTK","CCR2","FHOD1"
"BTK","CD28","FHOD1"
"BTK","PPP1R14A","FHOD1"
"BTK","BCL10","FHOD1"
"BTK","UBXN2B","FHOD1"
"BTK","ROR2","FHOD1"
"BTK","RAD50","FHOD1"
"BTK","WDFY3","FHOD1"
"BTK","RND1","FHOD1"
"BTK","STING1","FHOD1"
"BTK","GRB7","FHOD1"
"BTK","BAZ1B","FHOD1"
"BTK","PLCG2","FHOD1"
"BTK","MAPK3","SH2B2"
"BTK","PTEN","SH2B2"
"BTK","MTOR","SH2B2"
"BTK","CCP110","SH2B2"
"BTK","RPS6K","SH2B2"
"BTK","RPS6KA5","SH2B2"
"BTK","WNK1","SH2B2"
"BTK","PDPK1","SH2B2"
"BTK","SGK1","SH2B2"
"BTK","MAP2K1","SH2B2"
"BTK","PRKCB","SH2B2"
"BTK","MAP3K7","SH2B2"
"BTK","IKBKB","SH2B2"
"BTK","WWTR1","SH2B2"
"BTK","MAP3K4","SH2B2"
"BTK","GRB2","SH2B2"
"BTK","SGK3","SH2B2"
"BTK","ILK","SH2B2"
"BTK","STAP1","SH2B2"
"BTK","SPRED1","SH2B2"
"BTK","PTPN7","SH2B2"
"BTK","FADD","SH2B2"
"BTK","STK38","SH2B2"
"BTK","TLK1","SH2B2"
"BTK","CDKN2A","SH2B2"
"BTK","IKK-complex","SH2B2"
"BTK","EPHA2","SH2B2"
"BTK","CDKN1B","SH2B2"
"BTK","FBLIM1","SH2B2"
"BTK","TEC","SH2B2"
"BTK","VCP","SH2B2"
"BTK","GRIP1","SH2B2"
"BTK","TMIGD2","SH2B2"
"BTK","PSTPIP1","SH2B2"
"BTK","ARRB2","SH2B2"
"BTK","TRAF3","SH2B2"
"BTK","CRTC2","SH2B2"
"BTK","CD28","SH2B2"
"BTK","INPP5D","SH2B2"
"BTK","IMPDH2","SH2B2"
"BTK","SET","SH2B2"
"BTK","PPP1R14A","SH2B2"
"BTK","PIK3R6","SH2B2"
"BTK","MRE11","SH2B2"
"BTK","KSR1","SH2B2"
"BTK","DDX58","SH2B2"
"BTK","ABI1","SH2B2"
"BTK","TTI1","SH2B2"
"BTK","WDFY3","SH2B2"
"BTK","RND1","SH2B2"
"BTK","NFKB1","SH2B2"
"BTK","CTDP1","SH2B2"
"BTK","BLVRA","SH2B2"
"BTK","CLSPN","SH2B2"
"BTK","BAZ1B","SH2B2"
"BTK","PLCG2","SH2B2"
"BTK","MAPK3","CFLAR"
"BTK","PRKCQ","CFLAR"
"BTK","AKT1","CFLAR"
"BTK","PRKG1","CFLAR"
"BTK","CCP110","CFLAR"
"BTK","RPS6K","CFLAR"
"BTK","CALM2","CFLAR"
"BTK","Gbeta","CFLAR"
"BTK","CDK9","CFLAR"
"BTK","ABL1","CFLAR"
"BTK","RPS6KA5","CFLAR"
"BTK","WNK1","CFLAR"
"BTK","PDPK1","CFLAR"
"BTK","PRKCG","CFLAR"
"BTK","PRKCZ","CFLAR"
"BTK","MAP3K1","CFLAR"
"BTK","MAP3K7","CFLAR"
"BTK","DOK1","CFLAR"
"BTK","PXN","CFLAR"
"BTK","RPS6KA3","CFLAR"
"BTK","DVL1","CFLAR"
"BTK","FZR1","CFLAR"
"BTK","GRB2","CFLAR"
"BTK","ATR","CFLAR"
"BTK","IKBKE","CFLAR"
"BTK","CCND1","CFLAR"
"BTK","TBK1","CFLAR"
"BTK","CALM1","CFLAR"
"BTK","STK38","CFLAR"
"BTK","C9orf72","CFLAR"
"BTK","CDKN2A","CFLAR"
"BTK","MAP4K1","CFLAR"
"BTK","RET","CFLAR"
"BTK","DDX41","CFLAR"
"BTK","SHC1","CFLAR"
"BTK","NTRK1","CFLAR"
"BTK","MAPKAPK5","CFLAR"
"BTK","STIP1","CFLAR"
"BTK","TRAF3","CFLAR"
"BTK","CD28","CFLAR"
"BTK","FRS2","CFLAR"
"BTK","PIK3CG","CFLAR"
"BTK","TRPV1","CFLAR"
"BTK","PIK3R6","CFLAR"
"BTK","HDAC2","CFLAR"
"BTK","KSR1","CFLAR"
"BTK","RAD50","CFLAR"
"BTK","TTI1","CFLAR"
"BTK","LRP6","CFLAR"
"BTK","NFKB1","CFLAR"
"BTK","CTDP1","CFLAR"
"BTK","TELO2","CFLAR"
"BTK","CLSPN","CFLAR"
"BTK","BAZ1B","CFLAR"
"BTK","PLCG2","CFLAR"
"BTK","MAPK3","ULK1/Atg13/Fip200"
"BTK","AKT2","ULK1/Atg13/Fip200"
"BTK","AKT1","ULK1/Atg13/Fip200"
"BTK","Gbeta","ULK1/Atg13/Fip200"
"BTK","LCK","ULK1/Atg13/Fip200"
"BTK","ABL1","ULK1/Atg13/Fip200"
"BTK","PRKCB","ULK1/Atg13/Fip200"
"BTK","AKT","ULK1/Atg13/Fip200"
"BTK","IKBKB","ULK1/Atg13/Fip200"
"BTK","WWTR1","ULK1/Atg13/Fip200"
"BTK","MAP3K4","ULK1/Atg13/Fip200"
"BTK","DAPK1","ULK1/Atg13/Fip200"
"BTK","LEPR","ULK1/Atg13/Fip200"
"BTK","ITK","ULK1/Atg13/Fip200"
"BTK","BCL3","ULK1/Atg13/Fip200"
"BTK","FZR1","ULK1/Atg13/Fip200"
"BTK","GRB2","ULK1/Atg13/Fip200"
"BTK","VCPIP1","ULK1/Atg13/Fip200"
"BTK","ATR","ULK1/Atg13/Fip200"
"BTK","SGK3","ULK1/Atg13/Fip200"
"BTK","PTK6","ULK1/Atg13/Fip200"
"BTK","IKBKE","ULK1/Atg13/Fip200"
"BTK","ILK","ULK1/Atg13/Fip200"
"BTK","STAP1","ULK1/Atg13/Fip200"
"BTK","SPRED1","ULK1/Atg13/Fip200"
"BTK","CDKN2A","ULK1/Atg13/Fip200"
"BTK","MAP4K1","ULK1/Atg13/Fip200"
"BTK","RET","ULK1/Atg13/Fip200"
"BTK","IKK-complex","ULK1/Atg13/Fip200"
"BTK","RPS6KA4","ULK1/Atg13/Fip200"
"BTK","NTRK1","ULK1/Atg13/Fip200"
"BTK","GPSM3","ULK1/Atg13/Fip200"
"BTK","MAPKAPK5","ULK1/Atg13/Fip200"
"BTK","EPHA2","ULK1/Atg13/Fip200"
"BTK","FBLIM1","ULK1/Atg13/Fip200"
"BTK","TMIGD2","ULK1/Atg13/Fip200"
"BTK","STIP1","ULK1/Atg13/Fip200"
"BTK","ARRB2","ULK1/Atg13/Fip200"
"BTK","INPP5D","ULK1/Atg13/Fip200"
"BTK","CCNE1","ULK1/Atg13/Fip200"
"BTK","IMPDH2","ULK1/Atg13/Fip200"
"BTK","PIK3CG","ULK1/Atg13/Fip200"
"BTK","TRPV1","ULK1/Atg13/Fip200"
"BTK","BCL10","ULK1/Atg13/Fip200"
"BTK","MRE11","ULK1/Atg13/Fip200"
"BTK","KSR1","ULK1/Atg13/Fip200"
"BTK","MST1R","ULK1/Atg13/Fip200"
"BTK","GRB14","ULK1/Atg13/Fip200"
"BTK","STING1","ULK1/Atg13/Fip200"
"BTK","NFKB1","ULK1/Atg13/Fip200"
"BTK","CLSPN","ULK1/Atg13/Fip200"
"BTK","MAPKAP1","ULK1/Atg13/Fip200"
"BTK","GRB7","ULK1/Atg13/Fip200"
"BTK","PPP1R14B","ULK1/Atg13/Fip200"
"BTK","CHUK","TRPV1"
"BTK","PRKCQ","TRPV1"
"BTK","MTOR","TRPV1"
"BTK","AKT1","TRPV1"
"BTK","PRKG1","TRPV1"
"BTK","LCK","TRPV1"
"BTK","RPS6KA5","TRPV1"
"BTK","PRKCB","TRPV1"
"BTK","MAP3K1","TRPV1"
"BTK","MAP3K7","TRPV1"
"BTK","AKT","TRPV1"
"BTK","WWTR1","TRPV1"
"BTK","MAP3K4","TRPV1"
"BTK","DAPK1","TRPV1"
"BTK","PXN","TRPV1"
"BTK","BCL3","TRPV1"
"BTK","DVL1","TRPV1"
"BTK","FZR1","TRPV1"
"BTK","GRB2","TRPV1"
"BTK","VCPIP1","TRPV1"
"BTK","ATR","TRPV1"
"BTK","SGK3","TRPV1"
"BTK","TBK1","TRPV1"
"BTK","SPRED1","TRPV1"
"BTK","PTPN7","TRPV1"
"BTK","FADD","TRPV1"
"BTK","RET","TRPV1"
"BTK","SHC1","TRPV1"
"BTK","RELA","TRPV1"
"BTK","MAPKAPK5","TRPV1"
"BTK","EPHA2","TRPV1"
"BTK","FBLIM1","TRPV1"
"BTK","GRIP1","TRPV1"
"BTK","TMIGD2","TRPV1"
"BTK","PSTPIP1","TRPV1"
"BTK","CRTC2","TRPV1"
"BTK","SH2B2","TRPV1"
"BTK","PIK3R6","TRPV1"
"BTK","MRE11","TRPV1"
"BTK","HDAC2","TRPV1"
"BTK","KSR1","TRPV1"
"BTK","DDX58","TRPV1"
"BTK","UBXN2B","TRPV1"
"BTK","MST1R","TRPV1"
"BTK","ROR2","TRPV1"
"BTK","ABI1","TRPV1"
"BTK","IFIH1","TRPV1"
"BTK","RAD50","TRPV1"
"BTK","TTI1","TRPV1"
"BTK","PIK3C3","TRPV1"
"BTK","RND1","TRPV1"
"BTK","STING1","TRPV1"
"BTK","SPEN","TRPV1"
"BTK","NFKB1","TRPV1"
"BTK","TELO2","TRPV1"
"BTK","BLVRA","TRPV1"
"BTK","RBL2","TRPV1"
"BTK","MAPK3","GHR"
"BTK","AKT3","GHR"
"BTK","AKT2","GHR"
"BTK","PTEN","GHR"
"BTK","PRKCQ","GHR"
"BTK","AKT1","GHR"
"BTK","PRKG1","GHR"
"BTK","RPS6K","GHR"
"BTK","CALM2","GHR"
"BTK","ERK1/2","GHR"
"BTK","Gbeta","GHR"
"BTK","LCK","GHR"
"BTK","WNK1","GHR"
"BTK","PDPK1","GHR"
"BTK","SGK1","GHR"
"BTK","MAP2K1","GHR"
"BTK","PRKCB","GHR"
"BTK","PRKCZ","GHR"
"BTK","CyclinD/CDK4","GHR"
"BTK","MAP3K1","GHR"
"BTK","MAP3K7","GHR"
"BTK","AKT","GHR"
"BTK","WWTR1","GHR"
"BTK","LEPR","GHR"
"BTK","RPS6KA3","GHR"
"BTK","DVL1","GHR"
"BTK","GRB2","GHR"
"BTK","SGK3","GHR"
"BTK","IKBKE","GHR"
"BTK","TBK1","GHR"
"BTK","SPRED1","GHR"
"BTK","PTPN7","GHR"
"BTK","CALM1","GHR"
"BTK","FADD","GHR"
"BTK","STK38","GHR"
"BTK","TLK1","GHR"
"BTK","GPSM3","GHR"
"BTK","RELA","GHR"
"BTK","MAPKAPK5","GHR"
"BTK","TEC","GHR"
"BTK","TMIGD2","GHR"
"BTK","PSTPIP1","GHR"
"BTK","ARRB2","GHR"
"BTK","INPP5D","GHR"
"BTK","FRS2","GHR"
"BTK","SET","GHR"
"BTK","PIK3CG","GHR"
"BTK","SH2B2","GHR"
"BTK","TRPV1","GHR"
"BTK","PPP1R14A","GHR"
"BTK","PIK3R6","GHR"
"BTK","HDAC2","GHR"
"BTK","UBXN2B","GHR"
"BTK","MST1R","GHR"
"BTK","ROR2","GHR"
"BTK","IFIH1","GHR"
"BTK","TTI1","GHR"
"BTK","WDFY3","GHR"
"BTK","GRB14","GHR"
"BTK","HOXB7","GHR"
"BTK","RND1","GHR"
"BTK","STING1","GHR"
"BTK","PABIR1","GHR"
"BTK","CHUK","UBE2S"
"BTK","MTOR","UBE2S"
"BTK","AKT1","UBE2S"
"BTK","PRKG1","UBE2S"
"BTK","CALM2","UBE2S"
"BTK","ERK1/2","UBE2S"
"BTK","LCK","UBE2S"
"BTK","CDK9","UBE2S"
"BTK","ABL1","UBE2S"
"BTK","WNK1","UBE2S"
"BTK","PRKCG","UBE2S"
"BTK","PRKCZ","UBE2S"
"BTK","MAP3K1","UBE2S"
"BTK","AKT","UBE2S"
"BTK","DOK1","UBE2S"
"BTK","FGG","UBE2S"
"BTK","VCPIP1","UBE2S"
"BTK","ILK","UBE2S"
"BTK","STAP1","UBE2S"
"BTK","STK38","UBE2S"
"BTK","C9orf72","UBE2S"
"BTK","MAP4K1","UBE2S"
"BTK","RET","UBE2S"
"BTK","DDX41","UBE2S"
"BTK","SHC1","UBE2S"
"BTK","RPS6KA4","UBE2S"
"BTK","RELA","UBE2S"
"BTK","EPHA2","UBE2S"
"BTK","TMIGD2","UBE2S"
"BTK","CRTC2","UBE2S"
"BTK","FRS2","UBE2S"
"BTK","IMPDH2","UBE2S"
"BTK","PIK3CG","UBE2S"
"BTK","SH2B2","UBE2S"
"BTK","PIK3R6","UBE2S"
"BTK","MRE11","UBE2S"
"BTK","DDX58","UBE2S"
"BTK","IFIH1","UBE2S"
"BTK","RAD50","UBE2S"
"BTK","GRB14","UBE2S"
"BTK","NFKB1","UBE2S"
"BTK","BLVRA","UBE2S"
"BTK","BAZ1B","UBE2S"
"BTK","MAPK3","AKAP11"
"BTK","CHUK","AKAP11"
"BTK","PTEN","AKAP11"
"BTK","MTOR","AKAP11"
"BTK","RPS6K","AKAP11"
"BTK","CALM2","AKAP11"
"BTK","LCK","AKAP11"
"BTK","CDK9","AKAP11"
"BTK","RPS6KA5","AKAP11"
"BTK","MAP2K1","AKAP11"
"BTK","PRKCB","AKAP11"
"BTK","PRKCG","AKAP11"
"BTK","PRKCZ","AKAP11"
"BTK","CyclinD/CDK4","AKAP11"
"BTK","MAP3K7","AKAP11"
"BTK","AKT","AKAP11"
"BTK","IKBKB","AKAP11"
"BTK","WWTR1","AKAP11"
"BTK","DOK1","AKAP11"
"BTK","MAP3K4","AKAP11"
"BTK","DAPK1","AKAP11"
"BTK","PXN","AKAP11"
"BTK","LEPR","AKAP11"
"BTK","RPS6KA3","AKAP11"
"BTK","BCL3","AKAP11"
"BTK","DVL1","AKAP11"
"BTK","FZR1","AKAP11"
"BTK","GRB2","AKAP11"
"BTK","VCPIP1","AKAP11"
"BTK","ATR","AKAP11"
"BTK","SGK3","AKAP11"
"BTK","PTK6","AKAP11"
"BTK","CCND1","AKAP11"
"BTK","TBK1","AKAP11"
"BTK","SPRED1","AKAP11"
"BTK","FADD","AKAP11"
"BTK","STK38","AKAP11"
"BTK","TLK1","AKAP11"
"BTK","C9orf72","AKAP11"
"BTK","CDKN2A","AKAP11"
"BTK","MAP4K1","AKAP11"
"BTK","DDX41","AKAP11"
"BTK","IKK-complex","AKAP11"
"BTK","RPS6KA4","AKAP11"
"BTK","RELA","AKAP11"
"BTK","MAPKAPK5","AKAP11"
"BTK","CDKN1B","AKAP11"
"BTK","FBLIM1","AKAP11"
"BTK","TEC","AKAP11"
"BTK","VCP","AKAP11"
"BTK","GRIP1","AKAP11"
"BTK","TMIGD2","AKAP11"
"BTK","CCR2","AKAP11"
"BTK","STIP1","AKAP11"
"BTK","PSTPIP1","AKAP11"
"BTK","ARRB2","AKAP11"
"BTK","INPP5D","AKAP11"
"BTK","IMPDH2","AKAP11"
"BTK","SET","AKAP11"
"BTK","SH2B2","AKAP11"
"BTK","TRPV1","AKAP11"
"BTK","BCL10","AKAP11"
"BTK","MRE11","AKAP11"
"BTK","KSR1","AKAP11"
"BTK","ABI1","AKAP11"
"BTK","WDFY3","AKAP11"
"BTK","SPEN","AKAP11"
"BTK","NFKB1","AKAP11"
"BTK","MAPKAP1","AKAP11"
"BTK","GRB7","AKAP11"
"BTK","BAZ1B","AKAP11"
"BTK","RBL2","AKAP11"
"BTK","MAPK3","NCOA1"
"BTK","AKT3","NCOA1"
"BTK","CHUK","NCOA1"
"BTK","PTEN","NCOA1"
"BTK","MTOR","NCOA1"
"BTK","AKT1","NCOA1"
"BTK","ERK1/2","NCOA1"
"BTK","SGK1","NCOA1"
"BTK","MAP2K1","NCOA1"
"BTK","PRKCG","NCOA1"
"BTK","MAP3K1","NCOA1"
"BTK","MAP3K7","NCOA1"
"BTK","AKT","NCOA1"
"BTK","MAP3K4","NCOA1"
"BTK","FGG","NCOA1"
"BTK","RPS6KA3","NCOA1"
"BTK","BCL3","NCOA1"
"BTK","DVL1","NCOA1"
"BTK","SGK3","NCOA1"
"BTK","ILK","NCOA1"
"BTK","STAP1","NCOA1"
"BTK","FADD","NCOA1"
"BTK","TLK1","NCOA1"
"BTK","CDKN2A","NCOA1"
"BTK","DDX41","NCOA1"
"BTK","SHC1","NCOA1"
"BTK","NTRK1","NCOA1"
"BTK","RELA","NCOA1"
"BTK","PTPRR","NCOA1"
"BTK","GRIP1","NCOA1"
"BTK","STIP1","NCOA1"
"BTK","PSTPIP1","NCOA1"
"BTK","TRAF3","NCOA1"
"BTK","INPP5D","NCOA1"
"BTK","FRS2","NCOA1"
"BTK","CCNE1","NCOA1"
"BTK","IMPDH2","NCOA1"
"BTK","SET","NCOA1"
"BTK","PIK3CG","NCOA1"
"BTK","SH2B2","NCOA1"
"BTK","TRPV1","NCOA1"
"BTK","PPP1R14A","NCOA1"
"BTK","BCL10","NCOA1"
"BTK","MRE11","NCOA1"
"BTK","KSR1","NCOA1"
"BTK","DDX58","NCOA1"
"BTK","UBXN2B","NCOA1"
"BTK","MST1R","NCOA1"
"BTK","ROR2","NCOA1"
"BTK","ABI1","NCOA1"
"BTK","RAD50","NCOA1"
"BTK","WDFY3","NCOA1"
"BTK","LRP6","NCOA1"
"BTK","HOXB7","NCOA1"
"BTK","PIK3C3","NCOA1"
"BTK","RND1","NCOA1"
"BTK","STING1","NCOA1"
"BTK","SPEN","NCOA1"
"BTK","NFKB1","NCOA1"
"BTK","CTDP1","NCOA1"
"BTK","TELO2","NCOA1"
"BTK","BLVRA","NCOA1"
"BTK","CLSPN","NCOA1"
"BTK","MAPKAP1","NCOA1"
"BTK","BAZ1B","NCOA1"
"BTK","PLCG2","NCOA1"
"BTK","RBL2","NCOA1"
"BTK","PPP1R14B","NCOA1"
"BTK","PABIR1","NCOA1"
"BTK","AKT3","SDC4"
"BTK","CHUK","SDC4"
"BTK","AKT2","SDC4"
"BTK","PTEN","SDC4"
"BTK","PRKCQ","SDC4"
"BTK","AKT1","SDC4"
"BTK","PRKG1","SDC4"
"BTK","CALM2","SDC4"
"BTK","Gbeta","SDC4"
"BTK","ABL1","SDC4"
"BTK","RPS6KA5","SDC4"
"BTK","WNK1","SDC4"
"BTK","PDPK1","SDC4"
"BTK","SGK1","SDC4"
"BTK","MAP2K1","SDC4"
"BTK","PRKCB","SDC4"
"BTK","PRKCG","SDC4"
"BTK","PRKCZ","SDC4"
"BTK","MAP3K1","SDC4"
"BTK","MAP3K7","SDC4"
"BTK","AKT","SDC4"
"BTK","IKBKB","SDC4"
"BTK","WWTR1","SDC4"
"BTK","DOK1","SDC4"
"BTK","DAPK1","SDC4"
"BTK","FGG","SDC4"
"BTK","LEPR","SDC4"
"BTK","BCL3","SDC4"
"BTK","DVL1","SDC4"
"BTK","FZR1","SDC4"
"BTK","GRB2","SDC4"
"BTK","VCPIP1","SDC4"
"BTK","ATR","SDC4"
"BTK","SGK3","SDC4"
"BTK","IKBKE","SDC4"
"BTK","CCND1","SDC4"
"BTK","ILK","SDC4"
"BTK","STAP1","SDC4"
"BTK","SPRED1","SDC4"
"BTK","MEK1/2","SDC4"
"BTK","PTPN7","SDC4"
"BTK","CALM1","SDC4"
"BTK","FADD","SDC4"
"BTK","STK38","SDC4"
"BTK","TLK1","SDC4"
"BTK","C9orf72","SDC4"
"BTK","MAP4K1","SDC4"
"BTK","RET","SDC4"
"BTK","DDX41","SDC4"
"BTK","IKK-complex","SDC4"
"BTK","RPS6KA4","SDC4"
"BTK","NTRK1","SDC4"
"BTK","GPSM3","SDC4"
"BTK","RELA","SDC4"
"BTK","MAPKAPK5","SDC4"
"BTK","EPHA2","SDC4"
"BTK","MAP3K8","SDC4"
"BTK","PTPRR","SDC4"
"BTK","CDKN1B","SDC4"
"BTK","FBLIM1","SDC4"
"BTK","VCP","SDC4"
"BTK","TMIGD2","SDC4"
"BTK","CCR2","SDC4"
"BTK","CD28","SDC4"
"BTK","INPP5D","SDC4"
"BTK","FRS2","SDC4"
"BTK","CCNE1","SDC4"
"BTK","IMPDH2","SDC4"
"BTK","SET","SDC4"
"BTK","PIK3CG","SDC4"
"BTK","SH2B2","SDC4"
"BTK","TRPV1","SDC4"
"BTK","BCL10","SDC4"
"BTK","PIK3R6","SDC4"
"BTK","HDAC2","SDC4"
"BTK","RAD50","SDC4"
"BTK","TTI1","SDC4"
"BTK","WDFY3","SDC4"
"BTK","LRP6","SDC4"
"BTK","HOXB7","SDC4"
"BTK","PIK3C3","SDC4"
"BTK","RND1","SDC4"
"BTK","SPEN","SDC4"
"BTK","NFKB1","SDC4"
"BTK","CLSPN","SDC4"
"BTK","PLCG2","SDC4"
"BTK","PPP1R14B","SDC4"
"BTK","MAPK3","FERMT2"
"BTK","PTEN","FERMT2"
"BTK","MTOR","FERMT2"
"BTK","AKT1","FERMT2"
"BTK","CCP110","FERMT2"
"BTK","CALM2","FERMT2"
"BTK","Gbeta","FERMT2"
"BTK","ABL1","FERMT2"
"BTK","PDPK1","FERMT2"
"BTK","PRKCG","FERMT2"
"BTK","PRKCZ","FERMT2"
"BTK","AKT","FERMT2"
"BTK","MAP3K4","FERMT2"
"BTK","PXN","FERMT2"
"BTK","LEPR","FERMT2"
"BTK","ITK","FERMT2"
"BTK","RPS6KA3","FERMT2"
"BTK","BCL3","FERMT2"
"BTK","DVL1","FERMT2"
"BTK","VCPIP1","FERMT2"
"BTK","IKBKE","FERMT2"
"BTK","CCND1","FERMT2"
"BTK","TBK1","FERMT2"
"BTK","SPRED1","FERMT2"
"BTK","CDKN2A","FERMT2"
"BTK","RET","FERMT2"
"BTK","DDX41","FERMT2"
"BTK","GPSM3","FERMT2"
"BTK","MAP3K8","FERMT2"
"BTK","PTPRR","FERMT2"
"BTK","GRIP1","FERMT2"
"BTK","TMIGD2","FERMT2"
"BTK","CCR2","FERMT2"
"BTK","TRAF3","FERMT2"
"BTK","CRTC2","FERMT2"
"BTK","CD28","FERMT2"
"BTK","INPP5D","FERMT2"
"BTK","FRS2","FERMT2"
"BTK","CCNE1","FERMT2"
"BTK","IMPDH2","FERMT2"
"BTK","SET","FERMT2"
"BTK","MRE11","FERMT2"
"BTK","HDAC2","FERMT2"
"BTK","DDX58","FERMT2"
"BTK","MST1R","FERMT2"
"BTK","ROR2","FERMT2"
"BTK","WDFY3","FERMT2"
"BTK","HOXB7","FERMT2"
"BTK","PIK3C3","FERMT2"
"BTK","RND1","FERMT2"
"BTK","SPEN","FERMT2"
"BTK","NFKB1","FERMT2"
"BTK","TELO2","FERMT2"
"BTK","CLSPN","FERMT2"
"BTK","PLCG2","FERMT2"
"BTK","PPP1R14B","FERMT2"
"BTK","CHUK","PDE6G"
"BTK","CCP110","PDE6G"
"BTK","Gbeta","PDE6G"
"BTK","LCK","PDE6G"
"BTK","CDK9","PDE6G"
"BTK","ABL1","PDE6G"
"BTK","WNK1","PDE6G"
"BTK","PDPK1","PDE6G"
"BTK","SGK1","PDE6G"
"BTK","PRKCB","PDE6G"
"BTK","CyclinD/CDK4","PDE6G"
"BTK","MAP3K1","PDE6G"
"BTK","IKBKB","PDE6G"
"BTK","WWTR1","PDE6G"
"BTK","FGG","PDE6G"
"BTK","RPS6KA3","PDE6G"
"BTK","BCL3","PDE6G"
"BTK","DVL1","PDE6G"
"BTK","FZR1","PDE6G"
"BTK","GRB2","PDE6G"
"BTK","VCPIP1","PDE6G"
"BTK","ATR","PDE6G"
"BTK","SGK3","PDE6G"
"BTK","CCND1","PDE6G"
"BTK","SPRED1","PDE6G"
"BTK","PTPN7","PDE6G"
"BTK","FADD","PDE6G"
"BTK","TLK1","PDE6G"
"BTK","C9orf72","PDE6G"
"BTK","MAP4K1","PDE6G"
"BTK","RET","PDE6G"
"BTK","DDX41","PDE6G"
"BTK","IKK-complex","PDE6G"
"BTK","SHC1","PDE6G"
"BTK","RPS6KA4","PDE6G"
"BTK","RELA","PDE6G"
"BTK","EPHA2","PDE6G"
"BTK","MAP3K8","PDE6G"
"BTK","PTPRR","PDE6G"
"BTK","CDKN1B","PDE6G"
"BTK","FBLIM1","PDE6G"
"BTK","TEC","PDE6G"
"BTK","PSTPIP1","PDE6G"
"BTK","ARRB2","PDE6G"
"BTK","TRAF3","PDE6G"
"BTK","CD28","PDE6G"
"BTK","INPP5D","PDE6G"
"BTK","IMPDH2","PDE6G"
"BTK","SET","PDE6G"
"BTK","SH2B2","PDE6G"
"BTK","TRPV1","PDE6G"
"BTK","BCL10","PDE6G"
"BTK","HDAC2","PDE6G"
"BTK","KSR1","PDE6G"
"BTK","UBXN2B","PDE6G"
"BTK","ROR2","PDE6G"
"BTK","ABI1","PDE6G"
"BTK","IFIH1","PDE6G"
"BTK","RAD50","PDE6G"
"BTK","TTI1","PDE6G"
"BTK","WDFY3","PDE6G"
"BTK","LRP6","PDE6G"
"BTK","STING1","PDE6G"
"BTK","NFKB1","PDE6G"
"BTK","TELO2","PDE6G"
"BTK","BLVRA","PDE6G"
"BTK","CLSPN","PDE6G"
"BTK","GRB7","PDE6G"
"BTK","PLCG2","PDE6G"
"BTK","RBL2","PDE6G"
"BTK","PPP1R14B","PDE6G"
"BTK","MAPK3","CLK2"
"BTK","AKT3","CLK2"
"BTK","PTEN","CLK2"
"BTK","AKT1","CLK2"
"BTK","PRKG1","CLK2"
"BTK","CCP110","CLK2"
"BTK","CDK9","CLK2"
"BTK","ABL1","CLK2"
"BTK","WNK1","CLK2"
"BTK","PDPK1","CLK2"
"BTK","SGK1","CLK2"
"BTK","MAP2K1","CLK2"
"BTK","PRKCB","CLK2"
"BTK","PRKCG","CLK2"
"BTK","PRKCZ","CLK2"
"BTK","AKT","CLK2"
"BTK","WWTR1","CLK2"
"BTK","DOK1","CLK2"
"BTK","MAP3K4","CLK2"
"BTK","DAPK1","CLK2"
"BTK","PXN","CLK2"
"BTK","FGG","CLK2"
"BTK","LEPR","CLK2"
"BTK","ITK","CLK2"
"BTK","RPS6KA3","CLK2"
"BTK","FZR1","CLK2"
"BTK","ATR","CLK2"
"BTK","PTK6","CLK2"
"BTK","CCND1","CLK2"
"BTK","ILK","CLK2"
"BTK","STAP1","CLK2"
"BTK","TBK1","CLK2"
"BTK","SPRED1","CLK2"
"BTK","MEK1/2","CLK2"
"BTK","PTPN7","CLK2"
"BTK","CALM1","CLK2"
"BTK","STK38","CLK2"
"BTK","CDKN2A","CLK2"
"BTK","RET","CLK2"
"BTK","NTRK1","CLK2"
"BTK","RELA","CLK2"
"BTK","MAPKAPK5","CLK2"
"BTK","EPHA2","CLK2"
"BTK","TEC","CLK2"
"BTK","VCP","CLK2"
"BTK","TMIGD2","CLK2"
"BTK","CCR2","CLK2"
"BTK","STIP1","CLK2"
"BTK","PSTPIP1","CLK2"
"BTK","ARRB2","CLK2"
"BTK","CRTC2","CLK2"
"BTK","FRS2","CLK2"
"BTK","CCNE1","CLK2"
"BTK","PIK3CG","CLK2"
"BTK","PIK3R6","CLK2"
"BTK","HDAC2","CLK2"
"BTK","KSR1","CLK2"
"BTK","DDX58","CLK2"
"BTK","IFIH1","CLK2"
"BTK","GRB14","CLK2"
"BTK","HOXB7","CLK2"
"BTK","PIK3C3","CLK2"
"BTK","RND1","CLK2"
"BTK","STING1","CLK2"
"BTK","NFKB1","CLK2"
"BTK","BLVRA","CLK2"
"BTK","MAPKAP1","CLK2"
"BTK","PLCG2","CLK2"
"BTK","RBL2","CLK2"
"BTK","PPP1R14B","CLK2"
"BTK","PABIR1","CLK2"
"BTK","MAPK3","PDE3A"
"BTK","AKT1","PDE3A"
"BTK","RPS6K","PDE3A"
"BTK","Gbeta","PDE3A"
"BTK","CDK9","PDE3A"
"BTK","RPS6KA5","PDE3A"
"BTK","WNK1","PDE3A"
"BTK","PDPK1","PDE3A"
"BTK","PRKCG","PDE3A"
"BTK","PRKCZ","PDE3A"
"BTK","CyclinD/CDK4","PDE3A"
"BTK","AKT","PDE3A"
"BTK","IKBKB","PDE3A"
"BTK","PXN","PDE3A"
"BTK","FGG","PDE3A"
"BTK","LEPR","PDE3A"
"BTK","GRB2","PDE3A"
"BTK","VCPIP1","PDE3A"
"BTK","ATR","PDE3A"
"BTK","PTK6","PDE3A"
"BTK","IKBKE","PDE3A"
"BTK","STAP1","PDE3A"
"BTK","TBK1","PDE3A"
"BTK","SPRED1","PDE3A"
"BTK","MEK1/2","PDE3A"
"BTK","FADD","PDE3A"
"BTK","STK38","PDE3A"
"BTK","TLK1","PDE3A"
"BTK","C9orf72","PDE3A"
"BTK","CDKN2A","PDE3A"
"BTK","MAP4K1","PDE3A"
"BTK","RET","PDE3A"
"BTK","DDX41","PDE3A"
"BTK","IKK-complex","PDE3A"
"BTK","NTRK1","PDE3A"
"BTK","GPSM3","PDE3A"
"BTK","RELA","PDE3A"
"BTK","MAPKAPK5","PDE3A"
"BTK","EPHA2","PDE3A"
"BTK","CDKN1B","PDE3A"
"BTK","FBLIM1","PDE3A"
"BTK","VCP","PDE3A"
"BTK","GRIP1","PDE3A"
"BTK","PSTPIP1","PDE3A"
"BTK","ARRB2","PDE3A"
"BTK","SET","PDE3A"
"BTK","PIK3CG","PDE3A"
"BTK","TRPV1","PDE3A"
"BTK","BCL10","PDE3A"
"BTK","PIK3R6","PDE3A"
"BTK","HDAC2","PDE3A"
"BTK","KSR1","PDE3A"
"BTK","DDX58","PDE3A"
"BTK","MST1R","PDE3A"
"BTK","ROR2","PDE3A"
"BTK","ABI1","PDE3A"
"BTK","IFIH1","PDE3A"
"BTK","RAD50","PDE3A"
"BTK","TTI1","PDE3A"
"BTK","RND1","PDE3A"
"BTK","CTDP1","PDE3A"
"BTK","TELO2","PDE3A"
"BTK","BLVRA","PDE3A"
"BTK","CLSPN","PDE3A"
"BTK","MAPKAP1","PDE3A"
"BTK","GRB7","PDE3A"
"BTK","BAZ1B","PDE3A"
"BTK","RBL2","PDE3A"
"BTK","PABIR1","PDE3A"
"BTK","MAPK3","NPM1"
"BTK","AKT3","NPM1"
"BTK","CHUK","NPM1"
"BTK","PTEN","NPM1"
"BTK","PRKCQ","NPM1"
"BTK","AKT1","NPM1"
"BTK","PRKG1","NPM1"
"BTK","CCP110","NPM1"
"BTK","ERK1/2","NPM1"
"BTK","LCK","NPM1"
"BTK","ABL1","NPM1"
"BTK","SGK1","NPM1"
"BTK","PRKCB","NPM1"
"BTK","PRKCG","NPM1"
"BTK","PRKCZ","NPM1"
"BTK","MAP3K7","NPM1"
"BTK","AKT","NPM1"
"BTK","DOK1","NPM1"
"BTK","DAPK1","NPM1"
"BTK","LEPR","NPM1"
"BTK","ITK","NPM1"
"BTK","RPS6KA3","NPM1"
"BTK","DVL1","NPM1"
"BTK","ATR","NPM1"
"BTK","SPRED1","NPM1"
"BTK","TLK1","NPM1"
"BTK","C9orf72","NPM1"
"BTK","RET","NPM1"
"BTK","IKK-complex","NPM1"
"BTK","SHC1","NPM1"
"BTK","RPS6KA4","NPM1"
"BTK","NTRK1","NPM1"
"BTK","GPSM3","NPM1"
"BTK","MAP3K8","NPM1"
"BTK","CDKN1B","NPM1"
"BTK","TMIGD2","NPM1"
"BTK","CCNE1","NPM1"
"BTK","PIK3CG","NPM1"
"BTK","SH2B2","NPM1"
"BTK","PPP1R14A","NPM1"
"BTK","IFIH1","NPM1"
"BTK","RAD50","NPM1"
"BTK","MAPKAP1","NPM1"
"BTK","BAZ1B","NPM1"
"BTK","PABIR1","NPM1"
"BTK","RPS6K","ARRB1"
"BTK","WNK1","ARRB1"
"BTK","PRKCZ","ARRB1"
"BTK","AKT","ARRB1"
"BTK","IKBKB","ARRB1"
"BTK","WWTR1","ARRB1"
"BTK","DOK1","ARRB1"
"BTK","MAP3K4","ARRB1"
"BTK","LEPR","ARRB1"
"BTK","RPS6KA3","ARRB1"
"BTK","DVL1","ARRB1"
"BTK","FZR1","ARRB1"
"BTK","GRB2","ARRB1"
"BTK","VCPIP1","ARRB1"
"BTK","ATR","ARRB1"
"BTK","PTK6","ARRB1"
"BTK","CCND1","ARRB1"
"BTK","ILK","ARRB1"
"BTK","TBK1","ARRB1"
"BTK","SPRED1","ARRB1"
"BTK","PTPN7","ARRB1"
"BTK","TLK1","ARRB1"
"BTK","C9orf72","ARRB1"
"BTK","DDX41","ARRB1"
"BTK","IKK-complex","ARRB1"
"BTK","SHC1","ARRB1"
"BTK","RELA","ARRB1"
"BTK","MAPKAPK5","ARRB1"
"BTK","VCP","ARRB1"
"BTK","TMIGD2","ARRB1"
"BTK","CCR2","ARRB1"
"BTK","ARRB2","ARRB1"
"BTK","TRAF3","ARRB1"
"BTK","CRTC2","ARRB1"
"BTK","CD28","ARRB1"
"BTK","SET","ARRB1"
"BTK","TRPV1","ARRB1"
"BTK","BCL10","ARRB1"
"BTK","KSR1","ARRB1"
"BTK","DDX58","ARRB1"
"BTK","MST1R","ARRB1"
"BTK","ABI1","ARRB1"
"BTK","GRB14","ARRB1"
"BTK","RND1","ARRB1"
"BTK","SPEN","ARRB1"
"BTK","GRB7","ARRB1"
"BTK","BAZ1B","ARRB1"
"BTK","RBL2","ARRB1"
"BTK","PPP1R14B","ARRB1"
"BTK","MAPK3","TSSK3"
"BTK","AKT2","TSSK3"
"BTK","PRKCQ","TSSK3"
"BTK","MTOR","TSSK3"
"BTK","PRKG1","TSSK3"
"BTK","CCP110","TSSK3"
"BTK","CALM2","TSSK3"
"BTK","ERK1/2","TSSK3"
"BTK","CDK9","TSSK3"
"BTK","ABL1","TSSK3"
"BTK","WNK1","TSSK3"
"BTK","MAP3K1","TSSK3"
"BTK","AKT","TSSK3"
"BTK","IKBKB","TSSK3"
"BTK","WWTR1","TSSK3"
"BTK","PXN","TSSK3"
"BTK","FGG","TSSK3"
"BTK","LEPR","TSSK3"
"BTK","DVL1","TSSK3"
"BTK","VCPIP1","TSSK3"
"BTK","ATR","TSSK3"
"BTK","SGK3","TSSK3"
"BTK","IKBKE","TSSK3"
"BTK","CCND1","TSSK3"
"BTK","TBK1","TSSK3"
"BTK","CALM1","TSSK3"
"BTK","C9orf72","TSSK3"
"BTK","CDKN2A","TSSK3"
"BTK","IKK-complex","TSSK3"
"BTK","MAPKAPK5","TSSK3"
"BTK","EPHA2","TSSK3"
"BTK","GRIP1","TSSK3"
"BTK","CCR2","TSSK3"
"BTK","TRAF3","TSSK3"
"BTK","CRTC2","TSSK3"
"BTK","CCNE1","TSSK3"
"BTK","IMPDH2","TSSK3"
"BTK","SET","TSSK3"
"BTK","SH2B2","TSSK3"
"BTK","PPP1R14A","TSSK3"
"BTK","BCL10","TSSK3"
"BTK","PIK3R6","TSSK3"
"BTK","MRE11","TSSK3"
"BTK","HDAC2","TSSK3"
"BTK","KSR1","TSSK3"
"BTK","ROR2","TSSK3"
"BTK","ABI1","TSSK3"
"BTK","GRB14","TSSK3"
"BTK","PIK3C3","TSSK3"
"BTK","STING1","TSSK3"
"BTK","NFKB1","TSSK3"
"BTK","MAPKAP1","TSSK3"
"BTK","RBL2","TSSK3"
"BTK","PABIR1","TSSK3"
"BTK","AKT2","PTHLH"
"BTK","PTEN","PTHLH"
"BTK","PRKCQ","PTHLH"
"BTK","MTOR","PTHLH"
"BTK","AKT1","PTHLH"
"BTK","CCP110","PTHLH"
"BTK","RPS6K","PTHLH"
"BTK","ERK1/2","PTHLH"
"BTK","RPS6KA5","PTHLH"
"BTK","SGK1","PTHLH"
"BTK","MAP2K1","PTHLH"
"BTK","PRKCZ","PTHLH"
"BTK","CyclinD/CDK4","PTHLH"
"BTK","MAP3K1","PTHLH"
"BTK","MAP3K7","PTHLH"
"BTK","WWTR1","PTHLH"
"BTK","MAP3K4","PTHLH"
"BTK","FGG","PTHLH"
"BTK","LEPR","PTHLH"
"BTK","ITK","PTHLH"
"BTK","BCL3","PTHLH"
"BTK","DVL1","PTHLH"
"BTK","FZR1","PTHLH"
"BTK","IKBKE","PTHLH"
"BTK","CCND1","PTHLH"
"BTK","ILK","PTHLH"
"BTK","STAP1","PTHLH"
"BTK","TBK1","PTHLH"
"BTK","SPRED1","PTHLH"
"BTK","MEK1/2","PTHLH"
"BTK","CALM1","PTHLH"
"BTK","FADD","PTHLH"
"BTK","C9orf72","PTHLH"
"BTK","CDKN2A","PTHLH"
"BTK","DDX41","PTHLH"
"BTK","IKK-complex","PTHLH"
"BTK","MAPKAPK5","PTHLH"
"BTK","MAP3K8","PTHLH"
"BTK","STIP1","PTHLH"
"BTK","PSTPIP1","PTHLH"
"BTK","TRAF3","PTHLH"
"BTK","CD28","PTHLH"
"BTK","INPP5D","PTHLH"
"BTK","FRS2","PTHLH"
"BTK","IMPDH2","PTHLH"
"BTK","SET","PTHLH"
"BTK","PIK3CG","PTHLH"
"BTK","SH2B2","PTHLH"
"BTK","MRE11","PTHLH"
"BTK","MST1R","PTHLH"
"BTK","RAD50","PTHLH"
"BTK","TTI1","PTHLH"
"BTK","WDFY3","PTHLH"
"BTK","GRB14","PTHLH"
"BTK","PIK3C3","PTHLH"
"BTK","STING1","PTHLH"
"BTK","SPEN","PTHLH"
"BTK","CTDP1","PTHLH"
"BTK","GRB7","PTHLH"
"BTK","BAZ1B","PTHLH"
"BTK","AKT2","PMP22"
"BTK","PTEN","PMP22"
"BTK","PRKCQ","PMP22"
"BTK","MTOR","PMP22"
"BTK","AKT1","PMP22"
"BTK","RPS6K","PMP22"
"BTK","CALM2","PMP22"
"BTK","ABL1","PMP22"
"BTK","WNK1","PMP22"
"BTK","CyclinD/CDK4","PMP22"
"BTK","LEPR","PMP22"
"BTK","RPS6KA3","PMP22"
"BTK","BCL3","PMP22"
"BTK","DVL1","PMP22"
"BTK","GRB2","PMP22"
"BTK","VCPIP1","PMP22"
"BTK","ATR","PMP22"
"BTK","CCND1","PMP22"
"BTK","TBK1","PMP22"
"BTK","CALM1","PMP22"
"BTK","FADD","PMP22"
"BTK","TLK1","PMP22"
"BTK","RET","PMP22"
"BTK","IKK-complex","PMP22"
"BTK","GPSM3","PMP22"
"BTK","MAPKAPK5","PMP22"
"BTK","PSTPIP1","PMP22"
"BTK","CRTC2","PMP22"
"BTK","CD28","PMP22"
"BTK","BCL10","PMP22"
"BTK","KSR1","PMP22"
"BTK","RAD50","PMP22"
"BTK","TTI1","PMP22"
"BTK","PIK3C3","PMP22"
"BTK","NFKB1","PMP22"
"BTK","CLSPN","PMP22"
"BTK","MAPKAP1","PMP22"
"BTK","BAZ1B","PMP22"
"BTK","RBL2","PMP22"
"BTK","CALM2","RCAN1"
"BTK","ERK1/2","RCAN1"
"BTK","LCK","RCAN1"
"BTK","WNK1","RCAN1"
"BTK","PDPK1","RCAN1"
"BTK","PRKCG","RCAN1"
"BTK","MAP3K1","RCAN1"
"BTK","IKBKB","RCAN1"
"BTK","WWTR1","RCAN1"
"BTK","DOK1","RCAN1"
"BTK","LEPR","RCAN1"
"BTK","DVL1","RCAN1"
"BTK","FZR1","RCAN1"
"BTK","ILK","RCAN1"
"BTK","TBK1","RCAN1"
"BTK","MEK1/2","RCAN1"
"BTK","CALM1","RCAN1"
"BTK","C9orf72","RCAN1"
"BTK","DDX41","RCAN1"
"BTK","GPSM3","RCAN1"
"BTK","EPHA2","RCAN1"
"BTK","MAP3K8","RCAN1"
"BTK","CDKN1B","RCAN1"
"BTK","VCP","RCAN1"
"BTK","CCR2","RCAN1"
"BTK","STIP1","RCAN1"
"BTK","FRS2","RCAN1"
"BTK","CCNE1","RCAN1"
"BTK","IMPDH2","RCAN1"
"BTK","SET","RCAN1"
"BTK","SH2B2","RCAN1"
"BTK","TRPV1","RCAN1"
"BTK","MRE11","RCAN1"
"BTK","HDAC2","RCAN1"
"BTK","MST1R","RCAN1"
"BTK","RAD50","RCAN1"
"BTK","LRP6","RCAN1"
"BTK","GRB14","RCAN1"
"BTK","HOXB7","RCAN1"
"BTK","PIK3C3","RCAN1"
"BTK","BLVRA","RCAN1"
"BTK","GRB7","RCAN1"
"BTK","BAZ1B","RCAN1"
"BTK","PLCG2","RCAN1"
"BTK","PPP1R14B","RCAN1"
"BTK","CHUK","CDT1"
"BTK","AKT2","CDT1"
"BTK","PTEN","CDT1"
"BTK","CCP110","CDT1"
"BTK","ERK1/2","CDT1"
"BTK","Gbeta","CDT1"
"BTK","LCK","CDT1"
"BTK","ABL1","CDT1"
"BTK","RPS6KA5","CDT1"
"BTK","WNK1","CDT1"
"BTK","PDPK1","CDT1"
"BTK","MAP2K1","CDT1"
"BTK","PRKCG","CDT1"
"BTK","MAP3K1","CDT1"
"BTK","MAP3K7","CDT1"
"BTK","IKBKB","CDT1"
"BTK","WWTR1","CDT1"
"BTK","MAP3K4","CDT1"
"BTK","PXN","CDT1"
"BTK","FZR1","CDT1"
"BTK","SGK3","CDT1"
"BTK","IKBKE","CDT1"
"BTK","CCND1","CDT1"
"BTK","SPRED1","CDT1"
"BTK","MEK1/2","CDT1"
"BTK","PTPN7","CDT1"
"BTK","STK38","CDT1"
"BTK","TLK1","CDT1"
"BTK","C9orf72","CDT1"
"BTK","CDKN2A","CDT1"
"BTK","MAP4K1","CDT1"
"BTK","RET","CDT1"
"BTK","DDX41","CDT1"
"BTK","IKK-complex","CDT1"
"BTK","SHC1","CDT1"
"BTK","RPS6KA4","CDT1"
"BTK","NTRK1","CDT1"
"BTK","GPSM3","CDT1"
"BTK","MAPKAPK5","CDT1"
"BTK","EPHA2","CDT1"
"BTK","PTPRR","CDT1"
"BTK","PSTPIP1","CDT1"
"BTK","TRAF3","CDT1"
"BTK","CD28","CDT1"
"BTK","INPP5D","CDT1"
"BTK","FRS2","CDT1"
"BTK","IMPDH2","CDT1"
"BTK","SET","CDT1"
"BTK","PPP1R14A","CDT1"
"BTK","HDAC2","CDT1"
"BTK","DDX58","CDT1"
"BTK","MST1R","CDT1"
"BTK","IFIH1","CDT1"
"BTK","RAD50","CDT1"
"BTK","WDFY3","CDT1"
"BTK","LRP6","CDT1"
"BTK","HOXB7","CDT1"
"BTK","RND1","CDT1"
"BTK","SPEN","CDT1"
"BTK","CTDP1","CDT1"
"BTK","BLVRA","CDT1"
"BTK","GRB7","CDT1"
"BTK","PABIR1","CDT1"
"BTK","ABL1","MDM2"
"BTK","GRB2","MDM2"
"BTK","CHUK","PPP1R14A"
"BTK","AKT2","PPP1R14A"
"BTK","PRKCQ","PPP1R14A"
"BTK","MTOR","PPP1R14A"
"BTK","PRKG1","PPP1R14A"
"BTK","RPS6K","PPP1R14A"
"BTK","CALM2","PPP1R14A"
"BTK","ERK1/2","PPP1R14A"
"BTK","Gbeta","PPP1R14A"
"BTK","LCK","PPP1R14A"
"BTK","CDK9","PPP1R14A"
"BTK","ABL1","PPP1R14A"
"BTK","RPS6KA5","PPP1R14A"
"BTK","PDPK1","PPP1R14A"
"BTK","MAP2K1","PPP1R14A"
"BTK","PRKCB","PPP1R14A"
"BTK","PRKCZ","PPP1R14A"
"BTK","CyclinD/CDK4","PPP1R14A"
"BTK","DOK1","PPP1R14A"
"BTK","FGG","PPP1R14A"
"BTK","LEPR","PPP1R14A"
"BTK","ITK","PPP1R14A"
"BTK","BCL3","PPP1R14A"
"BTK","DVL1","PPP1R14A"
"BTK","FZR1","PPP1R14A"
"BTK","ATR","PPP1R14A"
"BTK","SGK3","PPP1R14A"
"BTK","PTK6","PPP1R14A"
"BTK","ILK","PPP1R14A"
"BTK","STAP1","PPP1R14A"
"BTK","TBK1","PPP1R14A"
"BTK","PTPN7","PPP1R14A"
"BTK","CALM1","PPP1R14A"
"BTK","TLK1","PPP1R14A"
"BTK","DDX41","PPP1R14A"
"BTK","IKK-complex","PPP1R14A"
"BTK","RPS6KA4","PPP1R14A"
"BTK","NTRK1","PPP1R14A"
"BTK","GPSM3","PPP1R14A"
"BTK","RELA","PPP1R14A"
"BTK","MAP3K8","PPP1R14A"
"BTK","CDKN1B","PPP1R14A"
"BTK","FBLIM1","PPP1R14A"
"BTK","TEC","PPP1R14A"
"BTK","VCP","PPP1R14A"
"BTK","GRIP1","PPP1R14A"
"BTK","CCR2","PPP1R14A"
"BTK","PSTPIP1","PPP1R14A"
"BTK","TRAF3","PPP1R14A"
"BTK","INPP5D","PPP1R14A"
"BTK","FRS2","PPP1R14A"
"BTK","SH2B2","PPP1R14A"
"BTK","TRPV1","PPP1R14A"
"BTK","HDAC2","PPP1R14A"
"BTK","DDX58","PPP1R14A"
"BTK","UBXN2B","PPP1R14A"
"BTK","MST1R","PPP1R14A"
"BTK","ROR2","PPP1R14A"
"BTK","IFIH1","PPP1R14A"
"BTK","RAD50","PPP1R14A"
"BTK","TTI1","PPP1R14A"
"BTK","LRP6","PPP1R14A"
"BTK","HOXB7","PPP1R14A"
"BTK","PIK3C3","PPP1R14A"
"BTK","RND1","PPP1R14A"
"BTK","STING1","PPP1R14A"
"BTK","SPEN","PPP1R14A"
"BTK","NFKB1","PPP1R14A"
"BTK","TELO2","PPP1R14A"
"BTK","BLVRA","PPP1R14A"
"BTK","PLCG2","PPP1R14A"
"BTK","PPP1R14B","PPP1R14A"
"BTK","PABIR1","PPP1R14A"
"BTK","MAPK3","DOK4"
"BTK","AKT3","DOK4"
"BTK","AKT2","DOK4"
"BTK","PRKG1","DOK4"
"BTK","CALM2","DOK4"
"BTK","CDK9","DOK4"
"BTK","ABL1","DOK4"
"BTK","MAP2K1","DOK4"
"BTK","MAP3K1","DOK4"
"BTK","MAP3K7","DOK4"
"BTK","IKBKB","DOK4"
"BTK","MAP3K4","DOK4"
"BTK","DAPK1","DOK4"
"BTK","FGG","DOK4"
"BTK","ITK","DOK4"
"BTK","BCL3","DOK4"
"BTK","FZR1","DOK4"
"BTK","GRB2","DOK4"
"BTK","SGK3","DOK4"
"BTK","IKBKE","DOK4"
"BTK","TBK1","DOK4"
"BTK","SPRED1","DOK4"
"BTK","PTPN7","DOK4"
"BTK","CALM1","DOK4"
"BTK","MAP4K1","DOK4"
"BTK","RPS6KA4","DOK4"
"BTK","NTRK1","DOK4"
"BTK","GPSM3","DOK4"
"BTK","RELA","DOK4"
"BTK","EPHA2","DOK4"
"BTK","VCP","DOK4"
"BTK","TMIGD2","DOK4"
"BTK","CRTC2","DOK4"
"BTK","CCNE1","DOK4"
"BTK","SET","DOK4"
"BTK","BCL10","DOK4"
"BTK","MST1R","DOK4"
"BTK","ABI1","DOK4"
"BTK","IFIH1","DOK4"
"BTK","WDFY3","DOK4"
"BTK","LRP6","DOK4"
"BTK","PIK3C3","DOK4"
"BTK","NFKB1","DOK4"
"BTK","CTDP1","DOK4"
"BTK","TELO2","DOK4"
"BTK","CLSPN","DOK4"
"BTK","GRB7","DOK4"
"BTK","RBL2","DOK4"
"BTK","MAPK3","DCC"
"BTK","AKT2","DCC"
"BTK","PTEN","DCC"
"BTK","PRKG1","DCC"
"BTK","WNK1","DCC"
"BTK","PRKCB","DCC"
"BTK","PRKCG","DCC"
"BTK","PXN","DCC"
"BTK","LEPR","DCC"
"BTK","ITK","DCC"
"BTK","BCL3","DCC"
"BTK","DVL1","DCC"
"BTK","FZR1","DCC"
"BTK","GRB2","DCC"
"BTK","VCPIP1","DCC"
"BTK","IKBKE","DCC"
"BTK","STAP1","DCC"
"BTK","SPRED1","DCC"
"BTK","MEK1/2","DCC"
"BTK","FADD","DCC"
"BTK","C9orf72","DCC"
"BTK","CDKN2A","DCC"
"BTK","MAP4K1","DCC"
"BTK","DDX41","DCC"
"BTK","IKK-complex","DCC"
"BTK","SHC1","DCC"
"BTK","NTRK1","DCC"
"BTK","MAP3K8","DCC"
"BTK","CDKN1B","DCC"
"BTK","TEC","DCC"
"BTK","GRIP1","DCC"
"BTK","TMIGD2","DCC"
"BTK","CCR2","DCC"
"BTK","STIP1","DCC"
"BTK","TRAF3","DCC"
"BTK","CRTC2","DCC"
"BTK","CD28","DCC"
"BTK","INPP5D","DCC"
"BTK","CCNE1","DCC"
"BTK","SET","DCC"
"BTK","SH2B2","DCC"
"BTK","TRPV1","DCC"
"BTK","PPP1R14A","DCC"
"BTK","BCL10","DCC"
"BTK","DDX58","DCC"
"BTK","UBXN2B","DCC"
"BTK","ROR2","DCC"
"BTK","ABI1","DCC"
"BTK","IFIH1","DCC"
"BTK","RAD50","DCC"
"BTK","TTI1","DCC"
"BTK","WDFY3","DCC"
"BTK","LRP6","DCC"
"BTK","GRB14","DCC"
"BTK","HOXB7","DCC"
"BTK","PIK3C3","DCC"
"BTK","SPEN","DCC"
"BTK","NFKB1","DCC"
"BTK","TELO2","DCC"
"BTK","BLVRA","DCC"
"BTK","CLSPN","DCC"
"BTK","MAPKAP1","DCC"
"BTK","GRB7","DCC"
"BTK","PLCG2","DCC"
"BTK","RBL2","DCC"
"BTK","MAPK3","BCL10"
"BTK","PTEN","BCL10"
"BTK","PRKCQ","BCL10"
"BTK","MTOR","BCL10"
"BTK","AKT1","BCL10"
"BTK","PRKG1","BCL10"
"BTK","CCP110","BCL10"
"BTK","Gbeta","BCL10"
"BTK","CDK9","BCL10"
"BTK","RPS6KA5","BCL10"
"BTK","WNK1","BCL10"
"BTK","PDPK1","BCL10"
"BTK","SGK1","BCL10"
"BTK","MAP2K1","BCL10"
"BTK","PRKCB","BCL10"
"BTK","PRKCG","BCL10"
"BTK","CyclinD/CDK4","BCL10"
"BTK","MAP3K1","BCL10"
"BTK","MAP3K7","BCL10"
"BTK","AKT","BCL10"
"BTK","WWTR1","BCL10"
"BTK","DOK1","BCL10"
"BTK","PXN","BCL10"
"BTK","FGG","BCL10"
"BTK","ITK","BCL10"
"BTK","BCL3","BCL10"
"BTK","DVL1","BCL10"
"BTK","FZR1","BCL10"
"BTK","GRB2","BCL10"
"BTK","VCPIP1","BCL10"
"BTK","ATR","BCL10"
"BTK","SGK3","BCL10"
"BTK","PTK6","BCL10"
"BTK","IKBKE","BCL10"
"BTK","CCND1","BCL10"
"BTK","ILK","BCL10"
"BTK","STAP1","BCL10"
"BTK","SPRED1","BCL10"
"BTK","PTPN7","BCL10"
"BTK","FADD","BCL10"
"BTK","STK38","BCL10"
"BTK","C9orf72","BCL10"
"BTK","CDKN2A","BCL10"
"BTK","RET","BCL10"
"BTK","RPS6KA4","BCL10"
"BTK","NTRK1","BCL10"
"BTK","GPSM3","BCL10"
"BTK","MAPKAPK5","BCL10"
"BTK","EPHA2","BCL10"
"BTK","PTPRR","BCL10"
"BTK","CDKN1B","BCL10"
"BTK","FBLIM1","BCL10"
"BTK","TEC","BCL10"
"BTK","VCP","BCL10"
"BTK","TMIGD2","BCL10"
"BTK","STIP1","BCL10"
"BTK","PSTPIP1","BCL10"
"BTK","ARRB2","BCL10"
"BTK","TRAF3","BCL10"
"BTK","CRTC2","BCL10"
"BTK","INPP5D","BCL10"
"BTK","FRS2","BCL10"
"BTK","IMPDH2","BCL10"
"BTK","PIK3CG","BCL10"
"BTK","SH2B2","BCL10"
"BTK","TRPV1","BCL10"
"BTK","PPP1R14A","BCL10"
"BTK","PIK3R6","BCL10"
"BTK","MRE11","BCL10"
"BTK","HDAC2","BCL10"
"BTK","KSR1","BCL10"
"BTK","DDX58","BCL10"
"BTK","UBXN2B","BCL10"
"BTK","MST1R","BCL10"
"BTK","ABI1","BCL10"
"BTK","IFIH1","BCL10"
"BTK","RAD50","BCL10"
"BTK","TTI1","BCL10"
"BTK","CTDP1","BCL10"
"BTK","PLCG2","BCL10"
"BTK","PABIR1","BCL10"
"BTK","MAPK3","ZMYM2"
"BTK","PTEN","ZMYM2"
"BTK","PRKCQ","ZMYM2"
"BTK","CCP110","ZMYM2"
"BTK","RPS6K","ZMYM2"
"BTK","ERK1/2","ZMYM2"
"BTK","WNK1","ZMYM2"
"BTK","PDPK1","ZMYM2"
"BTK","PRKCZ","ZMYM2"
"BTK","MAP3K1","ZMYM2"
"BTK","MAP3K7","ZMYM2"
"BTK","AKT","ZMYM2"
"BTK","IKBKB","ZMYM2"
"BTK","WWTR1","ZMYM2"
"BTK","DOK1","ZMYM2"
"BTK","DAPK1","ZMYM2"
"BTK","PXN","ZMYM2"
"BTK","LEPR","ZMYM2"
"BTK","RPS6KA3","ZMYM2"
"BTK","BCL3","ZMYM2"
"BTK","FZR1","ZMYM2"
"BTK","GRB2","ZMYM2"
"BTK","SGK3","ZMYM2"
"BTK","IKBKE","ZMYM2"
"BTK","CCND1","ZMYM2"
"BTK","ILK","ZMYM2"
"BTK","STAP1","ZMYM2"
"BTK","TBK1","ZMYM2"
"BTK","CALM1","ZMYM2"
"BTK","FADD","ZMYM2"
"BTK","C9orf72","ZMYM2"
"BTK","IKK-complex","ZMYM2"
"BTK","SHC1","ZMYM2"
"BTK","RPS6KA4","ZMYM2"
"BTK","GPSM3","ZMYM2"
"BTK","MAPKAPK5","ZMYM2"
"BTK","EPHA2","ZMYM2"
"BTK","MAP3K8","ZMYM2"
"BTK","STIP1","ZMYM2"
"BTK","ARRB2","ZMYM2"
"BTK","TRAF3","ZMYM2"
"BTK","CD28","ZMYM2"
"BTK","CCNE1","ZMYM2"
"BTK","IMPDH2","ZMYM2"
"BTK","SET","ZMYM2"
"BTK","PIK3CG","ZMYM2"
"BTK","SH2B2","ZMYM2"
"BTK","PPP1R14A","ZMYM2"
"BTK","BCL10","ZMYM2"
"BTK","PIK3R6","ZMYM2"
"BTK","HDAC2","ZMYM2"
"BTK","KSR1","ZMYM2"
"BTK","DDX58","ZMYM2"
"BTK","UBXN2B","ZMYM2"
"BTK","ROR2","ZMYM2"
"BTK","ABI1","ZMYM2"
"BTK","IFIH1","ZMYM2"
"BTK","RAD50","ZMYM2"
"BTK","TTI1","ZMYM2"
"BTK","WDFY3","ZMYM2"
"BTK","GRB14","ZMYM2"
"BTK","HOXB7","ZMYM2"
"BTK","PIK3C3","ZMYM2"
"BTK","RND1","ZMYM2"
"BTK","STING1","ZMYM2"
"BTK","NFKB1","ZMYM2"
"BTK","CTDP1","ZMYM2"
"BTK","BLVRA","ZMYM2"
"BTK","GRB7","ZMYM2"
"BTK","PPP1R14B","ZMYM2"
"BTK","PABIR1","ZMYM2"
"BTK","AKT3","VCAM1"
"BTK","CHUK","VCAM1"
"BTK","AKT2","VCAM1"
"BTK","PTEN","VCAM1"
"BTK","PRKCQ","VCAM1"
"BTK","AKT1","VCAM1"
"BTK","PRKG1","VCAM1"
"BTK","CCP110","VCAM1"
"BTK","RPS6K","VCAM1"
"BTK","ERK1/2","VCAM1"
"BTK","Gbeta","VCAM1"
"BTK","LCK","VCAM1"
"BTK","CDK9","VCAM1"
"BTK","RPS6KA5","VCAM1"
"BTK","WNK1","VCAM1"
"BTK","PRKCB","VCAM1"
"BTK","PRKCG","VCAM1"
"BTK","CyclinD/CDK4","VCAM1"
"BTK","MAP3K7","VCAM1"
"BTK","AKT","VCAM1"
"BTK","IKBKB","VCAM1"
"BTK","DOK1","VCAM1"
"BTK","MAP3K4","VCAM1"
"BTK","LEPR","VCAM1"
"BTK","RPS6KA3","VCAM1"
"BTK","DVL1","VCAM1"
"BTK","FZR1","VCAM1"
"BTK","ATR","VCAM1"
"BTK","IKBKE","VCAM1"
"BTK","TBK1","VCAM1"
"BTK","SPRED1","VCAM1"
"BTK","MEK1/2","VCAM1"
"BTK","PTPN7","VCAM1"
"BTK","FADD","VCAM1"
"BTK","C9orf72","VCAM1"
"BTK","CDKN2A","VCAM1"
"BTK","MAP4K1","VCAM1"
"BTK","IKK-complex","VCAM1"
"BTK","RPS6KA4","VCAM1"
"BTK","RELA","VCAM1"
"BTK","MAPKAPK5","VCAM1"
"BTK","EPHA2","VCAM1"
"BTK","MAP3K8","VCAM1"
"BTK","PTPRR","VCAM1"
"BTK","CDKN1B","VCAM1"
"BTK","FBLIM1","VCAM1"
"BTK","GRIP1","VCAM1"
"BTK","TMIGD2","VCAM1"
"BTK","STIP1","VCAM1"
"BTK","FRS2","VCAM1"
"BTK","PIK3CG","VCAM1"
"BTK","PPP1R14A","VCAM1"
"BTK","BCL10","VCAM1"
"BTK","PIK3R6","VCAM1"
"BTK","MRE11","VCAM1"
"BTK","KSR1","VCAM1"
"BTK","DDX58","VCAM1"
"BTK","MST1R","VCAM1"
"BTK","ROR2","VCAM1"
"BTK","ABI1","VCAM1"
"BTK","TTI1","VCAM1"
"BTK","GRB14","VCAM1"
"BTK","RND1","VCAM1"
"BTK","SPEN","VCAM1"
"BTK","NFKB1","VCAM1"
"BTK","CTDP1","VCAM1"
"BTK","TELO2","VCAM1"
"BTK","BLVRA","VCAM1"
"BTK","MAPKAP1","VCAM1"
"BTK","GRB7","VCAM1"
"BTK","PLCG2","VCAM1"
"BTK","PPP1R14B","VCAM1"
"BTK","PABIR1","VCAM1"
"BTK","CHUK","USF1"
"BTK","PTEN","USF1"
"BTK","MTOR","USF1"
"BTK","CCP110","USF1"
"BTK","RPS6K","USF1"
"BTK","Gbeta","USF1"
"BTK","RPS6KA5","USF1"
"BTK","PRKCG","USF1"
"BTK","PRKCZ","USF1"
"BTK","CyclinD/CDK4","USF1"
"BTK","MAP3K1","USF1"
"BTK","MAP3K7","USF1"
"BTK","AKT","USF1"
"BTK","IKBKB","USF1"
"BTK","WWTR1","USF1"
"BTK","DOK1","USF1"
"BTK","MAP3K4","USF1"
"BTK","DAPK1","USF1"
"BTK","PXN","USF1"
"BTK","FGG","USF1"
"BTK","LEPR","USF1"
"BTK","GRB2","USF1"
"BTK","VCPIP1","USF1"
"BTK","ATR","USF1"
"BTK","CCND1","USF1"
"BTK","ILK","USF1"
"BTK","TBK1","USF1"
"BTK","SPRED1","USF1"
"BTK","MEK1/2","USF1"
"BTK","CALM1","USF1"
"BTK","FADD","USF1"
"BTK","TLK1","USF1"
"BTK","C9orf72","USF1"
"BTK","MAP4K1","USF1"
"BTK","IKK-complex","USF1"
"BTK","SHC1","USF1"
"BTK","RPS6KA4","USF1"
"BTK","NTRK1","USF1"
"BTK","GPSM3","USF1"
"BTK","RELA","USF1"
"BTK","MAPKAPK5","USF1"
"BTK","MAP3K8","USF1"
"BTK","GRIP1","USF1"
"BTK","TMIGD2","USF1"
"BTK","CCR2","USF1"
"BTK","ARRB2","USF1"
"BTK","CRTC2","USF1"
"BTK","CCNE1","USF1"
"BTK","IMPDH2","USF1"
"BTK","PPP1R14A","USF1"
"BTK","PIK3R6","USF1"
"BTK","MRE11","USF1"
"BTK","KSR1","USF1"
"BTK","ROR2","USF1"
"BTK","RAD50","USF1"
"BTK","TTI1","USF1"
"BTK","WDFY3","USF1"
"BTK","LRP6","USF1"
"BTK","GRB14","USF1"
"BTK","PIK3C3","USF1"
"BTK","RND1","USF1"
"BTK","SPEN","USF1"
"BTK","TELO2","USF1"
"BTK","CLSPN","USF1"
"BTK","BAZ1B","USF1"
"BTK","PLCG2","USF1"
"BTK","PPP1R14B","USF1"
"BTK","PABIR1","USF1"
"BTK","MAPK3","PIK3R6"
"BTK","CHUK","PIK3R6"
"BTK","AKT2","PIK3R6"
"BTK","PRKCQ","PIK3R6"
"BTK","AKT1","PIK3R6"
"BTK","CCP110","PIK3R6"
"BTK","RPS6K","PIK3R6"
"BTK","ERK1/2","PIK3R6"
"BTK","Gbeta","PIK3R6"
"BTK","LCK","PIK3R6"
"BTK","PDPK1","PIK3R6"
"BTK","PRKCG","PIK3R6"
"BTK","WWTR1","PIK3R6"
"BTK","DOK1","PIK3R6"
"BTK","LEPR","PIK3R6"
"BTK","ITK","PIK3R6"
"BTK","RPS6KA3","PIK3R6"
"BTK","DVL1","PIK3R6"
"BTK","ATR","PIK3R6"
"BTK","SGK3","PIK3R6"
"BTK","IKBKE","PIK3R6"
"BTK","ILK","PIK3R6"
"BTK","STAP1","PIK3R6"
"BTK","CALM1","PIK3R6"
"BTK","DDX41","PIK3R6"
"BTK","IKK-complex","PIK3R6"
"BTK","RPS6KA4","PIK3R6"
"BTK","MAPKAPK5","PIK3R6"
"BTK","EPHA2","PIK3R6"
"BTK","FBLIM1","PIK3R6"
"BTK","GRIP1","PIK3R6"
"BTK","STIP1","PIK3R6"
"BTK","PSTPIP1","PIK3R6"
"BTK","ARRB2","PIK3R6"
"BTK","CRTC2","PIK3R6"
"BTK","FRS2","PIK3R6"
"BTK","PIK3CG","PIK3R6"
"BTK","SH2B2","PIK3R6"
"BTK","KSR1","PIK3R6"
"BTK","UBXN2B","PIK3R6"
"BTK","MST1R","PIK3R6"
"BTK","ROR2","PIK3R6"
"BTK","IFIH1","PIK3R6"
"BTK","TTI1","PIK3R6"
"BTK","HOXB7","PIK3R6"
"BTK","SPEN","PIK3R6"
"BTK","CLSPN","PIK3R6"
"BTK","PLCG2","PIK3R6"
"BTK","PPP1R14B","PIK3R6"
"BTK","AKT3","AFAP1L2"
"BTK","PTEN","AFAP1L2"
"BTK","MTOR","AFAP1L2"
"BTK","CCP110","AFAP1L2"
"BTK","CALM2","AFAP1L2"
"BTK","ABL1","AFAP1L2"
"BTK","RPS6KA5","AFAP1L2"
"BTK","MAP2K1","AFAP1L2"
"BTK","PRKCB","AFAP1L2"
"BTK","PRKCG","AFAP1L2"
"BTK","PRKCZ","AFAP1L2"
"BTK","IKBKB","AFAP1L2"
"BTK","DAPK1","AFAP1L2"
"BTK","LEPR","AFAP1L2"
"BTK","ITK","AFAP1L2"
"BTK","RPS6KA3","AFAP1L2"
"BTK","FZR1","AFAP1L2"
"BTK","ATR","AFAP1L2"
"BTK","SGK3","AFAP1L2"
"BTK","PTK6","AFAP1L2"
"BTK","CCND1","AFAP1L2"
"BTK","ILK","AFAP1L2"
"BTK","STAP1","AFAP1L2"
"BTK","TBK1","AFAP1L2"
"BTK","SPRED1","AFAP1L2"
"BTK","PTPN7","AFAP1L2"
"BTK","FADD","AFAP1L2"
"BTK","TLK1","AFAP1L2"
"BTK","C9orf72","AFAP1L2"
"BTK","CDKN2A","AFAP1L2"
"BTK","MAP4K1","AFAP1L2"
"BTK","DDX41","AFAP1L2"
"BTK","SHC1","AFAP1L2"
"BTK","EPHA2","AFAP1L2"
"BTK","MAP3K8","AFAP1L2"
"BTK","CDKN1B","AFAP1L2"
"BTK","FBLIM1","AFAP1L2"
"BTK","TEC","AFAP1L2"
"BTK","TMIGD2","AFAP1L2"
"BTK","CCR2","AFAP1L2"
"BTK","CD28","AFAP1L2"
"BTK","INPP5D","AFAP1L2"
"BTK","CCNE1","AFAP1L2"
"BTK","MRE11","AFAP1L2"
"BTK","HDAC2","AFAP1L2"
"BTK","KSR1","AFAP1L2"
"BTK","DDX58","AFAP1L2"
"BTK","MST1R","AFAP1L2"
"BTK","ROR2","AFAP1L2"
"BTK","RAD50","AFAP1L2"
"BTK","TTI1","AFAP1L2"
"BTK","LRP6","AFAP1L2"
"BTK","HOXB7","AFAP1L2"
"BTK","RND1","AFAP1L2"
"BTK","STING1","AFAP1L2"
"BTK","SPEN","AFAP1L2"
"BTK","RBL2","AFAP1L2"
"BTK","PPP1R14B","AFAP1L2"
"BTK","PTEN","MDM4"
"BTK","PRKCQ","MDM4"
"BTK","MTOR","MDM4"
"BTK","CCP110","MDM4"
"BTK","ERK1/2","MDM4"
"BTK","LCK","MDM4"
"BTK","RPS6KA5","MDM4"
"BTK","WNK1","MDM4"
"BTK","PDPK1","MDM4"
"BTK","SGK1","MDM4"
"BTK","MAP2K1","MDM4"
"BTK","PRKCG","MDM4"
"BTK","PRKCZ","MDM4"
"BTK","CyclinD/CDK4","MDM4"
"BTK","MAP3K1","MDM4"
"BTK","MAP3K7","MDM4"
"BTK","DOK1","MDM4"
"BTK","PXN","MDM4"
"BTK","FGG","MDM4"
"BTK","ITK","MDM4"
"BTK","BCL3","MDM4"
"BTK","DVL1","MDM4"
"BTK","GRB2","MDM4"
"BTK","VCPIP1","MDM4"
"BTK","ATR","MDM4"
"BTK","SGK3","MDM4"
"BTK","IKBKE","MDM4"
"BTK","CCND1","MDM4"
"BTK","FADD","MDM4"
"BTK","C9orf72","MDM4"
"BTK","MAP4K1","MDM4"
"BTK","RET","MDM4"
"BTK","SHC1","MDM4"
"BTK","NTRK1","MDM4"
"BTK","EPHA2","MDM4"
"BTK","PTPRR","MDM4"
"BTK","TEC","MDM4"
"BTK","VCP","MDM4"
"BTK","TMIGD2","MDM4"
"BTK","CCR2","MDM4"
"BTK","STIP1","MDM4"
"BTK","PSTPIP1","MDM4"
"BTK","TRAF3","MDM4"
"BTK","CCNE1","MDM4"
"BTK","SH2B2","MDM4"
"BTK","TRPV1","MDM4"
"BTK","PPP1R14A","MDM4"
"BTK","BCL10","MDM4"
"BTK","PIK3R6","MDM4"
"BTK","KSR1","MDM4"
"BTK","DDX58","MDM4"
"BTK","MST1R","MDM4"
"BTK","ROR2","MDM4"
"BTK","ABI1","MDM4"
"BTK","IFIH1","MDM4"
"BTK","RAD50","MDM4"
"BTK","TTI1","MDM4"
"BTK","HOXB7","MDM4"
"BTK","PIK3C3","MDM4"
"BTK","RND1","MDM4"
"BTK","STING1","MDM4"
"BTK","CTDP1","MDM4"
"BTK","TELO2","MDM4"
"BTK","BLVRA","MDM4"
"BTK","CLSPN","MDM4"
"BTK","MAPKAP1","MDM4"
"BTK","BAZ1B","MDM4"
"BTK","PLCG2","MDM4"
"BTK","RBL2","MDM4"
"BTK","PABIR1","MDM4"
"BTK","CHUK","ICAM1"
"BTK","AKT2","ICAM1"
"BTK","PRKCQ","ICAM1"
"BTK","MTOR","ICAM1"
"BTK","CCP110","ICAM1"
"BTK","RPS6K","ICAM1"
"BTK","LCK","ICAM1"
"BTK","CDK9","ICAM1"
"BTK","ABL1","ICAM1"
"BTK","RPS6KA5","ICAM1"
"BTK","PDPK1","ICAM1"
"BTK","PRKCB","ICAM1"
"BTK","PRKCZ","ICAM1"
"BTK","CyclinD/CDK4","ICAM1"
"BTK","MAP3K1","ICAM1"
"BTK","MAP3K7","ICAM1"
"BTK","FGG","ICAM1"
"BTK","ITK","ICAM1"
"BTK","RPS6KA3","ICAM1"
"BTK","GRB2","ICAM1"
"BTK","VCPIP1","ICAM1"
"BTK","PTK6","ICAM1"
"BTK","IKBKE","ICAM1"
"BTK","MEK1/2","ICAM1"
"BTK","PTPN7","ICAM1"
"BTK","STK38","ICAM1"
"BTK","RET","ICAM1"
"BTK","DDX41","ICAM1"
"BTK","GPSM3","ICAM1"
"BTK","MAPKAPK5","ICAM1"
"BTK","MAP3K8","ICAM1"
"BTK","CDKN1B","ICAM1"
"BTK","VCP","ICAM1"
"BTK","GRIP1","ICAM1"
"BTK","CCR2","ICAM1"
"BTK","STIP1","ICAM1"
"BTK","ARRB2","ICAM1"
"BTK","CD28","ICAM1"
"BTK","CCNE1","ICAM1"
"BTK","SET","ICAM1"
"BTK","PIK3CG","ICAM1"
"BTK","SH2B2","ICAM1"
"BTK","BCL10","ICAM1"
"BTK","PIK3R6","ICAM1"
"BTK","HDAC2","ICAM1"
"BTK","KSR1","ICAM1"
"BTK","DDX58","ICAM1"
"BTK","UBXN2B","ICAM1"
"BTK","MST1R","ICAM1"
"BTK","ROR2","ICAM1"
"BTK","ABI1","ICAM1"
"BTK","IFIH1","ICAM1"
"BTK","RAD50","ICAM1"
"BTK","WDFY3","ICAM1"
"BTK","LRP6","ICAM1"
"BTK","HOXB7","ICAM1"
"BTK","BLVRA","ICAM1"
"BTK","MAPKAP1","ICAM1"
"BTK","GRB7","ICAM1"
"BTK","PLCG2","ICAM1"
"BTK","RBL2","ICAM1"
"BTK","PPP1R14B","ICAM1"
"BTK","MAPK3","MRE11"
"BTK","AKT3","MRE11"
"BTK","AKT2","MRE11"
"BTK","PRKCQ","MRE11"
"BTK","CCP110","MRE11"
"BTK","CALM2","MRE11"
"BTK","Gbeta","MRE11"
"BTK","ABL1","MRE11"
"BTK","RPS6KA5","MRE11"
"BTK","PDPK1","MRE11"
"BTK","SGK1","MRE11"
"BTK","PRKCB","MRE11"
"BTK","PRKCZ","MRE11"
"BTK","MAP3K1","MRE11"
"BTK","AKT","MRE11"
"BTK","WWTR1","MRE11"
"BTK","MAP3K4","MRE11"
"BTK","LEPR","MRE11"
"BTK","ITK","MRE11"
"BTK","RPS6KA3","MRE11"
"BTK","BCL3","MRE11"
"BTK","DVL1","MRE11"
"BTK","GRB2","MRE11"
"BTK","VCPIP1","MRE11"
"BTK","ATR","MRE11"
"BTK","PTK6","MRE11"
"BTK","TBK1","MRE11"
"BTK","SPRED1","MRE11"
"BTK","MEK1/2","MRE11"
"BTK","PTPN7","MRE11"
"BTK","CALM1","MRE11"
"BTK","FADD","MRE11"
"BTK","C9orf72","MRE11"
"BTK","MAP4K1","MRE11"
"BTK","DDX41","MRE11"
"BTK","IKK-complex","MRE11"
"BTK","RPS6KA4","MRE11"
"BTK","NTRK1","MRE11"
"BTK","GPSM3","MRE11"
"BTK","RELA","MRE11"
"BTK","MAPKAPK5","MRE11"
"BTK","EPHA2","MRE11"
"BTK","CDKN1B","MRE11"
"BTK","VCP","MRE11"
"BTK","TMIGD2","MRE11"
"BTK","PSTPIP1","MRE11"
"BTK","ARRB2","MRE11"
"BTK","TRAF3","MRE11"
"BTK","CRTC2","MRE11"
"BTK","PIK3CG","MRE11"
"BTK","BCL10","MRE11"
"BTK","HDAC2","MRE11"
"BTK","DDX58","MRE11"
"BTK","RAD50","MRE11"
"BTK","LRP6","MRE11"
"BTK","STING1","MRE11"
"BTK","TELO2","MRE11"
"BTK","CLSPN","MRE11"
"BTK","PPP1R14B","MRE11"
"BTK","PABIR1","MRE11"
"BTK","PTEN","FRAT1"
"BTK","PRKCQ","FRAT1"
"BTK","MTOR","FRAT1"
"BTK","AKT1","FRAT1"
"BTK","RPS6K","FRAT1"
"BTK","CALM2","FRAT1"
"BTK","WNK1","FRAT1"
"BTK","PDPK1","FRAT1"
"BTK","MAP2K1","FRAT1"
"BTK","PRKCG","FRAT1"
"BTK","MAP3K4","FRAT1"
"BTK","LEPR","FRAT1"
"BTK","BCL3","FRAT1"
"BTK","VCPIP1","FRAT1"
"BTK","PTK6","FRAT1"
"BTK","TBK1","FRAT1"
"BTK","PTPN7","FRAT1"
"BTK","MAP4K1","FRAT1"
"BTK","RET","FRAT1"
"BTK","DDX41","FRAT1"
"BTK","IKK-complex","FRAT1"
"BTK","SHC1","FRAT1"
"BTK","GPSM3","FRAT1"
"BTK","RELA","FRAT1"
"BTK","MAPKAPK5","FRAT1"
"BTK","MAP3K8","FRAT1"
"BTK","GRIP1","FRAT1"
"BTK","TMIGD2","FRAT1"
"BTK","CCR2","FRAT1"
"BTK","STIP1","FRAT1"
"BTK","PSTPIP1","FRAT1"
"BTK","FRS2","FRAT1"
"BTK","IMPDH2","FRAT1"
"BTK","PIK3CG","FRAT1"
"BTK","SH2B2","FRAT1"
"BTK","BCL10","FRAT1"
"BTK","MRE11","FRAT1"
"BTK","HDAC2","FRAT1"
"BTK","KSR1","FRAT1"
"BTK","UBXN2B","FRAT1"
"BTK","ROR2","FRAT1"
"BTK","ABI1","FRAT1"
"BTK","IFIH1","FRAT1"
"BTK","RAD50","FRAT1"
"BTK","TTI1","FRAT1"
"BTK","WDFY3","FRAT1"
"BTK","PIK3C3","FRAT1"
"BTK","RND1","FRAT1"
"BTK","STING1","FRAT1"
"BTK","SPEN","FRAT1"
"BTK","NFKB1","FRAT1"
"BTK","CTDP1","FRAT1"
"BTK","CLSPN","FRAT1"
"BTK","MAPKAP1","FRAT1"
"BTK","GRB7","FRAT1"
"BTK","BAZ1B","FRAT1"
"BTK","PLCG2","FRAT1"
"BTK","PABIR1","FRAT1"
"BTK","AKT3","HMGA2"
"BTK","CHUK","HMGA2"
"BTK","MTOR","HMGA2"
"BTK","CCP110","HMGA2"
"BTK","RPS6K","HMGA2"
"BTK","ERK1/2","HMGA2"
"BTK","Gbeta","HMGA2"
"BTK","CDK9","HMGA2"
"BTK","RPS6KA5","HMGA2"
"BTK","WNK1","HMGA2"
"BTK","PDPK1","HMGA2"
"BTK","MAP2K1","HMGA2"
"BTK","PRKCB","HMGA2"
"BTK","CyclinD/CDK4","HMGA2"
"BTK","MAP3K1","HMGA2"
"BTK","DAPK1","HMGA2"
"BTK","ITK","HMGA2"
"BTK","RPS6KA3","HMGA2"
"BTK","BCL3","HMGA2"
"BTK","DVL1","HMGA2"
"BTK","FZR1","HMGA2"
"BTK","GRB2","HMGA2"
"BTK","VCPIP1","HMGA2"
"BTK","SGK3","HMGA2"
"BTK","PTK6","HMGA2"
"BTK","IKBKE","HMGA2"
"BTK","ILK","HMGA2"
"BTK","MEK1/2","HMGA2"
"BTK","PTPN7","HMGA2"
"BTK","FADD","HMGA2"
"BTK","STK38","HMGA2"
"BTK","MAP4K1","HMGA2"
"BTK","RET","HMGA2"
"BTK","IKK-complex","HMGA2"
"BTK","NTRK1","HMGA2"
"BTK","RELA","HMGA2"
"BTK","MAPKAPK5","HMGA2"
"BTK","EPHA2","HMGA2"
"BTK","PTPRR","HMGA2"
"BTK","CCR2","HMGA2"
"BTK","TRAF3","HMGA2"
"BTK","IMPDH2","HMGA2"
"BTK","SH2B2","HMGA2"
"BTK","TRPV1","HMGA2"
"BTK","HDAC2","HMGA2"
"BTK","MST1R","HMGA2"
"BTK","IFIH1","HMGA2"
"BTK","GRB7","HMGA2"
"BTK","BAZ1B","HMGA2"
"BTK","RBL2","HMGA2"
"BTK","PPP1R14B","HMGA2"
"BTK","MAPK3","PLCG1"
"BTK","AKT3","PLCG1"
"BTK","PRKCQ","PLCG1"
"BTK","MTOR","PLCG1"
"BTK","PTPN6","PLCG1"
"BTK","CCP110","PLCG1"
"BTK","RPS6K","PLCG1"
"BTK","Gbeta","PLCG1"
"BTK","LCK","PLCG1"
"BTK","ABL1","PLCG1"
"BTK","RPS6KA5","PLCG1"
"BTK","DDX5","PLCG1"
"BTK","WWTR1","PLCG1"
"BTK","LEPR","PLCG1"
"BTK","FZR1","PLCG1"
"BTK","SGK3","PLCG1"
"BTK","PTK6","PLCG1"
"BTK","ILK","PLCG1"
"BTK","TBK1","PLCG1"
"BTK","CREBBP","PLCG1"
"BTK","HIPK2","PLCG1"
"BTK","PTPN7","PLCG1"
"BTK","RET","PLCG1"
"BTK","EPS15","PLCG1"
"BTK","IKK-complex","PLCG1"
"BTK","SHC1","PLCG1"
"BTK","NTRK1","PLCG1"
"BTK","MAPKAPK5","PLCG1"
"BTK","EPHA2","PLCG1"
"BTK","PTPRR","PLCG1"
"BTK","CDKN1B","PLCG1"
"BTK","VCP","PLCG1"
"BTK","GRIP1","PLCG1"
"BTK","CCR2","PLCG1"
"BTK","STIP1","PLCG1"
"BTK","PSTPIP1","PLCG1"
"BTK","ARRB2","PLCG1"
"BTK","CD28","PLCG1"
"BTK","INPP5D","PLCG1"
"BTK","FRS2","PLCG1"
"BTK","SET","PLCG1"
"BTK","SH2B2","PLCG1"
"BTK","PPP1R14A","PLCG1"
"BTK","MRE11","PLCG1"
"BTK","MST1R","PLCG1"
"BTK","ABI1","PLCG1"
"BTK","CBL","PLCG1"
"BTK","LRP6","PLCG1"
"BTK","HOXB7","PLCG1"
"BTK","STING1","PLCG1"
"BTK","NFKB1","PLCG1"
"BTK","MAPKAP1","PLCG1"
"BTK","RBL2","PLCG1"
"BTK","PTEN","STAT4"
"BTK","PRKCQ","STAT4"
"BTK","PRKG1","STAT4"
"BTK","RPS6K","STAT4"
"BTK","ERK1/2","STAT4"
"BTK","CDK9","STAT4"
"BTK","PDPK1","STAT4"
"BTK","PRKCB","STAT4"
"BTK","PRKCZ","STAT4"
"BTK","CyclinD/CDK4","STAT4"
"BTK","WWTR1","STAT4"
"BTK","FGG","STAT4"
"BTK","BCL3","STAT4"
"BTK","DVL1","STAT4"
"BTK","GRB2","STAT4"
"BTK","SGK3","STAT4"
"BTK","PTK6","STAT4"
"BTK","IKBKE","STAT4"
"BTK","TBK1","STAT4"
"BTK","PTPN7","STAT4"
"BTK","CALM1","STAT4"
"BTK","STK38","STAT4"
"BTK","TLK1","STAT4"
"BTK","C9orf72","STAT4"
"BTK","IKK-complex","STAT4"
"BTK","GPSM3","STAT4"
"BTK","RELA","STAT4"
"BTK","FBLIM1","STAT4"
"BTK","VCP","STAT4"
"BTK","TMIGD2","STAT4"
"BTK","STIP1","STAT4"
"BTK","ARRB2","STAT4"
"BTK","CRTC2","STAT4"
"BTK","INPP5D","STAT4"
"BTK","SET","STAT4"
"BTK","TRPV1","STAT4"
"BTK","BCL10","STAT4"
"BTK","KSR1","STAT4"
"BTK","UBXN2B","STAT4"
"BTK","ABI1","STAT4"
"BTK","IFIH1","STAT4"
"BTK","RAD50","STAT4"
"BTK","TTI1","STAT4"
"BTK","GRB14","STAT4"
"BTK","RND1","STAT4"
"BTK","STING1","STAT4"
"BTK","SPEN","STAT4"
"BTK","NFKB1","STAT4"
"BTK","CTDP1","STAT4"
"BTK","TELO2","STAT4"
"BTK","BLVRA","STAT4"
"BTK","CLSPN","STAT4"
"BTK","MAPKAP1","STAT4"
"BTK","BAZ1B","STAT4"
"BTK","PLCG2","STAT4"
"BTK","PPP1R14B","STAT4"
"BTK","MTOR","G3BP1"
"BTK","PRKG1","G3BP1"
"BTK","CCP110","G3BP1"
"BTK","CALM2","G3BP1"
"BTK","ERK1/2","G3BP1"
"BTK","Gbeta","G3BP1"
"BTK","CDK9","G3BP1"
"BTK","ABL1","G3BP1"
"BTK","SGK1","G3BP1"
"BTK","PRKCZ","G3BP1"
"BTK","MAP3K1","G3BP1"
"BTK","AKT","G3BP1"
"BTK","MAP3K4","G3BP1"
"BTK","DAPK1","G3BP1"
"BTK","PXN","G3BP1"
"BTK","FGG","G3BP1"
"BTK","ITK","G3BP1"
"BTK","BCL3","G3BP1"
"BTK","FZR1","G3BP1"
"BTK","VCPIP1","G3BP1"
"BTK","SGK3","G3BP1"
"BTK","CCND1","G3BP1"
"BTK","SPRED1","G3BP1"
"BTK","FADD","G3BP1"
"BTK","SHC1","G3BP1"
"BTK","RPS6KA4","G3BP1"
"BTK","NTRK1","G3BP1"
"BTK","EPHA2","G3BP1"
"BTK","MAP3K8","G3BP1"
"BTK","PTPRR","G3BP1"
"BTK","TMIGD2","G3BP1"
"BTK","ARRB2","G3BP1"
"BTK","CRTC2","G3BP1"
"BTK","INPP5D","G3BP1"
"BTK","FRS2","G3BP1"
"BTK","SET","G3BP1"
"BTK","TRPV1","G3BP1"
"BTK","PPP1R14A","G3BP1"
"BTK","BCL10","G3BP1"
"BTK","HDAC2","G3BP1"
"BTK","KSR1","G3BP1"
"BTK","ROR2","G3BP1"
"BTK","IFIH1","G3BP1"
"BTK","RAD50","G3BP1"
"BTK","TTI1","G3BP1"
"BTK","GRB14","G3BP1"
"BTK","RND1","G3BP1"
"BTK","STING1","G3BP1"
"BTK","BLVRA","G3BP1"
"BTK","GRB7","G3BP1"
"BTK","RBL2","G3BP1"
"BTK","AKT1","CARD11"
"BTK","PRKG1","CARD11"
"BTK","RPS6K","CARD11"
"BTK","ERK1/2","CARD11"
"BTK","PDPK1","CARD11"
"BTK","SGK1","CARD11"
"BTK","PRKCZ","CARD11"
"BTK","MAP3K1","CARD11"
"BTK","AKT","CARD11"
"BTK","IKBKB","CARD11"
"BTK","DOK1","CARD11"
"BTK","MAP3K4","CARD11"
"BTK","PXN","CARD11"
"BTK","FGG","CARD11"
"BTK","RPS6KA3","CARD11"
"BTK","BCL3","CARD11"
"BTK","FZR1","CARD11"
"BTK","GRB2","CARD11"
"BTK","VCPIP1","CARD11"
"BTK","ATR","CARD11"
"BTK","SGK3","CARD11"
"BTK","PTK6","CARD11"
"BTK","IKBKE","CARD11"
"BTK","CCND1","CARD11"
"BTK","ILK","CARD11"
"BTK","TBK1","CARD11"
"BTK","SPRED1","CARD11"
"BTK","RET","CARD11"
"BTK","DDX41","CARD11"
"BTK","SHC1","CARD11"
"BTK","NTRK1","CARD11"
"BTK","GPSM3","CARD11"
"BTK","RELA","CARD11"
"BTK","EPHA2","CARD11"
"BTK","MAP3K8","CARD11"
"BTK","CDKN1B","CARD11"
"BTK","TEC","CARD11"
"BTK","CCR2","CARD11"
"BTK","PSTPIP1","CARD11"
"BTK","TRAF3","CARD11"
"BTK","FRS2","CARD11"
"BTK","CCNE1","CARD11"
"BTK","IMPDH2","CARD11"
"BTK","SET","CARD11"
"BTK","SH2B2","CARD11"
"BTK","PPP1R14A","CARD11"
"BTK","PIK3R6","CARD11"
"BTK","HDAC2","CARD11"
"BTK","DDX58","CARD11"
"BTK","ROR2","CARD11"
"BTK","WDFY3","CARD11"
"BTK","LRP6","CARD11"
"BTK","GRB14","CARD11"
"BTK","PIK3C3","CARD11"
"BTK","STING1","CARD11"
"BTK","SPEN","CARD11"
"BTK","CTDP1","CARD11"
"BTK","TELO2","CARD11"
"BTK","BLVRA","CARD11"
"BTK","MAPKAP1","CARD11"
"BTK","BAZ1B","CARD11"
"BTK","PLCG2","CARD11"
"BTK","RBL2","CARD11"
"BTK","PABIR1","CARD11"
"BTK","CHUK","HDAC2"
"BTK","AKT2","HDAC2"
"BTK","PTEN","HDAC2"
"BTK","PRKCQ","HDAC2"
"BTK","MTOR","HDAC2"
"BTK","PRKG1","HDAC2"
"BTK","CCP110","HDAC2"
"BTK","CALM2","HDAC2"
"BTK","ERK1/2","HDAC2"
"BTK","WNK1","HDAC2"
"BTK","SGK1","HDAC2"
"BTK","PRKCG","HDAC2"
"BTK","PRKCZ","HDAC2"
"BTK","MAP3K1","HDAC2"
"BTK","MAP3K7","HDAC2"
"BTK","IKBKB","HDAC2"
"BTK","DAPK1","HDAC2"
"BTK","PXN","HDAC2"
"BTK","BCL3","HDAC2"
"BTK","DVL1","HDAC2"
"BTK","VCPIP1","HDAC2"
"BTK","SGK3","HDAC2"
"BTK","CCND1","HDAC2"
"BTK","ILK","HDAC2"
"BTK","STAP1","HDAC2"
"BTK","MEK1/2","HDAC2"
"BTK","PTPN7","HDAC2"
"BTK","STK38","HDAC2"
"BTK","C9orf72","HDAC2"
"BTK","CDKN2A","HDAC2"
"BTK","MAP4K1","HDAC2"
"BTK","RET","HDAC2"
"BTK","DDX41","HDAC2"
"BTK","IKK-complex","HDAC2"
"BTK","RPS6KA4","HDAC2"
"BTK","NTRK1","HDAC2"
"BTK","GPSM3","HDAC2"
"BTK","MAPKAPK5","HDAC2"
"BTK","EPHA2","HDAC2"
"BTK","MAP3K8","HDAC2"
"BTK","VCP","HDAC2"
"BTK","TMIGD2","HDAC2"
"BTK","CCR2","HDAC2"
"BTK","STIP1","HDAC2"
"BTK","ARRB2","HDAC2"
"BTK","TRAF3","HDAC2"
"BTK","CRTC2","HDAC2"
"BTK","SET","HDAC2"
"BTK","TRPV1","HDAC2"
"BTK","PPP1R14A","HDAC2"
"BTK","UBXN2B","HDAC2"
"BTK","MST1R","HDAC2"
"BTK","ABI1","HDAC2"
"BTK","TTI1","HDAC2"
"BTK","GRB14","HDAC2"
"BTK","PIK3C3","HDAC2"
"BTK","CTDP1","HDAC2"
"BTK","TELO2","HDAC2"
"BTK","PLCG2","HDAC2"
"BTK","RBL2","HDAC2"
"BTK","AKT3","MEF2A"
"BTK","CHUK","MEF2A"
"BTK","AKT2","MEF2A"
"BTK","PRKCQ","MEF2A"
"BTK","CCP110","MEF2A"
"BTK","CALM2","MEF2A"
"BTK","ERK1/2","MEF2A"
"BTK","LCK","MEF2A"
"BTK","PDPK1","MEF2A"
"BTK","PRKCG","MEF2A"
"BTK","CyclinD/CDK4","MEF2A"
"BTK","WWTR1","MEF2A"
"BTK","DOK1","MEF2A"
"BTK","LEPR","MEF2A"
"BTK","ITK","MEF2A"
"BTK","RPS6KA3","MEF2A"
"BTK","BCL3","MEF2A"
"BTK","GRB2","MEF2A"
"BTK","VCPIP1","MEF2A"
"BTK","STAP1","MEF2A"
"BTK","PTPN7","MEF2A"
"BTK","FADD","MEF2A"
"BTK","RET","MEF2A"
"BTK","SHC1","MEF2A"
"BTK","RELA","MEF2A"
"BTK","MAPKAPK5","MEF2A"
"BTK","MAP3K8","MEF2A"
"BTK","CDKN1B","MEF2A"
"BTK","TEC","MEF2A"
"BTK","GRIP1","MEF2A"
"BTK","CCR2","MEF2A"
"BTK","CRTC2","MEF2A"
"BTK","FRS2","MEF2A"
"BTK","SET","MEF2A"
"BTK","PIK3CG","MEF2A"
"BTK","UBXN2B","MEF2A"
"BTK","ABI1","MEF2A"
"BTK","RAD50","MEF2A"
"BTK","TTI1","MEF2A"
"BTK","HOXB7","MEF2A"
"BTK","RND1","MEF2A"
"BTK","STING1","MEF2A"
"BTK","TELO2","MEF2A"
"BTK","BLVRA","MEF2A"
"BTK","BAZ1B","MEF2A"
"BTK","RBL2","MEF2A"
"BTK","AKT3","NFIB"
"BTK","CHUK","NFIB"
"BTK","PTEN","NFIB"
"BTK","PRKCQ","NFIB"
"BTK","AKT1","NFIB"
"BTK","CCP110","NFIB"
"BTK","CALM2","NFIB"
"BTK","ERK1/2","NFIB"
"BTK","CDK9","NFIB"
"BTK","RPS6KA5","NFIB"
"BTK","PRKCB","NFIB"
"BTK","MAP3K7","NFIB"
"BTK","AKT","NFIB"
"BTK","IKBKB","NFIB"
"BTK","PXN","NFIB"
"BTK","LEPR","NFIB"
"BTK","ITK","NFIB"
"BTK","BCL3","NFIB"
"BTK","VCPIP1","NFIB"
"BTK","SGK3","NFIB"
"BTK","PTK6","NFIB"
"BTK","ILK","NFIB"
"BTK","STAP1","NFIB"
"BTK","MEK1/2","NFIB"
"BTK","PTPN7","NFIB"
"BTK","CALM1","NFIB"
"BTK","TLK1","NFIB"
"BTK","C9orf72","NFIB"
"BTK","CDKN2A","NFIB"
"BTK","MAP4K1","NFIB"
"BTK","DDX41","NFIB"
"BTK","RELA","NFIB"
"BTK","EPHA2","NFIB"
"BTK","GRIP1","NFIB"
"BTK","TMIGD2","NFIB"
"BTK","CCR2","NFIB"
"BTK","ARRB2","NFIB"
"BTK","CRTC2","NFIB"
"BTK","CD28","NFIB"
"BTK","IMPDH2","NFIB"
"BTK","PIK3CG","NFIB"
"BTK","SH2B2","NFIB"
"BTK","HDAC2","NFIB"
"BTK","KSR1","NFIB"
"BTK","DDX58","NFIB"
"BTK","UBXN2B","NFIB"
"BTK","MST1R","NFIB"
"BTK","ROR2","NFIB"
"BTK","ABI1","NFIB"
"BTK","IFIH1","NFIB"
"BTK","RAD50","NFIB"
"BTK","WDFY3","NFIB"
"BTK","LRP6","NFIB"
"BTK","HOXB7","NFIB"
"BTK","BLVRA","NFIB"
"BTK","CLSPN","NFIB"
"BTK","GRB7","NFIB"
"BTK","PLCG2","NFIB"
"BTK","RBL2","NFIB"
"BTK","PPP1R14B","NFIB"
"BTK","MAPK3","CREB1"
"BTK","AKT3","CREB1"
"BTK","PRKCQ","CREB1"
"BTK","CCP110","CREB1"
"BTK","CALM2","CREB1"
"BTK","Gbeta","CREB1"
"BTK","RPS6KA5","CREB1"
"BTK","PDPK1","CREB1"
"BTK","SGK1","CREB1"
"BTK","PRKCB","CREB1"
"BTK","PRKCZ","CREB1"
"BTK","MAP3K1","CREB1"
"BTK","AKT","CREB1"
"BTK","WWTR1","CREB1"
"BTK","FGG","CREB1"
"BTK","DVL1","CREB1"
"BTK","VCPIP1","CREB1"
"BTK","SGK3","CREB1"
"BTK","CCND1","CREB1"
"BTK","SPRED1","CREB1"
"BTK","MEK1/2","CREB1"
"BTK","CDKN2A","CREB1"
"BTK","SHC1","CREB1"
"BTK","NTRK1","CREB1"
"BTK","RELA","CREB1"
"BTK","FBLIM1","CREB1"
"BTK","ARRB2","CREB1"
"BTK","INPP5D","CREB1"
"BTK","CCNE1","CREB1"
"BTK","PIK3CG","CREB1"
"BTK","TRPV1","CREB1"
"BTK","PPP1R14A","CREB1"
"BTK","KSR1","CREB1"
"BTK","DDX58","CREB1"
"BTK","UBXN2B","CREB1"
"BTK","MST1R","CREB1"
"BTK","ABI1","CREB1"
"BTK","IFIH1","CREB1"
"BTK","RAD50","CREB1"
"BTK","RND1","CREB1"
"BTK","SPEN","CREB1"
"BTK","RBL2","CREB1"
"BTK","MAPK3","KSR1"
"BTK","PTEN","KSR1"
"BTK","MTOR","KSR1"
"BTK","CALM2","KSR1"
"BTK","ERK1/2","KSR1"
"BTK","LCK","KSR1"
"BTK","PDPK1","KSR1"
"BTK","MAP2K1","KSR1"
"BTK","PRKCZ","KSR1"
"BTK","IKBKB","KSR1"
"BTK","WWTR1","KSR1"
"BTK","DOK1","KSR1"
"BTK","MAP3K4","KSR1"
"BTK","LEPR","KSR1"
"BTK","RPS6KA3","KSR1"
"BTK","BCL3","KSR1"
"BTK","FZR1","KSR1"
"BTK","VCPIP1","KSR1"
"BTK","PTK6","KSR1"
"BTK","CCND1","KSR1"
"BTK","STAP1","KSR1"
"BTK","SPRED1","KSR1"
"BTK","CALM1","KSR1"
"BTK","STK38","KSR1"
"BTK","TLK1","KSR1"
"BTK","C9orf72","KSR1"
"BTK","CDKN2A","KSR1"
"BTK","IKK-complex","KSR1"
"BTK","RELA","KSR1"
"BTK","MAP3K8","KSR1"
"BTK","CDKN1B","KSR1"
"BTK","TEC","KSR1"
"BTK","GRIP1","KSR1"
"BTK","CCR2","KSR1"
"BTK","PSTPIP1","KSR1"
"BTK","ARRB2","KSR1"
"BTK","TRAF3","KSR1"
"BTK","CRTC2","KSR1"
"BTK","FRS2","KSR1"
"BTK","CCNE1","KSR1"
"BTK","IMPDH2","KSR1"
"BTK","SET","KSR1"
"BTK","TRPV1","KSR1"
"BTK","PIK3R6","KSR1"
"BTK","MRE11","KSR1"
"BTK","HDAC2","KSR1"
"BTK","DDX58","KSR1"
"BTK","UBXN2B","KSR1"
"BTK","MST1R","KSR1"
"BTK","ROR2","KSR1"
"BTK","ABI1","KSR1"
"BTK","IFIH1","KSR1"
"BTK","TTI1","KSR1"
"BTK","HOXB7","KSR1"
"BTK","RND1","KSR1"
"BTK","NFKB1","KSR1"
"BTK","CTDP1","KSR1"
"BTK","BLVRA","KSR1"
"BTK","GRB7","KSR1"
"BTK","BAZ1B","KSR1"
"BTK","RBL2","KSR1"
"BTK","PPP1R14B","KSR1"
"BTK","PABIR1","KSR1"
"BTK","MAPK3","CDH1"
"BTK","AKT3","CDH1"
"BTK","PTEN","CDH1"
"BTK","AKT1","CDH1"
"BTK","RPS6K","CDH1"
"BTK","CALM2","CDH1"
"BTK","Gbeta","CDH1"
"BTK","CDK9","CDH1"
"BTK","ABL1","CDH1"
"BTK","RPS6KA5","CDH1"
"BTK","WNK1","CDH1"
"BTK","SGK1","CDH1"
"BTK","MAP2K1","CDH1"
"BTK","PRKCB","CDH1"
"BTK","CyclinD/CDK4","CDH1"
"BTK","IKBKB","CDH1"
"BTK","MAP3K4","CDH1"
"BTK","DAPK1","CDH1"
"BTK","PXN","CDH1"
"BTK","FGG","CDH1"
"BTK","LEPR","CDH1"
"BTK","ITK","CDH1"
"BTK","RPS6KA3","CDH1"
"BTK","DVL1","CDH1"
"BTK","FZR1","CDH1"
"BTK","VCPIP1","CDH1"
"BTK","SGK3","CDH1"
"BTK","PTK6","CDH1"
"BTK","IKBKE","CDH1"
"BTK","CCND1","CDH1"
"BTK","STAP1","CDH1"
"BTK","SPRED1","CDH1"
"BTK","PTPN7","CDH1"
"BTK","CALM1","CDH1"
"BTK","FADD","CDH1"
"BTK","CDKN2A","CDH1"
"BTK","MAP4K1","CDH1"
"BTK","DDX41","CDH1"
"BTK","IKK-complex","CDH1"
"BTK","SHC1","CDH1"
"BTK","RPS6KA4","CDH1"
"BTK","GPSM3","CDH1"
"BTK","MAPKAPK5","CDH1"
"BTK","MAP3K8","CDH1"
"BTK","PTPRR","CDH1"
"BTK","CDKN1B","CDH1"
"BTK","FBLIM1","CDH1"
"BTK","TMIGD2","CDH1"
"BTK","CCR2","CDH1"
"BTK","PSTPIP1","CDH1"
"BTK","ARRB2","CDH1"
"BTK","TRAF3","CDH1"
"BTK","CRTC2","CDH1"
"BTK","INPP5D","CDH1"
"BTK","CCNE1","CDH1"
"BTK","IMPDH2","CDH1"
"BTK","SET","CDH1"
"BTK","PIK3CG","CDH1"
"BTK","SH2B2","CDH1"
"BTK","BCL10","CDH1"
"BTK","PIK3R6","CDH1"
"BTK","MRE11","CDH1"
"BTK","DDX58","CDH1"
"BTK","UBXN2B","CDH1"
"BTK","ROR2","CDH1"
"BTK","RAD50","CDH1"
"BTK","LRP6","CDH1"
"BTK","HOXB7","CDH1"
"BTK","STING1","CDH1"
"BTK","SPEN","CDH1"
"BTK","NFKB1","CDH1"
"BTK","CTDP1","CDH1"
"BTK","BLVRA","CDH1"
"BTK","PLCG2","CDH1"
"BTK","MAPK3","FOXC1"
"BTK","CHUK","FOXC1"
"BTK","PTEN","FOXC1"
"BTK","RPS6K","FOXC1"
"BTK","CALM2","FOXC1"
"BTK","Gbeta","FOXC1"
"BTK","WNK1","FOXC1"
"BTK","PRKCB","FOXC1"
"BTK","PRKCZ","FOXC1"
"BTK","MAP3K7","FOXC1"
"BTK","IKBKB","FOXC1"
"BTK","WWTR1","FOXC1"
"BTK","FGG","FOXC1"
"BTK","LEPR","FOXC1"
"BTK","ITK","FOXC1"
"BTK","RPS6KA3","FOXC1"
"BTK","DVL1","FOXC1"
"BTK","FZR1","FOXC1"
"BTK","ILK","FOXC1"
"BTK","STAP1","FOXC1"
"BTK","SPRED1","FOXC1"
"BTK","PTPN7","FOXC1"
"BTK","CDKN2A","FOXC1"
"BTK","IKK-complex","FOXC1"
"BTK","GPSM3","FOXC1"
"BTK","MAPKAPK5","FOXC1"
"BTK","VCP","FOXC1"
"BTK","PSTPIP1","FOXC1"
"BTK","CRTC2","FOXC1"
"BTK","SET","FOXC1"
"BTK","PIK3CG","FOXC1"
"BTK","TRPV1","FOXC1"
"BTK","BCL10","FOXC1"
"BTK","DDX58","FOXC1"
"BTK","MST1R","FOXC1"
"BTK","ROR2","FOXC1"
"BTK","ABI1","FOXC1"
"BTK","WDFY3","FOXC1"
"BTK","LRP6","FOXC1"
"BTK","GRB14","FOXC1"
"BTK","HOXB7","FOXC1"
"BTK","PIK3C3","FOXC1"
"BTK","SPEN","FOXC1"
"BTK","NFKB1","FOXC1"
"BTK","CTDP1","FOXC1"
"BTK","BLVRA","FOXC1"
"BTK","MAPKAP1","FOXC1"
"BTK","GRB7","FOXC1"
"BTK","PPP1R14B","FOXC1"
"BTK","PABIR1","FOXC1"
"BTK","MAPK3","DDX58"
"BTK","CHUK","DDX58"
"BTK","PTEN","DDX58"
"BTK","PRKCQ","DDX58"
"BTK","MTOR","DDX58"
"BTK","AKT1","DDX58"
"BTK","ERK1/2","DDX58"
"BTK","CDK9","DDX58"
"BTK","RPS6KA5","DDX58"
"BTK","PDPK1","DDX58"
"BTK","PRKCG","DDX58"
"BTK","PRKCZ","DDX58"
"BTK","PXN","DDX58"
"BTK","ITK","DDX58"
"BTK","RPS6KA3","DDX58"
"BTK","DVL1","DDX58"
"BTK","FZR1","DDX58"
"BTK","GRB2","DDX58"
"BTK","VCPIP1","DDX58"
"BTK","ATR","DDX58"
"BTK","SGK3","DDX58"
"BTK","IKBKE","DDX58"
"BTK","CCND1","DDX58"
"BTK","STAP1","DDX58"
"BTK","TBK1","DDX58"
"BTK","MEK1/2","DDX58"
"BTK","PTPN7","DDX58"
"BTK","CALM1","DDX58"
"BTK","FADD","DDX58"
"BTK","C9orf72","DDX58"
"BTK","CDKN2A","DDX58"
"BTK","MAP4K1","DDX58"
"BTK","DDX41","DDX58"
"BTK","GPSM3","DDX58"
"BTK","RELA","DDX58"
"BTK","EPHA2","DDX58"
"BTK","MAP3K8","DDX58"
"BTK","VCP","DDX58"
"BTK","CCR2","DDX58"
"BTK","STIP1","DDX58"
"BTK","INPP5D","DDX58"
"BTK","FRS2","DDX58"
"BTK","IMPDH2","DDX58"
"BTK","SET","DDX58"
"BTK","PIK3CG","DDX58"
"BTK","TRPV1","DDX58"
"BTK","PPP1R14A","DDX58"
"BTK","BCL10","DDX58"
"BTK","PIK3R6","DDX58"
"BTK","MST1R","DDX58"
"BTK","ROR2","DDX58"
"BTK","IFIH1","DDX58"
"BTK","RAD50","DDX58"
"BTK","WDFY3","DDX58"
"BTK","LRP6","DDX58"
"BTK","GRB14","DDX58"
"BTK","STING1","DDX58"
"BTK","SPEN","DDX58"
"BTK","NFKB1","DDX58"
"BTK","TELO2","DDX58"
"BTK","BLVRA","DDX58"
"BTK","CLSPN","DDX58"
"BTK","GRB7","DDX58"
"BTK","BAZ1B","DDX58"
"BTK","RBL2","DDX58"
"BTK","PRKCQ","MN1"
"BTK","AKT1","MN1"
"BTK","PRKG1","MN1"
"BTK","Gbeta","MN1"
"BTK","ABL1","MN1"
"BTK","RPS6KA5","MN1"
"BTK","WNK1","MN1"
"BTK","PDPK1","MN1"
"BTK","SGK1","MN1"
"BTK","MAP2K1","MN1"
"BTK","PRKCB","MN1"
"BTK","AKT","MN1"
"BTK","MAP3K4","MN1"
"BTK","FGG","MN1"
"BTK","LEPR","MN1"
"BTK","RPS6KA3","MN1"
"BTK","DVL1","MN1"
"BTK","GRB2","MN1"
"BTK","VCPIP1","MN1"
"BTK","SGK3","MN1"
"BTK","STAP1","MN1"
"BTK","TBK1","MN1"
"BTK","MEK1/2","MN1"
"BTK","CALM1","MN1"
"BTK","STK38","MN1"
"BTK","TLK1","MN1"
"BTK","C9orf72","MN1"
"BTK","RET","MN1"
"BTK","SHC1","MN1"
"BTK","RPS6KA4","MN1"
"BTK","RELA","MN1"
"BTK","MAPKAPK5","MN1"
"BTK","EPHA2","MN1"
"BTK","CDKN1B","MN1"
"BTK","VCP","MN1"
"BTK","GRIP1","MN1"
"BTK","PSTPIP1","MN1"
"BTK","TRAF3","MN1"
"BTK","CD28","MN1"
"BTK","INPP5D","MN1"
"BTK","FRS2","MN1"
"BTK","CCNE1","MN1"
"BTK","IMPDH2","MN1"
"BTK","PIK3CG","MN1"
"BTK","SH2B2","MN1"
"BTK","TRPV1","MN1"
"BTK","PPP1R14A","MN1"
"BTK","BCL10","MN1"
"BTK","PIK3R6","MN1"
"BTK","MRE11","MN1"
"BTK","KSR1","MN1"
"BTK","MST1R","MN1"
"BTK","ABI1","MN1"
"BTK","RAD50","MN1"
"BTK","WDFY3","MN1"
"BTK","GRB14","MN1"
"BTK","HOXB7","MN1"
"BTK","PIK3C3","MN1"
"BTK","RND1","MN1"
"BTK","STING1","MN1"
"BTK","SPEN","MN1"
"BTK","CTDP1","MN1"
"BTK","TELO2","MN1"
"BTK","BAZ1B","MN1"
"BTK","PPP1R14B","MN1"
"BTK","PABIR1","MN1"
"BTK","CHUK","SGK2"
"BTK","AKT2","SGK2"
"BTK","PTEN","SGK2"
"BTK","PRKCQ","SGK2"
"BTK","MTOR","SGK2"
"BTK","PRKG1","SGK2"
"BTK","CCP110","SGK2"
"BTK","RPS6K","SGK2"
"BTK","CALM2","SGK2"
"BTK","ERK1/2","SGK2"
"BTK","ABL1","SGK2"
"BTK","RPS6KA5","SGK2"
"BTK","WNK1","SGK2"
"BTK","SGK1","SGK2"
"BTK","MAP2K1","SGK2"
"BTK","PRKCB","SGK2"
"BTK","PRKCG","SGK2"
"BTK","PRKCZ","SGK2"
"BTK","MAP3K7","SGK2"
"BTK","IKBKB","SGK2"
"BTK","DOK1","SGK2"
"BTK","PXN","SGK2"
"BTK","LEPR","SGK2"
"BTK","IKBKE","SGK2"
"BTK","CCND1","SGK2"
"BTK","PTPN7","SGK2"
"BTK","CALM1","SGK2"
"BTK","CDKN2A","SGK2"
"BTK","DDX41","SGK2"
"BTK","IKK-complex","SGK2"
"BTK","GPSM3","SGK2"
"BTK","RELA","SGK2"
"BTK","TEC","SGK2"
"BTK","VCP","SGK2"
"BTK","PSTPIP1","SGK2"
"BTK","CD28","SGK2"
"BTK","INPP5D","SGK2"
"BTK","CCNE1","SGK2"
"BTK","IMPDH2","SGK2"
"BTK","SET","SGK2"
"BTK","TRPV1","SGK2"
"BTK","PIK3R6","SGK2"
"BTK","MRE11","SGK2"
"BTK","IFIH1","SGK2"
"BTK","GRB14","SGK2"
"BTK","RND1","SGK2"
"BTK","TELO2","SGK2"
"BTK","BAZ1B","SGK2"
"BTK","MAPK3","FPR2"
"BTK","PTEN","FPR2"
"BTK","MTOR","FPR2"
"BTK","PRKG1","FPR2"
"BTK","Gbeta","FPR2"
"BTK","LCK","FPR2"
"BTK","RPS6KA5","FPR2"
"BTK","PDPK1","FPR2"
"BTK","PRKCB","FPR2"
"BTK","PRKCG","FPR2"
"BTK","PRKCZ","FPR2"
"BTK","MAP3K1","FPR2"
"BTK","MAP3K7","FPR2"
"BTK","AKT","FPR2"
"BTK","WWTR1","FPR2"
"BTK","DOK1","FPR2"
"BTK","MAP3K4","FPR2"
"BTK","RPS6KA3","FPR2"
"BTK","DVL1","FPR2"
"BTK","FZR1","FPR2"
"BTK","GRB2","FPR2"
"BTK","PTK6","FPR2"
"BTK","IKBKE","FPR2"
"BTK","ILK","FPR2"
"BTK","STAP1","FPR2"
"BTK","TBK1","FPR2"
"BTK","SPRED1","FPR2"
"BTK","MEK1/2","FPR2"
"BTK","PTPN7","FPR2"
"BTK","CALM1","FPR2"
"BTK","FADD","FPR2"
"BTK","STK38","FPR2"
"BTK","TLK1","FPR2"
"BTK","CDKN2A","FPR2"
"BTK","MAP4K1","FPR2"
"BTK","IKK-complex","FPR2"
"BTK","SHC1","FPR2"
"BTK","GPSM3","FPR2"
"BTK","MAPKAPK5","FPR2"
"BTK","MAP3K8","FPR2"
"BTK","PTPRR","FPR2"
"BTK","CDKN1B","FPR2"
"BTK","VCP","FPR2"
"BTK","GRIP1","FPR2"
"BTK","TMIGD2","FPR2"
"BTK","CCR2","FPR2"
"BTK","PSTPIP1","FPR2"
"BTK","ARRB2","FPR2"
"BTK","CRTC2","FPR2"
"BTK","FRS2","FPR2"
"BTK","PIK3CG","FPR2"
"BTK","BCL10","FPR2"
"BTK","PIK3R6","FPR2"
"BTK","MRE11","FPR2"
"BTK","KSR1","FPR2"
"BTK","UBXN2B","FPR2"
"BTK","MST1R","FPR2"
"BTK","ROR2","FPR2"
"BTK","IFIH1","FPR2"
"BTK","TTI1","FPR2"
"BTK","WDFY3","FPR2"
"BTK","LRP6","FPR2"
"BTK","HOXB7","FPR2"
"BTK","PIK3C3","FPR2"
"BTK","SPEN","FPR2"
"BTK","NFKB1","FPR2"
"BTK","CTDP1","FPR2"
"BTK","TELO2","FPR2"
"BTK","BLVRA","FPR2"
"BTK","MAPKAP1","FPR2"
"BTK","GRB7","FPR2"
"BTK","BAZ1B","FPR2"
"BTK","RBL2","FPR2"
"BTK","PPP1R14B","FPR2"
"BTK","PABIR1","FPR2"
"BTK","MAPK3","UBXN2B"
"BTK","AKT3","UBXN2B"
"BTK","PRKCQ","UBXN2B"
"BTK","MTOR","UBXN2B"
"BTK","AKT1","UBXN2B"
"BTK","PRKG1","UBXN2B"
"BTK","CCP110","UBXN2B"
"BTK","RPS6K","UBXN2B"
"BTK","CALM2","UBXN2B"
"BTK","ERK1/2","UBXN2B"
"BTK","Gbeta","UBXN2B"
"BTK","CDK9","UBXN2B"
"BTK","ABL1","UBXN2B"
"BTK","WNK1","UBXN2B"
"BTK","AKT","UBXN2B"
"BTK","IKBKB","UBXN2B"
"BTK","DOK1","UBXN2B"
"BTK","DAPK1","UBXN2B"
"BTK","BCL3","UBXN2B"
"BTK","GRB2","UBXN2B"
"BTK","VCPIP1","UBXN2B"
"BTK","SGK3","UBXN2B"
"BTK","CCND1","UBXN2B"
"BTK","STAP1","UBXN2B"
"BTK","TBK1","UBXN2B"
"BTK","SPRED1","UBXN2B"
"BTK","MEK1/2","UBXN2B"
"BTK","C9orf72","UBXN2B"
"BTK","CDKN2A","UBXN2B"
"BTK","RET","UBXN2B"
"BTK","DDX41","UBXN2B"
"BTK","NTRK1","UBXN2B"
"BTK","GPSM3","UBXN2B"
"BTK","RELA","UBXN2B"
"BTK","MAPKAPK5","UBXN2B"
"BTK","EPHA2","UBXN2B"
"BTK","PTPRR","UBXN2B"
"BTK","CCR2","UBXN2B"
"BTK","PSTPIP1","UBXN2B"
"BTK","ARRB2","UBXN2B"
"BTK","CRTC2","UBXN2B"
"BTK","CCNE1","UBXN2B"
"BTK","IMPDH2","UBXN2B"
"BTK","PPP1R14A","UBXN2B"
"BTK","DDX58","UBXN2B"
"BTK","MST1R","UBXN2B"
"BTK","IFIH1","UBXN2B"
"BTK","PIK3C3","UBXN2B"
"BTK","RND1","UBXN2B"
"BTK","TELO2","UBXN2B"
"BTK","GRB7","UBXN2B"
"BTK","PPP1R14B","UBXN2B"
"BTK","PABIR1","UBXN2B"
"BTK","AKT3","FERMT1"
"BTK","AKT2","FERMT1"
"BTK","PTEN","FERMT1"
"BTK","CCP110","FERMT1"
"BTK","RPS6KA5","FERMT1"
"BTK","WNK1","FERMT1"
"BTK","SGK1","FERMT1"
"BTK","PRKCG","FERMT1"
"BTK","PRKCZ","FERMT1"
"BTK","CyclinD/CDK4","FERMT1"
"BTK","IKBKB","FERMT1"
"BTK","MAP3K4","FERMT1"
"BTK","FGG","FERMT1"
"BTK","LEPR","FERMT1"
"BTK","ITK","FERMT1"
"BTK","GRB2","FERMT1"
"BTK","PTK6","FERMT1"
"BTK","IKBKE","FERMT1"
"BTK","SPRED1","FERMT1"
"BTK","CALM1","FERMT1"
"BTK","FADD","FERMT1"
"BTK","STK38","FERMT1"
"BTK","C9orf72","FERMT1"
"BTK","MAP4K1","FERMT1"
"BTK","SHC1","FERMT1"
"BTK","NTRK1","FERMT1"
"BTK","RELA","FERMT1"
"BTK","CDKN1B","FERMT1"
"BTK","VCP","FERMT1"
"BTK","CCR2","FERMT1"
"BTK","ARRB2","FERMT1"
"BTK","TRAF3","FERMT1"
"BTK","CD28","FERMT1"
"BTK","INPP5D","FERMT1"
"BTK","PIK3CG","FERMT1"
"BTK","TRPV1","FERMT1"
"BTK","PPP1R14A","FERMT1"
"BTK","BCL10","FERMT1"
"BTK","PIK3R6","FERMT1"
"BTK","HDAC2","FERMT1"
"BTK","KSR1","FERMT1"
"BTK","DDX58","FERMT1"
"BTK","UBXN2B","FERMT1"
"BTK","MST1R","FERMT1"
"BTK","ROR2","FERMT1"
"BTK","ABI1","FERMT1"
"BTK","WDFY3","FERMT1"
"BTK","PIK3C3","FERMT1"
"BTK","TELO2","FERMT1"
"BTK","PPP1R14B","FERMT1"
"BTK","PABIR1","FERMT1"
"BTK","MAPK3","TRIM28"
"BTK","CHUK","TRIM28"
"BTK","AKT2","TRIM28"
"BTK","PRKCQ","TRIM28"
"BTK","MTOR","TRIM28"
"BTK","AKT1","TRIM28"
"BTK","CCP110","TRIM28"
"BTK","RPS6K","TRIM28"
"BTK","CALM2","TRIM28"
"BTK","Gbeta","TRIM28"
"BTK","ABL1","TRIM28"
"BTK","WNK1","TRIM28"
"BTK","PDPK1","TRIM28"
"BTK","SGK1","TRIM28"
"BTK","MAP2K1","TRIM28"
"BTK","PRKCB","TRIM28"
"BTK","PRKCG","TRIM28"
"BTK","PRKCZ","TRIM28"
"BTK","CyclinD/CDK4","TRIM28"
"BTK","IKBKB","TRIM28"
"BTK","WWTR1","TRIM28"
"BTK","DAPK1","TRIM28"
"BTK","FGG","TRIM28"
"BTK","ITK","TRIM28"
"BTK","FZR1","TRIM28"
"BTK","CCND1","TRIM28"
"BTK","MEK1/2","TRIM28"
"BTK","PTPN7","TRIM28"
"BTK","STK38","TRIM28"
"BTK","MAP4K1","TRIM28"
"BTK","DDX41","TRIM28"
"BTK","EPHA2","TRIM28"
"BTK","GRIP1","TRIM28"
"BTK","TRAF3","TRIM28"
"BTK","CCNE1","TRIM28"
"BTK","DDX58","TRIM28"
"BTK","UBXN2B","TRIM28"
"BTK","IFIH1","TRIM28"
"BTK","LRP6","TRIM28"
"BTK","GRB14","TRIM28"
"BTK","RND1","TRIM28"
"BTK","STING1","TRIM28"
"BTK","SPEN","TRIM28"
"BTK","TELO2","TRIM28"
"BTK","BLVRA","TRIM28"
"BTK","MAPKAP1","TRIM28"
"BTK","GRB7","TRIM28"
"BTK","AKT2","CRY1"
"BTK","MTOR","CRY1"
"BTK","PRKG1","CRY1"
"BTK","LCK","CRY1"
"BTK","RPS6KA5","CRY1"
"BTK","WNK1","CRY1"
"BTK","PRKCB","CRY1"
"BTK","MAP3K1","CRY1"
"BTK","AKT","CRY1"
"BTK","WWTR1","CRY1"
"BTK","LEPR","CRY1"
"BTK","GRB2","CRY1"
"BTK","ATR","CRY1"
"BTK","SGK3","CRY1"
"BTK","PTK6","CRY1"
"BTK","CCND1","CRY1"
"BTK","SPRED1","CRY1"
"BTK","PTPN7","CRY1"
"BTK","STK38","CRY1"
"BTK","CDKN2A","CRY1"
"BTK","RPS6KA4","CRY1"
"BTK","RELA","CRY1"
"BTK","EPHA2","CRY1"
"BTK","PTPRR","CRY1"
"BTK","CDKN1B","CRY1"
"BTK","FBLIM1","CRY1"
"BTK","TMIGD2","CRY1"
"BTK","PSTPIP1","CRY1"
"BTK","ARRB2","CRY1"
"BTK","INPP5D","CRY1"
"BTK","FRS2","CRY1"
"BTK","CCNE1","CRY1"
"BTK","IMPDH2","CRY1"
"BTK","SET","CRY1"
"BTK","SH2B2","CRY1"
"BTK","TRPV1","CRY1"
"BTK","PPP1R14A","CRY1"
"BTK","PIK3R6","CRY1"
"BTK","MRE11","CRY1"
"BTK","HDAC2","CRY1"
"BTK","DDX58","CRY1"
"BTK","RAD50","CRY1"
"BTK","LRP6","CRY1"
"BTK","GRB14","CRY1"
"BTK","HOXB7","CRY1"
"BTK","SPEN","CRY1"
"BTK","GRB7","CRY1"
"BTK","PLCG2","CRY1"
"BTK","PABIR1","CRY1"
"BTK","AKT3","MST1R"
"BTK","CHUK","MST1R"
"BTK","AKT1","MST1R"
"BTK","CCP110","MST1R"
"BTK","CALM2","MST1R"
"BTK","ABL1","MST1R"
"BTK","WNK1","MST1R"
"BTK","PDPK1","MST1R"
"BTK","SGK1","MST1R"
"BTK","MAP2K1","MST1R"
"BTK","PRKCB","MST1R"
"BTK","MAP3K7","MST1R"
"BTK","DOK1","MST1R"
"BTK","RPS6KA3","MST1R"
"BTK","BCL3","MST1R"
"BTK","GRB2","MST1R"
"BTK","ATR","MST1R"
"BTK","CCND1","MST1R"
"BTK","ILK","MST1R"
"BTK","MEK1/2","MST1R"
"BTK","PTPN7","MST1R"
"BTK","FADD","MST1R"
"BTK","TLK1","MST1R"
"BTK","IKK-complex","MST1R"
"BTK","MAP3K8","MST1R"
"BTK","PTPRR","MST1R"
"BTK","FBLIM1","MST1R"
"BTK","GRIP1","MST1R"
"BTK","TMIGD2","MST1R"
"BTK","CCR2","MST1R"
"BTK","TRAF3","MST1R"
"BTK","CD28","MST1R"
"BTK","INPP5D","MST1R"
"BTK","FRS2","MST1R"
"BTK","IMPDH2","MST1R"
"BTK","SET","MST1R"
"BTK","PIK3CG","MST1R"
"BTK","PIK3R6","MST1R"
"BTK","KSR1","MST1R"
"BTK","DDX58","MST1R"
"BTK","UBXN2B","MST1R"
"BTK","GRB14","MST1R"
"BTK","PIK3C3","MST1R"
"BTK","STING1","MST1R"
"BTK","NFKB1","MST1R"
"BTK","CLSPN","MST1R"
"BTK","PLCG2","MST1R"
"BTK","AKT3","ROR2"
"BTK","AKT1","ROR2"
"BTK","CALM2","ROR2"
"BTK","ERK1/2","ROR2"
"BTK","LCK","ROR2"
"BTK","CDK9","ROR2"
"BTK","RPS6KA5","ROR2"
"BTK","WNK1","ROR2"
"BTK","MAP3K1","ROR2"
"BTK","MAP3K7","ROR2"
"BTK","AKT","ROR2"
"BTK","LEPR","ROR2"
"BTK","RPS6KA3","ROR2"
"BTK","GRB2","ROR2"
"BTK","VCPIP1","ROR2"
"BTK","SGK3","ROR2"
"BTK","IKBKE","ROR2"
"BTK","CCND1","ROR2"
"BTK","TBK1","ROR2"
"BTK","SPRED1","ROR2"
"BTK","MEK1/2","ROR2"
"BTK","PTPN7","ROR2"
"BTK","CALM1","ROR2"
"BTK","STK38","ROR2"
"BTK","C9orf72","ROR2"
"BTK","RET","ROR2"
"BTK","DDX41","ROR2"
"BTK","IKK-complex","ROR2"
"BTK","RPS6KA4","ROR2"
"BTK","GPSM3","ROR2"
"BTK","EPHA2","ROR2"
"BTK","MAP3K8","ROR2"
"BTK","CDKN1B","ROR2"
"BTK","STIP1","ROR2"
"BTK","PSTPIP1","ROR2"
"BTK","FRS2","ROR2"
"BTK","SH2B2","ROR2"
"BTK","PIK3R6","ROR2"
"BTK","MRE11","ROR2"
"BTK","HDAC2","ROR2"
"BTK","UBXN2B","ROR2"
"BTK","MST1R","ROR2"
"BTK","IFIH1","ROR2"
"BTK","RAD50","ROR2"
"BTK","TTI1","ROR2"
"BTK","WDFY3","ROR2"
"BTK","GRB14","ROR2"
"BTK","NFKB1","ROR2"
"BTK","TELO2","ROR2"
"BTK","BLVRA","ROR2"
"BTK","CHUK","BAG3"
"BTK","AKT1","BAG3"
"BTK","LCK","BAG3"
"BTK","CDK9","BAG3"
"BTK","RPS6KA5","BAG3"
"BTK","PRKCB","BAG3"
"BTK","CyclinD/CDK4","BAG3"
"BTK","MAP3K7","BAG3"
"BTK","DOK1","BAG3"
"BTK","MAP3K4","BAG3"
"BTK","DAPK1","BAG3"
"BTK","PXN","BAG3"
"BTK","RPS6KA3","BAG3"
"BTK","DVL1","BAG3"
"BTK","ATR","BAG3"
"BTK","IKBKE","BAG3"
"BTK","ILK","BAG3"
"BTK","TBK1","BAG3"
"BTK","CALM1","BAG3"
"BTK","STK38","BAG3"
"BTK","MAP4K1","BAG3"
"BTK","DDX41","BAG3"
"BTK","SHC1","BAG3"
"BTK","RPS6KA4","BAG3"
"BTK","MAPKAPK5","BAG3"
"BTK","CDKN1B","BAG3"
"BTK","FBLIM1","BAG3"
"BTK","TEC","BAG3"
"BTK","VCP","BAG3"
"BTK","STIP1","BAG3"
"BTK","PSTPIP1","BAG3"
"BTK","TRAF3","BAG3"
"BTK","CRTC2","BAG3"
"BTK","CD28","BAG3"
"BTK","FRS2","BAG3"
"BTK","CCNE1","BAG3"
"BTK","SET","BAG3"
"BTK","SH2B2","BAG3"
"BTK","ABI1","BAG3"
"BTK","IFIH1","BAG3"
"BTK","RAD50","BAG3"
"BTK","LRP6","BAG3"
"BTK","PIK3C3","BAG3"
"BTK","RND1","BAG3"
"BTK","STING1","BAG3"
"BTK","SPEN","BAG3"
"BTK","BLVRA","BAG3"
"BTK","CLSPN","BAG3"
"BTK","BAZ1B","BAG3"
"BTK","PLCG2","BAG3"
"BTK","RBL2","BAG3"
"BTK","PABIR1","BAG3"
"BTK","MAPK3","ABI1"
"BTK","AKT3","ABI1"
"BTK","CHUK","ABI1"
"BTK","AKT2","ABI1"
"BTK","PTEN","ABI1"
"BTK","PRKCQ","ABI1"
"BTK","MTOR","ABI1"
"BTK","PRKG1","ABI1"
"BTK","CCP110","ABI1"
"BTK","RPS6K","ABI1"
"BTK","PDPK1","ABI1"
"BTK","PRKCG","ABI1"
"BTK","AKT","ABI1"
"BTK","DOK1","ABI1"
"BTK","MAP3K4","ABI1"
"BTK","PXN","ABI1"
"BTK","FGG","ABI1"
"BTK","LEPR","ABI1"
"BTK","BCL3","ABI1"
"BTK","GRB2","ABI1"
"BTK","SGK3","ABI1"
"BTK","IKBKE","ABI1"
"BTK","CCND1","ABI1"
"BTK","ILK","ABI1"
"BTK","STAP1","ABI1"
"BTK","MEK1/2","ABI1"
"BTK","FADD","ABI1"
"BTK","TLK1","ABI1"
"BTK","CDKN2A","ABI1"
"BTK","RET","ABI1"
"BTK","IKK-complex","ABI1"
"BTK","RPS6KA4","ABI1"
"BTK","GPSM3","ABI1"
"BTK","RELA","ABI1"
"BTK","PTPRR","ABI1"
"BTK","VCP","ABI1"
"BTK","GRIP1","ABI1"
"BTK","TRAF3","ABI1"
"BTK","CD28","ABI1"
"BTK","INPP5D","ABI1"
"BTK","CCNE1","ABI1"
"BTK","IMPDH2","ABI1"
"BTK","SH2B2","ABI1"
"BTK","PPP1R14A","ABI1"
"BTK","BCL10","ABI1"
"BTK","PIK3R6","ABI1"
"BTK","MRE11","ABI1"
"BTK","HDAC2","ABI1"
"BTK","UBXN2B","ABI1"
"BTK","MST1R","ABI1"
"BTK","ROR2","ABI1"
"BTK","TTI1","ABI1"
"BTK","LRP6","ABI1"
"BTK","GRB14","ABI1"
"BTK","PIK3C3","ABI1"
"BTK","STING1","ABI1"
"BTK","SPEN","ABI1"
"BTK","NFKB1","ABI1"
"BTK","TELO2","ABI1"
"BTK","CLSPN","ABI1"
"BTK","GRB7","ABI1"
"BTK","BAZ1B","ABI1"
"BTK","PABIR1","ABI1"
"BTK","CHUK","RPS6KB2"
"BTK","PRKCQ","RPS6KB2"
"BTK","MTOR","RPS6KB2"
"BTK","AKT1","RPS6KB2"
"BTK","PRKG1","RPS6KB2"
"BTK","RPS6K","RPS6KB2"
"BTK","CALM2","RPS6KB2"
"BTK","ERK1/2","RPS6KB2"
"BTK","Gbeta","RPS6KB2"
"BTK","LCK","RPS6KB2"
"BTK","CDK9","RPS6KB2"
"BTK","SGK1","RPS6KB2"
"BTK","MAP2K1","RPS6KB2"
"BTK","PRKCZ","RPS6KB2"
"BTK","CyclinD/CDK4","RPS6KB2"
"BTK","MAP3K1","RPS6KB2"
"BTK","MAP3K7","RPS6KB2"
"BTK","WWTR1","RPS6KB2"
"BTK","DAPK1","RPS6KB2"
"BTK","PXN","RPS6KB2"
"BTK","FGG","RPS6KB2"
"BTK","ITK","RPS6KB2"
"BTK","BCL3","RPS6KB2"
"BTK","ATR","RPS6KB2"
"BTK","SGK3","RPS6KB2"
"BTK","IKBKE","RPS6KB2"
"BTK","CCND1","RPS6KB2"
"BTK","ILK","RPS6KB2"
"BTK","TBK1","RPS6KB2"
"BTK","CALM1","RPS6KB2"
"BTK","CDKN2A","RPS6KB2"
"BTK","MAP4K1","RPS6KB2"
"BTK","RET","RPS6KB2"
"BTK","IKK-complex","RPS6KB2"
"BTK","SHC1","RPS6KB2"
"BTK","RPS6KA4","RPS6KB2"
"BTK","GPSM3","RPS6KB2"
"BTK","PTPRR","RPS6KB2"
"BTK","CDKN1B","RPS6KB2"
"BTK","TEC","RPS6KB2"
"BTK","STIP1","RPS6KB2"
"BTK","CRTC2","RPS6KB2"
"BTK","PIK3CG","RPS6KB2"
"BTK","MRE11","RPS6KB2"
"BTK","HDAC2","RPS6KB2"
"BTK","KSR1","RPS6KB2"
"BTK","MST1R","RPS6KB2"
"BTK","RAD50","RPS6KB2"
"BTK","LRP6","RPS6KB2"
"BTK","HOXB7","RPS6KB2"
"BTK","PPP1R14B","RPS6KB2"
"BTK","PABIR1","RPS6KB2"
"BTK","AKT3","AL/b2 integrin"
"BTK","PTEN","AL/b2 integrin"
"BTK","PRKCQ","AL/b2 integrin"
"BTK","MTOR","AL/b2 integrin"
"BTK","Gbeta","AL/b2 integrin"
"BTK","RPS6KA5","AL/b2 integrin"
"BTK","WNK1","AL/b2 integrin"
"BTK","PDPK1","AL/b2 integrin"
"BTK","PRKCB","AL/b2 integrin"
"BTK","CyclinD/CDK4","AL/b2 integrin"
"BTK","IKBKB","AL/b2 integrin"
"BTK","FGG","AL/b2 integrin"
"BTK","RPS6KA3","AL/b2 integrin"
"BTK","DVL1","AL/b2 integrin"
"BTK","ILK","AL/b2 integrin"
"BTK","MEK1/2","AL/b2 integrin"
"BTK","TLK1","AL/b2 integrin"
"BTK","CDKN2A","AL/b2 integrin"
"BTK","RET","AL/b2 integrin"
"BTK","IKK-complex","AL/b2 integrin"
"BTK","RELA","AL/b2 integrin"
"BTK","MAP3K8","AL/b2 integrin"
"BTK","TEC","AL/b2 integrin"
"BTK","GRIP1","AL/b2 integrin"
"BTK","TRAF3","AL/b2 integrin"
"BTK","CRTC2","AL/b2 integrin"
"BTK","SH2B2","AL/b2 integrin"
"BTK","PIK3R6","AL/b2 integrin"
"BTK","HDAC2","AL/b2 integrin"
"BTK","DDX58","AL/b2 integrin"
"BTK","RAD50","AL/b2 integrin"
"BTK","TTI1","AL/b2 integrin"
"BTK","STING1","AL/b2 integrin"
"BTK","TELO2","AL/b2 integrin"
"BTK","CLSPN","AL/b2 integrin"
"BTK","GRB7","AL/b2 integrin"
"BTK","RBL2","AL/b2 integrin"
"BTK","PPP1R14B","AL/b2 integrin"
"BTK","AKT2","TRIO"
"BTK","PTEN","TRIO"
"BTK","MTOR","TRIO"
"BTK","AKT1","TRIO"
"BTK","CCP110","TRIO"
"BTK","CALM2","TRIO"
"BTK","PDPK1","TRIO"
"BTK","SGK1","TRIO"
"BTK","MAP2K1","TRIO"
"BTK","CyclinD/CDK4","TRIO"
"BTK","PXN","TRIO"
"BTK","BCL3","TRIO"
"BTK","FZR1","TRIO"
"BTK","SGK3","TRIO"
"BTK","IKBKE","TRIO"
"BTK","ILK","TRIO"
"BTK","MEK1/2","TRIO"
"BTK","PTPN7","TRIO"
"BTK","STK38","TRIO"
"BTK","TLK1","TRIO"
"BTK","SHC1","TRIO"
"BTK","RPS6KA4","TRIO"
"BTK","NTRK1","TRIO"
"BTK","GPSM3","TRIO"
"BTK","MAPKAPK5","TRIO"
"BTK","EPHA2","TRIO"
"BTK","MAP3K8","TRIO"
"BTK","PTPRR","TRIO"
"BTK","CDKN1B","TRIO"
"BTK","FBLIM1","TRIO"
"BTK","TMIGD2","TRIO"
"BTK","CCR2","TRIO"
"BTK","PSTPIP1","TRIO"
"BTK","ARRB2","TRIO"
"BTK","TRAF3","TRIO"
"BTK","CRTC2","TRIO"
"BTK","FRS2","TRIO"
"BTK","IMPDH2","TRIO"
"BTK","SET","TRIO"
"BTK","PIK3CG","TRIO"
"BTK","SH2B2","TRIO"
"BTK","TRPV1","TRIO"
"BTK","PPP1R14A","TRIO"
"BTK","BCL10","TRIO"
"BTK","PIK3R6","TRIO"
"BTK","MRE11","TRIO"
"BTK","HDAC2","TRIO"
"BTK","KSR1","TRIO"
"BTK","DDX58","TRIO"
"BTK","UBXN2B","TRIO"
"BTK","ROR2","TRIO"
"BTK","ABI1","TRIO"
"BTK","IFIH1","TRIO"
"BTK","TTI1","TRIO"
"BTK","WDFY3","TRIO"
"BTK","LRP6","TRIO"
"BTK","GRB14","TRIO"
"BTK","HOXB7","TRIO"
"BTK","RND1","TRIO"
"BTK","SPEN","TRIO"
"BTK","NFKB1","TRIO"
"BTK","TELO2","TRIO"
"BTK","CLSPN","TRIO"
"BTK","MAPKAP1","TRIO"
"BTK","GRB7","TRIO"
"BTK","BAZ1B","TRIO"
"BTK","PLCG2","TRIO"
"BTK","RBL2","TRIO"
"BTK","PPP1R14B","TRIO"
"BTK","PABIR1","TRIO"
"BTK","PLCG2","RUNX2"
"BTK","MAPK3","NASP"
"BTK","AKT3","NASP"
"BTK","CHUK","NASP"
"BTK","AKT2","NASP"
"BTK","PRKG1","NASP"
"BTK","CCP110","NASP"
"BTK","CALM2","NASP"
"BTK","ERK1/2","NASP"
"BTK","Gbeta","NASP"
"BTK","CDK9","NASP"
"BTK","ABL1","NASP"
"BTK","WNK1","NASP"
"BTK","PDPK1","NASP"
"BTK","SGK1","NASP"
"BTK","PRKCB","NASP"
"BTK","PRKCG","NASP"
"BTK","PRKCZ","NASP"
"BTK","CyclinD/CDK4","NASP"
"BTK","MAP3K1","NASP"
"BTK","IKBKB","NASP"
"BTK","WWTR1","NASP"
"BTK","DOK1","NASP"
"BTK","MAP3K4","NASP"
"BTK","DAPK1","NASP"
"BTK","PXN","NASP"
"BTK","FGG","NASP"
"BTK","LEPR","NASP"
"BTK","ITK","NASP"
"BTK","RPS6KA3","NASP"
"BTK","DVL1","NASP"
"BTK","FZR1","NASP"
"BTK","VCPIP1","NASP"
"BTK","ATR","NASP"
"BTK","SGK3","NASP"
"BTK","IKBKE","NASP"
"BTK","ILK","NASP"
"BTK","STAP1","NASP"
"BTK","TBK1","NASP"
"BTK","SPRED1","NASP"
"BTK","CALM1","NASP"
"BTK","FADD","NASP"
"BTK","STK38","NASP"
"BTK","TLK1","NASP"
"BTK","C9orf72","NASP"
"BTK","RET","NASP"
"BTK","DDX41","NASP"
"BTK","IKK-complex","NASP"
"BTK","SHC1","NASP"
"BTK","RPS6KA4","NASP"
"BTK","GPSM3","NASP"
"BTK","MAPKAPK5","NASP"
"BTK","EPHA2","NASP"
"BTK","PTPRR","NASP"
"BTK","CCR2","NASP"
"BTK","STIP1","NASP"
"BTK","PSTPIP1","NASP"
"BTK","TRAF3","NASP"
"BTK","CRTC2","NASP"
"BTK","INPP5D","NASP"
"BTK","CCNE1","NASP"
"BTK","IMPDH2","NASP"
"BTK","PIK3CG","NASP"
"BTK","SH2B2","NASP"
"BTK","TRPV1","NASP"
"BTK","PPP1R14A","NASP"
"BTK","BCL10","NASP"
"BTK","PIK3R6","NASP"
"BTK","KSR1","NASP"
"BTK","DDX58","NASP"
"BTK","ROR2","NASP"
"BTK","RAD50","NASP"
"BTK","TTI1","NASP"
"BTK","WDFY3","NASP"
"BTK","LRP6","NASP"
"BTK","GRB14","NASP"
"BTK","PIK3C3","NASP"
"BTK","STING1","NASP"
"BTK","SPEN","NASP"
"BTK","NFKB1","NASP"
"BTK","CTDP1","NASP"
"BTK","BLVRA","NASP"
"BTK","CLSPN","NASP"
"BTK","MAPKAP1","NASP"
"BTK","RBL2","NASP"
"BTK","PPP1R14B","NASP"
"BTK","AKT2","KLHL3"
"BTK","PTEN","KLHL3"
"BTK","AKT1","KLHL3"
"BTK","RPS6K","KLHL3"
"BTK","CALM2","KLHL3"
"BTK","LCK","KLHL3"
"BTK","CDK9","KLHL3"
"BTK","WNK1","KLHL3"
"BTK","SGK1","KLHL3"
"BTK","PRKCG","KLHL3"
"BTK","PRKCZ","KLHL3"
"BTK","PXN","KLHL3"
"BTK","RPS6KA3","KLHL3"
"BTK","VCPIP1","KLHL3"
"BTK","SGK3","KLHL3"
"BTK","ILK","KLHL3"
"BTK","PTPN7","KLHL3"
"BTK","C9orf72","KLHL3"
"BTK","CDKN2A","KLHL3"
"BTK","GPSM3","KLHL3"
"BTK","RELA","KLHL3"
"BTK","MAPKAPK5","KLHL3"
"BTK","PTPRR","KLHL3"
"BTK","CDKN1B","KLHL3"
"BTK","FBLIM1","KLHL3"
"BTK","VCP","KLHL3"
"BTK","GRIP1","KLHL3"
"BTK","ARRB2","KLHL3"
"BTK","HDAC2","KLHL3"
"BTK","KSR1","KLHL3"
"BTK","UBXN2B","KLHL3"
"BTK","ROR2","KLHL3"
"BTK","ABI1","KLHL3"
"BTK","IFIH1","KLHL3"
"BTK","LRP6","KLHL3"
"BTK","STING1","KLHL3"
"BTK","BLVRA","KLHL3"
"BTK","MAPKAP1","KLHL3"
"BTK","AKT3","IFIH1"
"BTK","AKT2","IFIH1"
"BTK","PRKCQ","IFIH1"
"BTK","MTOR","IFIH1"
"BTK","PRKG1","IFIH1"
"BTK","CCP110","IFIH1"
"BTK","Gbeta","IFIH1"
"BTK","WNK1","IFIH1"
"BTK","CyclinD/CDK4","IFIH1"
"BTK","MAP3K7","IFIH1"
"BTK","AKT","IFIH1"
"BTK","FGG","IFIH1"
"BTK","RPS6KA3","IFIH1"
"BTK","BCL3","IFIH1"
"BTK","DVL1","IFIH1"
"BTK","PTK6","IFIH1"
"BTK","IKBKE","IFIH1"
"BTK","CCND1","IFIH1"
"BTK","MEK1/2","IFIH1"
"BTK","FADD","IFIH1"
"BTK","STK38","IFIH1"
"BTK","TLK1","IFIH1"
"BTK","MAP4K1","IFIH1"
"BTK","RET","IFIH1"
"BTK","DDX41","IFIH1"
"BTK","SHC1","IFIH1"
"BTK","MAPKAPK5","IFIH1"
"BTK","EPHA2","IFIH1"
"BTK","CDKN1B","IFIH1"
"BTK","TEC","IFIH1"
"BTK","GRIP1","IFIH1"
"BTK","CRTC2","IFIH1"
"BTK","CCNE1","IFIH1"
"BTK","SET","IFIH1"
"BTK","PIK3CG","IFIH1"
"BTK","TRPV1","IFIH1"
"BTK","PPP1R14A","IFIH1"
"BTK","ABI1","IFIH1"
"BTK","TTI1","IFIH1"
"BTK","LRP6","IFIH1"
"BTK","GRB14","IFIH1"
"BTK","RND1","IFIH1"
"BTK","STING1","IFIH1"
"BTK","NFKB1","IFIH1"
"BTK","BLVRA","IFIH1"
"BTK","AKT2","PCBP2"
"BTK","PRKCQ","PCBP2"
"BTK","MTOR","PCBP2"
"BTK","AKT1","PCBP2"
"BTK","CCP110","PCBP2"
"BTK","ERK1/2","PCBP2"
"BTK","CDK9","PCBP2"
"BTK","SGK1","PCBP2"
"BTK","PRKCG","PCBP2"
"BTK","WWTR1","PCBP2"
"BTK","DAPK1","PCBP2"
"BTK","LEPR","PCBP2"
"BTK","FZR1","PCBP2"
"BTK","GRB2","PCBP2"
"BTK","PTK6","PCBP2"
"BTK","IKBKE","PCBP2"
"BTK","STAP1","PCBP2"
"BTK","TLK1","PCBP2"
"BTK","C9orf72","PCBP2"
"BTK","DDX41","PCBP2"
"BTK","SHC1","PCBP2"
"BTK","NTRK1","PCBP2"
"BTK","RELA","PCBP2"
"BTK","MAP3K8","PCBP2"
"BTK","TMIGD2","PCBP2"
"BTK","CRTC2","PCBP2"
"BTK","CD28","PCBP2"
"BTK","CCNE1","PCBP2"
"BTK","IMPDH2","PCBP2"
"BTK","PIK3R6","PCBP2"
"BTK","ROR2","PCBP2"
"BTK","GRB14","PCBP2"
"BTK","PIK3C3","PCBP2"
"BTK","RND1","PCBP2"
"BTK","STING1","PCBP2"
"BTK","SPEN","PCBP2"
"BTK","NFKB1","PCBP2"
"BTK","CTDP1","PCBP2"
"BTK","TELO2","PCBP2"
"BTK","BLVRA","PCBP2"
"BTK","BAZ1B","PCBP2"
"BTK","PPP1R14B","PCBP2"
"BTK","CHUK","AP1"
"BTK","AKT2","AP1"
"BTK","MTOR","AP1"
"BTK","PRKG1","AP1"
"BTK","RPS6K","AP1"
"BTK","Gbeta","AP1"
"BTK","LCK","AP1"
"BTK","CDK9","AP1"
"BTK","ABL1","AP1"
"BTK","PDPK1","AP1"
"BTK","SGK1","AP1"
"BTK","MAP2K1","AP1"
"BTK","CyclinD/CDK4","AP1"
"BTK","MAP3K1","AP1"
"BTK","DOK1","AP1"
"BTK","PXN","AP1"
"BTK","FGG","AP1"
"BTK","ITK","AP1"
"BTK","RPS6KA3","AP1"
"BTK","BCL3","AP1"
"BTK","DVL1","AP1"
"BTK","FZR1","AP1"
"BTK","VCPIP1","AP1"
"BTK","ATR","AP1"
"BTK","PTK6","AP1"
"BTK","IKBKE","AP1"
"BTK","STAP1","AP1"
"BTK","TBK1","AP1"
"BTK","PTPN7","AP1"
"BTK","FADD","AP1"
"BTK","TLK1","AP1"
"BTK","CDKN2A","AP1"
"BTK","MAP4K1","AP1"
"BTK","DDX41","AP1"
"BTK","IKK-complex","AP1"
"BTK","RPS6KA4","AP1"
"BTK","GPSM3","AP1"
"BTK","MAPKAPK5","AP1"
"BTK","EPHA2","AP1"
"BTK","MAP3K8","AP1"
"BTK","CDKN1B","AP1"
"BTK","TEC","AP1"
"BTK","VCP","AP1"
"BTK","STIP1","AP1"
"BTK","PSTPIP1","AP1"
"BTK","ARRB2","AP1"
"BTK","CD28","AP1"
"BTK","INPP5D","AP1"
"BTK","IMPDH2","AP1"
"BTK","PIK3CG","AP1"
"BTK","TRPV1","AP1"
"BTK","BCL10","AP1"
"BTK","PIK3R6","AP1"
"BTK","KSR1","AP1"
"BTK","ROR2","AP1"
"BTK","ABI1","AP1"
"BTK","IFIH1","AP1"
"BTK","LRP6","AP1"
"BTK","HOXB7","AP1"
"BTK","PIK3C3","AP1"
"BTK","CTDP1","AP1"
"BTK","TELO2","AP1"
"BTK","BAZ1B","AP1"
"BTK","PABIR1","AP1"
"BTK","MAPK3","RAD50"
"BTK","PTEN","RAD50"
"BTK","PRKCQ","RAD50"
"BTK","CCP110","RAD50"
"BTK","LCK","RAD50"
"BTK","CDK9","RAD50"
"BTK","ABL1","RAD50"
"BTK","SGK1","RAD50"
"BTK","PRKCZ","RAD50"
"BTK","MAP3K1","RAD50"
"BTK","AKT","RAD50"
"BTK","IKBKB","RAD50"
"BTK","WWTR1","RAD50"
"BTK","DOK1","RAD50"
"BTK","DAPK1","RAD50"
"BTK","LEPR","RAD50"
"BTK","ITK","RAD50"
"BTK","GRB2","RAD50"
"BTK","VCPIP1","RAD50"
"BTK","SGK3","RAD50"
"BTK","PTK6","RAD50"
"BTK","IKBKE","RAD50"
"BTK","TBK1","RAD50"
"BTK","CALM1","RAD50"
"BTK","NTRK1","RAD50"
"BTK","GPSM3","RAD50"
"BTK","RELA","RAD50"
"BTK","EPHA2","RAD50"
"BTK","MAP3K8","RAD50"
"BTK","CDKN1B","RAD50"
"BTK","CCR2","RAD50"
"BTK","STIP1","RAD50"
"BTK","ARRB2","RAD50"
"BTK","TRAF3","RAD50"
"BTK","CRTC2","RAD50"
"BTK","CD28","RAD50"
"BTK","INPP5D","RAD50"
"BTK","TRPV1","RAD50"
"BTK","PPP1R14A","RAD50"
"BTK","BCL10","RAD50"
"BTK","PIK3R6","RAD50"
"BTK","HDAC2","RAD50"
"BTK","DDX58","RAD50"
"BTK","UBXN2B","RAD50"
"BTK","MST1R","RAD50"
"BTK","TTI1","RAD50"
"BTK","GRB14","RAD50"
"BTK","GRB7","RAD50"
"BTK","PPP1R14B","RAD50"
"BTK","MAPK3","MYOCD"
"BTK","AKT3","MYOCD"
"BTK","PRKCQ","MYOCD"
"BTK","ERK1/2","MYOCD"
"BTK","LCK","MYOCD"
"BTK","CDK9","MYOCD"
"BTK","PDPK1","MYOCD"
"BTK","AKT","MYOCD"
"BTK","PXN","MYOCD"
"BTK","FGG","MYOCD"
"BTK","GRB2","MYOCD"
"BTK","SGK3","MYOCD"
"BTK","IKBKE","MYOCD"
"BTK","CCND1","MYOCD"
"BTK","ILK","MYOCD"
"BTK","STAP1","MYOCD"
"BTK","TBK1","MYOCD"
"BTK","CALM1","MYOCD"
"BTK","STK38","MYOCD"
"BTK","C9orf72","MYOCD"
"BTK","CDKN2A","MYOCD"
"BTK","MAP4K1","MYOCD"
"BTK","DDX41","MYOCD"
"BTK","SHC1","MYOCD"
"BTK","GPSM3","MYOCD"
"BTK","MAPKAPK5","MYOCD"
"BTK","PTPRR","MYOCD"
"BTK","FBLIM1","MYOCD"
"BTK","VCP","MYOCD"
"BTK","GRIP1","MYOCD"
"BTK","STIP1","MYOCD"
"BTK","CRTC2","MYOCD"
"BTK","IMPDH2","MYOCD"
"BTK","SET","MYOCD"
"BTK","PIK3CG","MYOCD"
"BTK","PPP1R14A","MYOCD"
"BTK","BCL10","MYOCD"
"BTK","MST1R","MYOCD"
"BTK","RAD50","MYOCD"
"BTK","PIK3C3","MYOCD"
"BTK","NFKB1","MYOCD"
"BTK","CLSPN","MYOCD"
"BTK","PTEN","WAS"
"BTK","PRKG1","WAS"
"BTK","ERK1/2","WAS"
"BTK","LCK","WAS"
"BTK","SGK1","WAS"
"BTK","WWTR1","WAS"
"BTK","RPS6KA3","WAS"
"BTK","VCPIP1","WAS"
"BTK","PTPN7","WAS"
"BTK","C9orf72","WAS"
"BTK","MAP4K1","WAS"
"BTK","RET","WAS"
"BTK","GPSM3","WAS"
"BTK","EPHA2","WAS"
"BTK","PTPRR","WAS"
"BTK","CDKN1B","WAS"
"BTK","FBLIM1","WAS"
"BTK","FRS2","WAS"
"BTK","SH2B2","WAS"
"BTK","BCL10","WAS"
"BTK","HDAC2","WAS"
"BTK","KSR1","WAS"
"BTK","WDFY3","WAS"
"BTK","LRP6","WAS"
"BTK","GRB14","WAS"
"BTK","SPEN","WAS"
"BTK","MAPKAP1","WAS"
"BTK","PLCG2","WAS"
"BTK","AKT2","TTI1"
"BTK","PTEN","TTI1"
"BTK","MTOR","TTI1"
"BTK","AKT1","TTI1"
"BTK","CCP110","TTI1"
"BTK","RPS6K","TTI1"
"BTK","ERK1/2","TTI1"
"BTK","Gbeta","TTI1"
"BTK","LCK","TTI1"
"BTK","CDK9","TTI1"
"BTK","ABL1","TTI1"
"BTK","RPS6KA5","TTI1"
"BTK","WNK1","TTI1"
"BTK","PDPK1","TTI1"
"BTK","SGK1","TTI1"
"BTK","MAP2K1","TTI1"
"BTK","PRKCB","TTI1"
"BTK","PRKCG","TTI1"
"BTK","MAP3K1","TTI1"
"BTK","AKT","TTI1"
"BTK","IKBKB","TTI1"
"BTK","DAPK1","TTI1"
"BTK","FGG","TTI1"
"BTK","LEPR","TTI1"
"BTK","ITK","TTI1"
"BTK","FZR1","TTI1"
"BTK","VCPIP1","TTI1"
"BTK","ATR","TTI1"
"BTK","SGK3","TTI1"
"BTK","PTK6","TTI1"
"BTK","IKBKE","TTI1"
"BTK","ILK","TTI1"
"BTK","STAP1","TTI1"
"BTK","TBK1","TTI1"
"BTK","SPRED1","TTI1"
"BTK","CALM1","TTI1"
"BTK","STK38","TTI1"
"BTK","C9orf72","TTI1"
"BTK","MAP4K1","TTI1"
"BTK","RET","TTI1"
"BTK","DDX41","TTI1"
"BTK","IKK-complex","TTI1"
"BTK","RPS6KA4","TTI1"
"BTK","NTRK1","TTI1"
"BTK","GPSM3","TTI1"
"BTK","RELA","TTI1"
"BTK","MAPKAPK5","TTI1"
"BTK","EPHA2","TTI1"
"BTK","MAP3K8","TTI1"
"BTK","TEC","TTI1"
"BTK","GRIP1","TTI1"
"BTK","TMIGD2","TTI1"
"BTK","CCR2","TTI1"
"BTK","STIP1","TTI1"
"BTK","PSTPIP1","TTI1"
"BTK","ARRB2","TTI1"
"BTK","CD28","TTI1"
"BTK","INPP5D","TTI1"
"BTK","CCNE1","TTI1"
"BTK","IMPDH2","TTI1"
"BTK","SET","TTI1"
"BTK","PIK3CG","TTI1"
"BTK","SH2B2","TTI1"
"BTK","TRPV1","TTI1"
"BTK","PPP1R14A","TTI1"
"BTK","BCL10","TTI1"
"BTK","PIK3R6","TTI1"
"BTK","MRE11","TTI1"
"BTK","KSR1","TTI1"
"BTK","DDX58","TTI1"
"BTK","UBXN2B","TTI1"
"BTK","MST1R","TTI1"
"BTK","ABI1","TTI1"
"BTK","WDFY3","TTI1"
"BTK","HOXB7","TTI1"
"BTK","STING1","TTI1"
"BTK","SPEN","TTI1"
"BTK","NFKB1","TTI1"
"BTK","CTDP1","TTI1"
"BTK","TELO2","TTI1"
"BTK","CLSPN","TTI1"
"BTK","MAPKAP1","TTI1"
"BTK","BAZ1B","TTI1"
"BTK","RBL2","TTI1"
"BTK","PPP1R14B","TTI1"
"BTK","PABIR1","TTI1"
"BTK","CHUK","LARP6"
"BTK","AKT2","LARP6"
"BTK","PTEN","LARP6"
"BTK","PRKCQ","LARP6"
"BTK","AKT1","LARP6"
"BTK","PRKG1","LARP6"
"BTK","CCP110","LARP6"
"BTK","RPS6K","LARP6"
"BTK","CALM2","LARP6"
"BTK","LCK","LARP6"
"BTK","ABL1","LARP6"
"BTK","RPS6KA5","LARP6"
"BTK","WNK1","LARP6"
"BTK","SGK1","LARP6"
"BTK","MAP2K1","LARP6"
"BTK","PRKCG","LARP6"
"BTK","CyclinD/CDK4","LARP6"
"BTK","MAP3K1","LARP6"
"BTK","DOK1","LARP6"
"BTK","RPS6KA3","LARP6"
"BTK","FZR1","LARP6"
"BTK","ATR","LARP6"
"BTK","ILK","LARP6"
"BTK","MEK1/2","LARP6"
"BTK","PTPN7","LARP6"
"BTK","CALM1","LARP6"
"BTK","MAP4K1","LARP6"
"BTK","DDX41","LARP6"
"BTK","RELA","LARP6"
"BTK","MAP3K8","LARP6"
"BTK","CDKN1B","LARP6"
"BTK","VCP","LARP6"
"BTK","GRIP1","LARP6"
"BTK","ARRB2","LARP6"
"BTK","TRAF3","LARP6"
"BTK","INPP5D","LARP6"
"BTK","CCNE1","LARP6"
"BTK","SET","LARP6"
"BTK","PIK3CG","LARP6"
"BTK","TRPV1","LARP6"
"BTK","MRE11","LARP6"
"BTK","KSR1","LARP6"
"BTK","DDX58","LARP6"
"BTK","UBXN2B","LARP6"
"BTK","MST1R","LARP6"
"BTK","ABI1","LARP6"
"BTK","WDFY3","LARP6"
"BTK","RND1","LARP6"
"BTK","SPEN","LARP6"
"BTK","MAPKAP1","LARP6"
"BTK","GRB7","LARP6"
"BTK","BAZ1B","LARP6"
"BTK","RBL2","LARP6"
"BTK","CHUK","FBXO5"
"BTK","CCP110","FBXO5"
"BTK","CALM2","FBXO5"
"BTK","LCK","FBXO5"
"BTK","RPS6KA5","FBXO5"
"BTK","SGK1","FBXO5"
"BTK","CyclinD/CDK4","FBXO5"
"BTK","WWTR1","FBXO5"
"BTK","DOK1","FBXO5"
"BTK","MAP3K4","FBXO5"
"BTK","PXN","FBXO5"
"BTK","LEPR","FBXO5"
"BTK","ITK","FBXO5"
"BTK","RPS6KA3","FBXO5"
"BTK","BCL3","FBXO5"
"BTK","DVL1","FBXO5"
"BTK","FZR1","FBXO5"
"BTK","SGK3","FBXO5"
"BTK","CCND1","FBXO5"
"BTK","ILK","FBXO5"
"BTK","STAP1","FBXO5"
"BTK","PTPN7","FBXO5"
"BTK","FADD","FBXO5"
"BTK","C9orf72","FBXO5"
"BTK","CDKN2A","FBXO5"
"BTK","RET","FBXO5"
"BTK","IKK-complex","FBXO5"
"BTK","MAPKAPK5","FBXO5"
"BTK","EPHA2","FBXO5"
"BTK","CDKN1B","FBXO5"
"BTK","VCP","FBXO5"
"BTK","TMIGD2","FBXO5"
"BTK","CCR2","FBXO5"
"BTK","PSTPIP1","FBXO5"
"BTK","CRTC2","FBXO5"
"BTK","SET","FBXO5"
"BTK","SH2B2","FBXO5"
"BTK","TRPV1","FBXO5"
"BTK","DDX58","FBXO5"
"BTK","ABI1","FBXO5"
"BTK","IFIH1","FBXO5"
"BTK","GRB14","FBXO5"
"BTK","HOXB7","FBXO5"
"BTK","PIK3C3","FBXO5"
"BTK","RND1","FBXO5"
"BTK","STING1","FBXO5"
"BTK","CTDP1","FBXO5"
"BTK","BLVRA","FBXO5"
"BTK","CLSPN","FBXO5"
"BTK","MAPKAP1","FBXO5"
"BTK","GRB7","FBXO5"
"BTK","PPP1R14B","FBXO5"
"BTK","PABIR1","FBXO5"
"BTK","MAPK3","PARP1"
"BTK","CHUK","PARP1"
"BTK","AKT2","PARP1"
"BTK","PRKCQ","PARP1"
"BTK","PRKG1","PARP1"
"BTK","CCP110","PARP1"
"BTK","CALM2","PARP1"
"BTK","LCK","PARP1"
"BTK","ABL1","PARP1"
"BTK","RPS6KA5","PARP1"
"BTK","PDPK1","PARP1"
"BTK","MAP2K1","PARP1"
"BTK","MAP3K1","PARP1"
"BTK","MAP3K7","PARP1"
"BTK","AKT","PARP1"
"BTK","IKBKB","PARP1"
"BTK","WWTR1","PARP1"
"BTK","DOK1","PARP1"
"BTK","MAP3K4","PARP1"
"BTK","DAPK1","PARP1"
"BTK","FGG","PARP1"
"BTK","RPS6KA3","PARP1"
"BTK","VCPIP1","PARP1"
"BTK","SGK3","PARP1"
"BTK","IKBKE","PARP1"
"BTK","STAP1","PARP1"
"BTK","CALM1","PARP1"
"BTK","C9orf72","PARP1"
"BTK","CDKN2A","PARP1"
"BTK","MAP4K1","PARP1"
"BTK","DDX41","PARP1"
"BTK","IKK-complex","PARP1"
"BTK","SHC1","PARP1"
"BTK","NTRK1","PARP1"
"BTK","GPSM3","PARP1"
"BTK","FBLIM1","PARP1"
"BTK","VCP","PARP1"
"BTK","CCR2","PARP1"
"BTK","PSTPIP1","PARP1"
"BTK","CRTC2","PARP1"
"BTK","SET","PARP1"
"BTK","PIK3CG","PARP1"
"BTK","TRPV1","PARP1"
"BTK","BCL10","PARP1"
"BTK","PIK3R6","PARP1"
"BTK","KSR1","PARP1"
"BTK","ROR2","PARP1"
"BTK","IFIH1","PARP1"
"BTK","TTI1","PARP1"
"BTK","WDFY3","PARP1"
"BTK","LRP6","PARP1"
"BTK","HOXB7","PARP1"
"BTK","SPEN","PARP1"
"BTK","CTDP1","PARP1"
"BTK","TELO2","PARP1"
"BTK","BLVRA","PARP1"
"BTK","CLSPN","PARP1"
"BTK","MAPKAP1","PARP1"
"BTK","PLCG2","PARP1"
"BTK","PRKCQ","WDFY3"
"BTK","MTOR","WDFY3"
"BTK","AKT1","WDFY3"
"BTK","CALM2","WDFY3"
"BTK","Gbeta","WDFY3"
"BTK","PDPK1","WDFY3"
"BTK","SGK1","WDFY3"
"BTK","MAP2K1","WDFY3"
"BTK","PRKCG","WDFY3"
"BTK","IKBKB","WDFY3"
"BTK","PXN","WDFY3"
"BTK","FGG","WDFY3"
"BTK","BCL3","WDFY3"
"BTK","PTK6","WDFY3"
"BTK","IKBKE","WDFY3"
"BTK","ILK","WDFY3"
"BTK","STAP1","WDFY3"
"BTK","SPRED1","WDFY3"
"BTK","MEK1/2","WDFY3"
"BTK","CALM1","WDFY3"
"BTK","STK38","WDFY3"
"BTK","C9orf72","WDFY3"
"BTK","CDKN2A","WDFY3"
"BTK","MAP4K1","WDFY3"
"BTK","RET","WDFY3"
"BTK","IKK-complex","WDFY3"
"BTK","SHC1","WDFY3"
"BTK","RPS6KA4","WDFY3"
"BTK","NTRK1","WDFY3"
"BTK","GPSM3","WDFY3"
"BTK","EPHA2","WDFY3"
"BTK","MAP3K8","WDFY3"
"BTK","PTPRR","WDFY3"
"BTK","CDKN1B","WDFY3"
"BTK","FBLIM1","WDFY3"
"BTK","VCP","WDFY3"
"BTK","GRIP1","WDFY3"
"BTK","CCR2","WDFY3"
"BTK","STIP1","WDFY3"
"BTK","TRAF3","WDFY3"
"BTK","SET","WDFY3"
"BTK","PIK3CG","WDFY3"
"BTK","SH2B2","WDFY3"
"BTK","TRPV1","WDFY3"
"BTK","PPP1R14A","WDFY3"
"BTK","MRE11","WDFY3"
"BTK","UBXN2B","WDFY3"
"BTK","ROR2","WDFY3"
"BTK","ABI1","WDFY3"
"BTK","LRP6","WDFY3"
"BTK","NFKB1","WDFY3"
"BTK","CTDP1","WDFY3"
"BTK","CLSPN","WDFY3"
"BTK","GRB7","WDFY3"
"BTK","BAZ1B","WDFY3"
"BTK","PLCG2","WDFY3"
"BTK","RBL2","WDFY3"
"BTK","PPP1R14B","WDFY3"
"BTK","PABIR1","WDFY3"
"BTK","MAPK3","DEPTOR"
"BTK","AKT3","DEPTOR"
"BTK","CHUK","DEPTOR"
"BTK","MTOR","DEPTOR"
"BTK","PRKG1","DEPTOR"
"BTK","CCP110","DEPTOR"
"BTK","RPS6K","DEPTOR"
"BTK","CALM2","DEPTOR"
"BTK","ERK1/2","DEPTOR"
"BTK","Gbeta","DEPTOR"
"BTK","CDK9","DEPTOR"
"BTK","ABL1","DEPTOR"
"BTK","RPS6KA5","DEPTOR"
"BTK","WNK1","DEPTOR"
"BTK","SGK1","DEPTOR"
"BTK","MAP2K1","DEPTOR"
"BTK","PRKCB","DEPTOR"
"BTK","PRKCG","DEPTOR"
"BTK","MAP3K1","DEPTOR"
"BTK","AKT","DEPTOR"
"BTK","IKBKB","DEPTOR"
"BTK","DOK1","DEPTOR"
"BTK","DAPK1","DEPTOR"
"BTK","PXN","DEPTOR"
"BTK","FGG","DEPTOR"
"BTK","LEPR","DEPTOR"
"BTK","RPS6KA3","DEPTOR"
"BTK","BCL3","DEPTOR"
"BTK","DVL1","DEPTOR"
"BTK","VCPIP1","DEPTOR"
"BTK","SGK3","DEPTOR"
"BTK","ILK","DEPTOR"
"BTK","STAP1","DEPTOR"
"BTK","SPRED1","DEPTOR"
"BTK","MEK1/2","DEPTOR"
"BTK","CALM1","DEPTOR"
"BTK","STK38","DEPTOR"
"BTK","TLK1","DEPTOR"
"BTK","C9orf72","DEPTOR"
"BTK","CDKN2A","DEPTOR"
"BTK","DDX41","DEPTOR"
"BTK","IKK-complex","DEPTOR"
"BTK","SHC1","DEPTOR"
"BTK","RPS6KA4","DEPTOR"
"BTK","NTRK1","DEPTOR"
"BTK","GPSM3","DEPTOR"
"BTK","RELA","DEPTOR"
"BTK","MAPKAPK5","DEPTOR"
"BTK","MAP3K8","DEPTOR"
"BTK","PTPRR","DEPTOR"
"BTK","CDKN1B","DEPTOR"
"BTK","TMIGD2","DEPTOR"
"BTK","PSTPIP1","DEPTOR"
"BTK","ARRB2","DEPTOR"
"BTK","CRTC2","DEPTOR"
"BTK","CD28","DEPTOR"
"BTK","INPP5D","DEPTOR"
"BTK","CCNE1","DEPTOR"
"BTK","IMPDH2","DEPTOR"
"BTK","SET","DEPTOR"
"BTK","SH2B2","DEPTOR"
"BTK","PPP1R14A","DEPTOR"
"BTK","BCL10","DEPTOR"
"BTK","MRE11","DEPTOR"
"BTK","DDX58","DEPTOR"
"BTK","ABI1","DEPTOR"
"BTK","IFIH1","DEPTOR"
"BTK","TTI1","DEPTOR"
"BTK","LRP6","DEPTOR"
"BTK","GRB14","DEPTOR"
"BTK","HOXB7","DEPTOR"
"BTK","RND1","DEPTOR"
"BTK","STING1","DEPTOR"
"BTK","SPEN","DEPTOR"
"BTK","CTDP1","DEPTOR"
"BTK","BLVRA","DEPTOR"
"BTK","BAZ1B","DEPTOR"
"BTK","CHUK","FOXA1"
"BTK","MTOR","FOXA1"
"BTK","AKT1","FOXA1"
"BTK","PRKG1","FOXA1"
"BTK","CALM2","FOXA1"
"BTK","LCK","FOXA1"
"BTK","RPS6KA5","FOXA1"
"BTK","WNK1","FOXA1"
"BTK","PRKCG","FOXA1"
"BTK","PRKCZ","FOXA1"
"BTK","AKT","FOXA1"
"BTK","WWTR1","FOXA1"
"BTK","PXN","FOXA1"
"BTK","FGG","FOXA1"
"BTK","FZR1","FOXA1"
"BTK","GRB2","FOXA1"
"BTK","ATR","FOXA1"
"BTK","PTK6","FOXA1"
"BTK","CCND1","FOXA1"
"BTK","STAP1","FOXA1"
"BTK","SPRED1","FOXA1"
"BTK","PTPN7","FOXA1"
"BTK","CALM1","FOXA1"
"BTK","FADD","FOXA1"
"BTK","SHC1","FOXA1"
"BTK","RPS6KA4","FOXA1"
"BTK","GPSM3","FOXA1"
"BTK","TEC","FOXA1"
"BTK","GRIP1","FOXA1"
"BTK","CCR2","FOXA1"
"BTK","PSTPIP1","FOXA1"
"BTK","ARRB2","FOXA1"
"BTK","TRAF3","FOXA1"
"BTK","INPP5D","FOXA1"
"BTK","CCNE1","FOXA1"
"BTK","SET","FOXA1"
"BTK","PPP1R14A","FOXA1"
"BTK","BCL10","FOXA1"
"BTK","PIK3R6","FOXA1"
"BTK","ROR2","FOXA1"
"BTK","ABI1","FOXA1"
"BTK","IFIH1","FOXA1"
"BTK","WDFY3","FOXA1"
"BTK","LRP6","FOXA1"
"BTK","HOXB7","FOXA1"
"BTK","RND1","FOXA1"
"BTK","BAZ1B","FOXA1"
"BTK","PLCG2","FOXA1"
"BTK","PABIR1","FOXA1"
"BTK","MAPK3","SYN1"
"BTK","AKT2","SYN1"
"BTK","MTOR","SYN1"
"BTK","PRKG1","SYN1"
"BTK","CCP110","SYN1"
"BTK","ERK1/2","SYN1"
"BTK","Gbeta","SYN1"
"BTK","CDK9","SYN1"
"BTK","ABL1","SYN1"
"BTK","RPS6KA5","SYN1"
"BTK","WNK1","SYN1"
"BTK","SGK1","SYN1"
"BTK","MAP2K1","SYN1"
"BTK","PRKCB","SYN1"
"BTK","PRKCG","SYN1"
"BTK","CyclinD/CDK4","SYN1"
"BTK","MAP3K7","SYN1"
"BTK","AKT","SYN1"
"BTK","IKBKB","SYN1"
"BTK","WWTR1","SYN1"
"BTK","DOK1","SYN1"
"BTK","PXN","SYN1"
"BTK","FGG","SYN1"
"BTK","LEPR","SYN1"
"BTK","ATR","SYN1"
"BTK","SGK3","SYN1"
"BTK","PTK6","SYN1"
"BTK","IKBKE","SYN1"
"BTK","CCND1","SYN1"
"BTK","TBK1","SYN1"
"BTK","MEK1/2","SYN1"
"BTK","CALM1","SYN1"
"BTK","FADD","SYN1"
"BTK","C9orf72","SYN1"
"BTK","MAP4K1","SYN1"
"BTK","SHC1","SYN1"
"BTK","RPS6KA4","SYN1"
"BTK","NTRK1","SYN1"
"BTK","GPSM3","SYN1"
"BTK","RELA","SYN1"
"BTK","EPHA2","SYN1"
"BTK","MAP3K8","SYN1"
"BTK","CDKN1B","SYN1"
"BTK","FBLIM1","SYN1"
"BTK","TEC","SYN1"
"BTK","VCP","SYN1"
"BTK","TMIGD2","SYN1"
"BTK","CCR2","SYN1"
"BTK","PSTPIP1","SYN1"
"BTK","ARRB2","SYN1"
"BTK","CD28","SYN1"
"BTK","CCNE1","SYN1"
"BTK","SH2B2","SYN1"
"BTK","BCL10","SYN1"
"BTK","PIK3R6","SYN1"
"BTK","KSR1","SYN1"
"BTK","DDX58","SYN1"
"BTK","ABI1","SYN1"
"BTK","RAD50","SYN1"
"BTK","TTI1","SYN1"
"BTK","WDFY3","SYN1"
"BTK","LRP6","SYN1"
"BTK","HOXB7","SYN1"
"BTK","PIK3C3","SYN1"
"BTK","RND1","SYN1"
"BTK","STING1","SYN1"
"BTK","NFKB1","SYN1"
"BTK","CTDP1","SYN1"
"BTK","TELO2","SYN1"
"BTK","BLVRA","SYN1"
"BTK","CLSPN","SYN1"
"BTK","GRB7","SYN1"
"BTK","BAZ1B","SYN1"
"BTK","PLCG2","SYN1"
"BTK","RBL2","SYN1"
"BTK","PPP1R14B","SYN1"
"BTK","PABIR1","SYN1"
"BTK","MAPK3","APC-c"
"BTK","AKT3","APC-c"
"BTK","CHUK","APC-c"
"BTK","AKT2","APC-c"
"BTK","PTEN","APC-c"
"BTK","PRKCQ","APC-c"
"BTK","CCP110","APC-c"
"BTK","Gbeta","APC-c"
"BTK","LCK","APC-c"
"BTK","CDK9","APC-c"
"BTK","RPS6KA5","APC-c"
"BTK","PDPK1","APC-c"
"BTK","SGK1","APC-c"
"BTK","MAP2K1","APC-c"
"BTK","PRKCG","APC-c"
"BTK","PRKCZ","APC-c"
"BTK","MAP3K1","APC-c"
"BTK","MAP3K7","APC-c"
"BTK","AKT","APC-c"
"BTK","IKBKB","APC-c"
"BTK","DOK1","APC-c"
"BTK","MAP3K4","APC-c"
"BTK","DAPK1","APC-c"
"BTK","PXN","APC-c"
"BTK","FGG","APC-c"
"BTK","LEPR","APC-c"
"BTK","RPS6KA3","APC-c"
"BTK","BCL3","APC-c"
"BTK","GRB2","APC-c"
"BTK","ATR","APC-c"
"BTK","SGK3","APC-c"
"BTK","PTK6","APC-c"
"BTK","IKBKE","APC-c"
"BTK","CCND1","APC-c"
"BTK","ILK","APC-c"
"BTK","STAP1","APC-c"
"BTK","TBK1","APC-c"
"BTK","SPRED1","APC-c"
"BTK","PTPN7","APC-c"
"BTK","CALM1","APC-c"
"BTK","FADD","APC-c"
"BTK","STK38","APC-c"
"BTK","C9orf72","APC-c"
"BTK","CDKN2A","APC-c"
"BTK","MAP4K1","APC-c"
"BTK","IKK-complex","APC-c"
"BTK","SHC1","APC-c"
"BTK","NTRK1","APC-c"
"BTK","RELA","APC-c"
"BTK","MAPKAPK5","APC-c"
"BTK","MAP3K8","APC-c"
"BTK","PTPRR","APC-c"
"BTK","CDKN1B","APC-c"
"BTK","FBLIM1","APC-c"
"BTK","GRIP1","APC-c"
"BTK","TMIGD2","APC-c"
"BTK","PSTPIP1","APC-c"
"BTK","ARRB2","APC-c"
"BTK","CCNE1","APC-c"
"BTK","IMPDH2","APC-c"
"BTK","PIK3CG","APC-c"
"BTK","SH2B2","APC-c"
"BTK","PPP1R14A","APC-c"
"BTK","BCL10","APC-c"
"BTK","HDAC2","APC-c"
"BTK","DDX58","APC-c"
"BTK","ABI1","APC-c"
"BTK","RAD50","APC-c"
"BTK","TTI1","APC-c"
"BTK","WDFY3","APC-c"
"BTK","PIK3C3","APC-c"
"BTK","STING1","APC-c"
"BTK","CTDP1","APC-c"
"BTK","TELO2","APC-c"
"BTK","BAZ1B","APC-c"
"BTK","MAPK3","LRP6"
"BTK","CHUK","LRP6"
"BTK","AKT2","LRP6"
"BTK","PRKG1","LRP6"
"BTK","RPS6K","LRP6"
"BTK","ERK1/2","LRP6"
"BTK","CDK9","LRP6"
"BTK","RPS6KA5","LRP6"
"BTK","PDPK1","LRP6"
"BTK","SGK1","LRP6"
"BTK","MAP2K1","LRP6"
"BTK","PRKCB","LRP6"
"BTK","PRKCG","LRP6"
"BTK","MAP3K1","LRP6"
"BTK","MAP3K7","LRP6"
"BTK","IKBKB","LRP6"
"BTK","DOK1","LRP6"
"BTK","MAP3K4","LRP6"
"BTK","DAPK1","LRP6"
"BTK","LEPR","LRP6"
"BTK","RPS6KA3","LRP6"
"BTK","BCL3","LRP6"
"BTK","FZR1","LRP6"
"BTK","SGK3","LRP6"
"BTK","PTK6","LRP6"
"BTK","IKBKE","LRP6"
"BTK","STAP1","LRP6"
"BTK","STK38","LRP6"
"BTK","C9orf72","LRP6"
"BTK","RPS6KA4","LRP6"
"BTK","NTRK1","LRP6"
"BTK","GPSM3","LRP6"
"BTK","RELA","LRP6"
"BTK","EPHA2","LRP6"
"BTK","MAP3K8","LRP6"
"BTK","PTPRR","LRP6"
"BTK","CDKN1B","LRP6"
"BTK","FBLIM1","LRP6"
"BTK","TEC","LRP6"
"BTK","VCP","LRP6"
"BTK","CCR2","LRP6"
"BTK","PSTPIP1","LRP6"
"BTK","ARRB2","LRP6"
"BTK","CRTC2","LRP6"
"BTK","CD28","LRP6"
"BTK","INPP5D","LRP6"
"BTK","IMPDH2","LRP6"
"BTK","SH2B2","LRP6"
"BTK","UBXN2B","LRP6"
"BTK","MST1R","LRP6"
"BTK","ROR2","LRP6"
"BTK","IFIH1","LRP6"
"BTK","RAD50","LRP6"
"BTK","TTI1","LRP6"
"BTK","WDFY3","LRP6"
"BTK","GRB14","LRP6"
"BTK","RND1","LRP6"
"BTK","STING1","LRP6"
"BTK","SPEN","LRP6"
"BTK","CTDP1","LRP6"
"BTK","CLSPN","LRP6"
"BTK","GRB7","LRP6"
"BTK","PPP1R14B","LRP6"
"BTK","MAPK3","CSF2RA"
"BTK","MTOR","CSF2RA"
"BTK","AKT1","CSF2RA"
"BTK","CALM2","CSF2RA"
"BTK","LCK","CSF2RA"
"BTK","CDK9","CSF2RA"
"BTK","WNK1","CSF2RA"
"BTK","PRKCB","CSF2RA"
"BTK","PRKCG","CSF2RA"
"BTK","PRKCZ","CSF2RA"
"BTK","MAP3K1","CSF2RA"
"BTK","AKT","CSF2RA"
"BTK","IKBKB","CSF2RA"
"BTK","DOK1","CSF2RA"
"BTK","PXN","CSF2RA"
"BTK","RPS6KA3","CSF2RA"
"BTK","DVL1","CSF2RA"
"BTK","VCPIP1","CSF2RA"
"BTK","SGK3","CSF2RA"
"BTK","ILK","CSF2RA"
"BTK","FADD","CSF2RA"
"BTK","STK38","CSF2RA"
"BTK","TLK1","CSF2RA"
"BTK","C9orf72","CSF2RA"
"BTK","CDKN2A","CSF2RA"
"BTK","MAP4K1","CSF2RA"
"BTK","SHC1","CSF2RA"
"BTK","RPS6KA4","CSF2RA"
"BTK","NTRK1","CSF2RA"
"BTK","GPSM3","CSF2RA"
"BTK","RELA","CSF2RA"
"BTK","MAP3K8","CSF2RA"
"BTK","PTPRR","CSF2RA"
"BTK","VCP","CSF2RA"
"BTK","TMIGD2","CSF2RA"
"BTK","CCR2","CSF2RA"
"BTK","PSTPIP1","CSF2RA"
"BTK","ARRB2","CSF2RA"
"BTK","INPP5D","CSF2RA"
"BTK","IMPDH2","CSF2RA"
"BTK","SET","CSF2RA"
"BTK","BCL10","CSF2RA"
"BTK","MRE11","CSF2RA"
"BTK","HDAC2","CSF2RA"
"BTK","KSR1","CSF2RA"
"BTK","UBXN2B","CSF2RA"
"BTK","MST1R","CSF2RA"
"BTK","IFIH1","CSF2RA"
"BTK","RAD50","CSF2RA"
"BTK","WDFY3","CSF2RA"
"BTK","CTDP1","CSF2RA"
"BTK","TELO2","CSF2RA"
"BTK","BLVRA","CSF2RA"
"BTK","CLSPN","CSF2RA"
"BTK","MAPKAP1","CSF2RA"
"BTK","BAZ1B","CSF2RA"
"BTK","RBL2","CSF2RA"
"BTK","PPP1R14B","CSF2RA"
"BTK","PABIR1","CSF2RA"
"BTK","MAPK3","GRB14"
"BTK","AKT3","GRB14"
"BTK","PRKCQ","GRB14"
"BTK","MTOR","GRB14"
"BTK","PRKG1","GRB14"
"BTK","CCP110","GRB14"
"BTK","Gbeta","GRB14"
"BTK","ABL1","GRB14"
"BTK","PDPK1","GRB14"
"BTK","MAP2K1","GRB14"
"BTK","PRKCB","GRB14"
"BTK","CyclinD/CDK4","GRB14"
"BTK","AKT","GRB14"
"BTK","IKBKB","GRB14"
"BTK","WWTR1","GRB14"
"BTK","MAP3K4","GRB14"
"BTK","DAPK1","GRB14"
"BTK","LEPR","GRB14"
"BTK","RPS6KA3","GRB14"
"BTK","BCL3","GRB14"
"BTK","DVL1","GRB14"
"BTK","FZR1","GRB14"
"BTK","GRB2","GRB14"
"BTK","ATR","GRB14"
"BTK","SGK3","GRB14"
"BTK","PTK6","GRB14"
"BTK","IKBKE","GRB14"
"BTK","ILK","GRB14"
"BTK","SPRED1","GRB14"
"BTK","MEK1/2","GRB14"
"BTK","PTPN7","GRB14"
"BTK","CALM1","GRB14"
"BTK","C9orf72","GRB14"
"BTK","RET","GRB14"
"BTK","DDX41","GRB14"
"BTK","RPS6KA4","GRB14"
"BTK","GPSM3","GRB14"
"BTK","EPHA2","GRB14"
"BTK","MAP3K8","GRB14"
"BTK","CDKN1B","GRB14"
"BTK","FBLIM1","GRB14"
"BTK","GRIP1","GRB14"
"BTK","TMIGD2","GRB14"
"BTK","STIP1","GRB14"
"BTK","CD28","GRB14"
"BTK","IMPDH2","GRB14"
"BTK","SET","GRB14"
"BTK","PIK3CG","GRB14"
"BTK","SH2B2","GRB14"
"BTK","TRPV1","GRB14"
"BTK","PPP1R14A","GRB14"
"BTK","BCL10","GRB14"
"BTK","MRE11","GRB14"
"BTK","HDAC2","GRB14"
"BTK","KSR1","GRB14"
"BTK","DDX58","GRB14"
"BTK","UBXN2B","GRB14"
"BTK","MST1R","GRB14"
"BTK","IFIH1","GRB14"
"BTK","RAD50","GRB14"
"BTK","WDFY3","GRB14"
"BTK","LRP6","GRB14"
"BTK","STING1","GRB14"
"BTK","SPEN","GRB14"
"BTK","CTDP1","GRB14"
"BTK","CLSPN","GRB14"
"BTK","GRB7","GRB14"
"BTK","BAZ1B","GRB14"
"BTK","PPP1R14B","GRB14"
"BTK","AKT3","TLK2"
"BTK","CHUK","TLK2"
"BTK","PTEN","TLK2"
"BTK","PRKCQ","TLK2"
"BTK","CCP110","TLK2"
"BTK","Gbeta","TLK2"
"BTK","LCK","TLK2"
"BTK","ABL1","TLK2"
"BTK","RPS6KA5","TLK2"
"BTK","WNK1","TLK2"
"BTK","SGK1","TLK2"
"BTK","MAP2K1","TLK2"
"BTK","PRKCG","TLK2"
"BTK","PRKCZ","TLK2"
"BTK","CyclinD/CDK4","TLK2"
"BTK","MAP3K1","TLK2"
"BTK","WWTR1","TLK2"
"BTK","DOK1","TLK2"
"BTK","FGG","TLK2"
"BTK","LEPR","TLK2"
"BTK","BCL3","TLK2"
"BTK","DVL1","TLK2"
"BTK","IKBKE","TLK2"
"BTK","STAP1","TLK2"
"BTK","PTPN7","TLK2"
"BTK","CALM1","TLK2"
"BTK","C9orf72","TLK2"
"BTK","MAP4K1","TLK2"
"BTK","DDX41","TLK2"
"BTK","IKK-complex","TLK2"
"BTK","RPS6KA4","TLK2"
"BTK","NTRK1","TLK2"
"BTK","RELA","TLK2"
"BTK","MAPKAPK5","TLK2"
"BTK","EPHA2","TLK2"
"BTK","MAP3K8","TLK2"
"BTK","PTPRR","TLK2"
"BTK","FBLIM1","TLK2"
"BTK","VCP","TLK2"
"BTK","GRIP1","TLK2"
"BTK","ARRB2","TLK2"
"BTK","CD28","TLK2"
"BTK","INPP5D","TLK2"
"BTK","FRS2","TLK2"
"BTK","IMPDH2","TLK2"
"BTK","TRPV1","TLK2"
"BTK","PIK3R6","TLK2"
"BTK","HDAC2","TLK2"
"BTK","UBXN2B","TLK2"
"BTK","ROR2","TLK2"
"BTK","RAD50","TLK2"
"BTK","TTI1","TLK2"
"BTK","LRP6","TLK2"
"BTK","GRB14","TLK2"
"BTK","RND1","TLK2"
"BTK","STING1","TLK2"
"BTK","SPEN","TLK2"
"BTK","NFKB1","TLK2"
"BTK","CTDP1","TLK2"
"BTK","TELO2","TLK2"
"BTK","MAPKAP1","TLK2"
"BTK","GRB7","TLK2"
"BTK","BAZ1B","TLK2"
"BTK","RBL2","TLK2"
"BTK","PPP1R14B","TLK2"
"BTK","PABIR1","TLK2"
"BTK","CHUK","HOXB7"
"BTK","AKT2","HOXB7"
"BTK","PTEN","HOXB7"
"BTK","MTOR","HOXB7"
"BTK","PRKG1","HOXB7"
"BTK","CCP110","HOXB7"
"BTK","CALM2","HOXB7"
"BTK","ERK1/2","HOXB7"
"BTK","ABL1","HOXB7"
"BTK","PDPK1","HOXB7"
"BTK","SGK1","HOXB7"
"BTK","PRKCG","HOXB7"
"BTK","CyclinD/CDK4","HOXB7"
"BTK","MAP3K7","HOXB7"
"BTK","AKT","HOXB7"
"BTK","IKBKB","HOXB7"
"BTK","MAP3K4","HOXB7"
"BTK","FGG","HOXB7"
"BTK","LEPR","HOXB7"
"BTK","IKBKE","HOXB7"
"BTK","CCND1","HOXB7"
"BTK","ILK","HOXB7"
"BTK","STAP1","HOXB7"
"BTK","TBK1","HOXB7"
"BTK","MEK1/2","HOXB7"
"BTK","CALM1","HOXB7"
"BTK","FADD","HOXB7"
"BTK","STK38","HOXB7"
"BTK","C9orf72","HOXB7"
"BTK","DDX41","HOXB7"
"BTK","IKK-complex","HOXB7"
"BTK","RPS6KA4","HOXB7"
"BTK","NTRK1","HOXB7"
"BTK","EPHA2","HOXB7"
"BTK","CDKN1B","HOXB7"
"BTK","VCP","HOXB7"
"BTK","TMIGD2","HOXB7"
"BTK","CCR2","HOXB7"
"BTK","STIP1","HOXB7"
"BTK","ARRB2","HOXB7"
"BTK","CD28","HOXB7"
"BTK","INPP5D","HOXB7"
"BTK","FRS2","HOXB7"
"BTK","CCNE1","HOXB7"
"BTK","SET","HOXB7"
"BTK","PIK3CG","HOXB7"
"BTK","SH2B2","HOXB7"
"BTK","TRPV1","HOXB7"
"BTK","BCL10","HOXB7"
"BTK","MRE11","HOXB7"
"BTK","HDAC2","HOXB7"
"BTK","DDX58","HOXB7"
"BTK","MST1R","HOXB7"
"BTK","ROR2","HOXB7"
"BTK","ABI1","HOXB7"
"BTK","IFIH1","HOXB7"
"BTK","RAD50","HOXB7"
"BTK","TTI1","HOXB7"
"BTK","WDFY3","HOXB7"
"BTK","LRP6","HOXB7"
"BTK","GRB14","HOXB7"
"BTK","STING1","HOXB7"
"BTK","NFKB1","HOXB7"
"BTK","BLVRA","HOXB7"
"BTK","CLSPN","HOXB7"
"BTK","MAPKAP1","HOXB7"
"BTK","BAZ1B","HOXB7"
"BTK","RBL2","HOXB7"
"BTK","PPP1R14B","HOXB7"
"BTK","MAPK3","PIK3C3"
"BTK","PRKCQ","PIK3C3"
"BTK","MTOR","PIK3C3"
"BTK","AKT1","PIK3C3"
"BTK","PRKG1","PIK3C3"
"BTK","CCP110","PIK3C3"
"BTK","RPS6K","PIK3C3"
"BTK","ERK1/2","PIK3C3"
"BTK","ABL1","PIK3C3"
"BTK","RPS6KA5","PIK3C3"
"BTK","WNK1","PIK3C3"
"BTK","MAP2K1","PIK3C3"
"BTK","PRKCB","PIK3C3"
"BTK","PRKCG","PIK3C3"
"BTK","CyclinD/CDK4","PIK3C3"
"BTK","AKT","PIK3C3"
"BTK","IKBKB","PIK3C3"
"BTK","FGG","PIK3C3"
"BTK","BCL3","PIK3C3"
"BTK","FZR1","PIK3C3"
"BTK","GRB2","PIK3C3"
"BTK","VCPIP1","PIK3C3"
"BTK","IKBKE","PIK3C3"
"BTK","CCND1","PIK3C3"
"BTK","STAP1","PIK3C3"
"BTK","SPRED1","PIK3C3"
"BTK","MEK1/2","PIK3C3"
"BTK","PTPN7","PIK3C3"
"BTK","STK38","PIK3C3"
"BTK","TLK1","PIK3C3"
"BTK","C9orf72","PIK3C3"
"BTK","IKK-complex","PIK3C3"
"BTK","RPS6KA4","PIK3C3"
"BTK","MAPKAPK5","PIK3C3"
"BTK","PTPRR","PIK3C3"
"BTK","FBLIM1","PIK3C3"
"BTK","VCP","PIK3C3"
"BTK","GRIP1","PIK3C3"
"BTK","CCR2","PIK3C3"
"BTK","TRAF3","PIK3C3"
"BTK","CRTC2","PIK3C3"
"BTK","CD28","PIK3C3"
"BTK","INPP5D","PIK3C3"
"BTK","FRS2","PIK3C3"
"BTK","IMPDH2","PIK3C3"
"BTK","SET","PIK3C3"
"BTK","PIK3CG","PIK3C3"
"BTK","TRPV1","PIK3C3"
"BTK","PPP1R14A","PIK3C3"
"BTK","PIK3R6","PIK3C3"
"BTK","MRE11","PIK3C3"
"BTK","DDX58","PIK3C3"
"BTK","UBXN2B","PIK3C3"
"BTK","MST1R","PIK3C3"
"BTK","ROR2","PIK3C3"
"BTK","ABI1","PIK3C3"
"BTK","LRP6","PIK3C3"
"BTK","GRB14","PIK3C3"
"BTK","HOXB7","PIK3C3"
"BTK","RND1","PIK3C3"
"BTK","STING1","PIK3C3"
"BTK","SPEN","PIK3C3"
"BTK","NFKB1","PIK3C3"
"BTK","TELO2","PIK3C3"
"BTK","BLVRA","PIK3C3"
"BTK","MAPKAP1","PIK3C3"
"BTK","BAZ1B","PIK3C3"
"BTK","PABIR1","PIK3C3"
"BTK","MAPK3","RND1"
"BTK","AKT3","RND1"
"BTK","AKT2","RND1"
"BTK","PRKCQ","RND1"
"BTK","MTOR","RND1"
"BTK","PRKG1","RND1"
"BTK","CCP110","RND1"
"BTK","RPS6K","RND1"
"BTK","ERK1/2","RND1"
"BTK","Gbeta","RND1"
"BTK","LCK","RND1"
"BTK","ABL1","RND1"
"BTK","WNK1","RND1"
"BTK","PDPK1","RND1"
"BTK","CyclinD/CDK4","RND1"
"BTK","MAP3K7","RND1"
"BTK","AKT","RND1"
"BTK","IKBKB","RND1"
"BTK","WWTR1","RND1"
"BTK","DOK1","RND1"
"BTK","DAPK1","RND1"
"BTK","ITK","RND1"
"BTK","RPS6KA3","RND1"
"BTK","DVL1","RND1"
"BTK","FZR1","RND1"
"BTK","ATR","RND1"
"BTK","PTK6","RND1"
"BTK","ILK","RND1"
"BTK","SPRED1","RND1"
"BTK","MEK1/2","RND1"
"BTK","PTPN7","RND1"
"BTK","CALM1","RND1"
"BTK","FADD","RND1"
"BTK","C9orf72","RND1"
"BTK","RET","RND1"
"BTK","SHC1","RND1"
"BTK","NTRK1","RND1"
"BTK","GPSM3","RND1"
"BTK","RELA","RND1"
"BTK","MAPKAPK5","RND1"
"BTK","MAP3K8","RND1"
"BTK","PTPRR","RND1"
"BTK","VCP","RND1"
"BTK","TMIGD2","RND1"
"BTK","CCR2","RND1"
"BTK","STIP1","RND1"
"BTK","PSTPIP1","RND1"
"BTK","ARRB2","RND1"
"BTK","TRAF3","RND1"
"BTK","CRTC2","RND1"
"BTK","CD28","RND1"
"BTK","CCNE1","RND1"
"BTK","IMPDH2","RND1"
"BTK","SET","RND1"
"BTK","PIK3CG","RND1"
"BTK","SH2B2","RND1"
"BTK","TRPV1","RND1"
"BTK","PPP1R14A","RND1"
"BTK","PIK3R6","RND1"
"BTK","MRE11","RND1"
"BTK","HDAC2","RND1"
"BTK","ROR2","RND1"
"BTK","ABI1","RND1"
"BTK","TTI1","RND1"
"BTK","LRP6","RND1"
"BTK","GRB14","RND1"
"BTK","PIK3C3","RND1"
"BTK","SPEN","RND1"
"BTK","NFKB1","RND1"
"BTK","CTDP1","RND1"
"BTK","TELO2","RND1"
"BTK","BLVRA","RND1"
"BTK","MAPKAP1","RND1"
"BTK","BAZ1B","RND1"
"BTK","PLCG2","RND1"
"BTK","RBL2","RND1"
"BTK","PPP1R14B","RND1"
"BTK","PABIR1","RND1"
"BTK","MAPK3","ITCH"
"BTK","AKT3","ITCH"
"BTK","PTEN","ITCH"
"BTK","MTOR","ITCH"
"BTK","PRKG1","ITCH"
"BTK","RPS6K","ITCH"
"BTK","CALM2","ITCH"
"BTK","ERK1/2","ITCH"
"BTK","Gbeta","ITCH"
"BTK","LCK","ITCH"
"BTK","CDK9","ITCH"
"BTK","ABL1","ITCH"
"BTK","RPS6KA5","ITCH"
"BTK","WNK1","ITCH"
"BTK","PDPK1","ITCH"
"BTK","SGK1","ITCH"
"BTK","PRKCG","ITCH"
"BTK","CyclinD/CDK4","ITCH"
"BTK","MAP3K7","ITCH"
"BTK","IKBKB","ITCH"
"BTK","DOK1","ITCH"
"BTK","MAP3K4","ITCH"
"BTK","DAPK1","ITCH"
"BTK","LEPR","ITCH"
"BTK","ITK","ITCH"
"BTK","BCL3","ITCH"
"BTK","DVL1","ITCH"
"BTK","VCPIP1","ITCH"
"BTK","SGK3","ITCH"
"BTK","PTK6","ITCH"
"BTK","IKBKE","ITCH"
"BTK","CCND1","ITCH"
"BTK","ILK","ITCH"
"BTK","STAP1","ITCH"
"BTK","TBK1","ITCH"
"BTK","SPRED1","ITCH"
"BTK","MEK1/2","ITCH"
"BTK","PTPN7","ITCH"
"BTK","FADD","ITCH"
"BTK","TLK1","ITCH"
"BTK","CDKN2A","ITCH"
"BTK","MAP4K1","ITCH"
"BTK","DDX41","ITCH"
"BTK","SHC1","ITCH"
"BTK","MAPKAPK5","ITCH"
"BTK","MAP3K8","ITCH"
"BTK","CDKN1B","ITCH"
"BTK","VCP","ITCH"
"BTK","TMIGD2","ITCH"
"BTK","CCR2","ITCH"
"BTK","STIP1","ITCH"
"BTK","PSTPIP1","ITCH"
"BTK","CD28","ITCH"
"BTK","SET","ITCH"
"BTK","TRPV1","ITCH"
"BTK","BCL10","ITCH"
"BTK","MRE11","ITCH"
"BTK","UBXN2B","ITCH"
"BTK","ROR2","ITCH"
"BTK","ABI1","ITCH"
"BTK","IFIH1","ITCH"
"BTK","RAD50","ITCH"
"BTK","LRP6","ITCH"
"BTK","GRB14","ITCH"
"BTK","HOXB7","ITCH"
"BTK","SPEN","ITCH"
"BTK","TELO2","ITCH"
"BTK","BLVRA","ITCH"
"BTK","CLSPN","ITCH"
"BTK","GRB7","ITCH"
"BTK","BAZ1B","ITCH"
"BTK","PLCG2","ITCH"
"BTK","RBL2","ITCH"
"BTK","PPP1R14B","ITCH"
"BTK","MAPK3","STAG2"
"BTK","PTEN","STAG2"
"BTK","MTOR","STAG2"
"BTK","CCP110","STAG2"
"BTK","RPS6K","STAG2"
"BTK","CALM2","STAG2"
"BTK","ERK1/2","STAG2"
"BTK","Gbeta","STAG2"
"BTK","LCK","STAG2"
"BTK","CDK9","STAG2"
"BTK","ABL1","STAG2"
"BTK","RPS6KA5","STAG2"
"BTK","WNK1","STAG2"
"BTK","PDPK1","STAG2"
"BTK","SGK1","STAG2"
"BTK","MAP2K1","STAG2"
"BTK","PRKCB","STAG2"
"BTK","PRKCZ","STAG2"
"BTK","CyclinD/CDK4","STAG2"
"BTK","MAP3K7","STAG2"
"BTK","MAP3K4","STAG2"
"BTK","PXN","STAG2"
"BTK","LEPR","STAG2"
"BTK","ITK","STAG2"
"BTK","BCL3","STAG2"
"BTK","DVL1","STAG2"
"BTK","FZR1","STAG2"
"BTK","GRB2","STAG2"
"BTK","ATR","STAG2"
"BTK","SGK3","STAG2"
"BTK","PTK6","STAG2"
"BTK","IKBKE","STAG2"
"BTK","CCND1","STAG2"
"BTK","ILK","STAG2"
"BTK","STAP1","STAG2"
"BTK","TBK1","STAG2"
"BTK","MEK1/2","STAG2"
"BTK","PTPN7","STAG2"
"BTK","FADD","STAG2"
"BTK","TLK1","STAG2"
"BTK","CDKN2A","STAG2"
"BTK","MAP4K1","STAG2"
"BTK","RET","STAG2"
"BTK","SHC1","STAG2"
"BTK","RPS6KA4","STAG2"
"BTK","GPSM3","STAG2"
"BTK","RELA","STAG2"
"BTK","MAPKAPK5","STAG2"
"BTK","EPHA2","STAG2"
"BTK","PTPRR","STAG2"
"BTK","CDKN1B","STAG2"
"BTK","TEC","STAG2"
"BTK","VCP","STAG2"
"BTK","STIP1","STAG2"
"BTK","ARRB2","STAG2"
"BTK","TRAF3","STAG2"
"BTK","CRTC2","STAG2"
"BTK","CD28","STAG2"
"BTK","INPP5D","STAG2"
"BTK","FRS2","STAG2"
"BTK","SET","STAG2"
"BTK","PIK3CG","STAG2"
"BTK","SH2B2","STAG2"
"BTK","TRPV1","STAG2"
"BTK","BCL10","STAG2"
"BTK","MRE11","STAG2"
"BTK","HDAC2","STAG2"
"BTK","KSR1","STAG2"
"BTK","DDX58","STAG2"
"BTK","UBXN2B","STAG2"
"BTK","ABI1","STAG2"
"BTK","RAD50","STAG2"
"BTK","TTI1","STAG2"
"BTK","NFKB1","STAG2"
"BTK","TELO2","STAG2"
"BTK","BAZ1B","STAG2"
"BTK","RBL2","STAG2"
"BTK","PPP1R14B","STAG2"
"BTK","PABIR1","STAG2"
"BTK","AKT2","STING1"
"BTK","PRKG1","STING1"
"BTK","Gbeta","STING1"
"BTK","WNK1","STING1"
"BTK","AKT","STING1"
"BTK","WWTR1","STING1"
"BTK","DAPK1","STING1"
"BTK","DVL1","STING1"
"BTK","VCPIP1","STING1"
"BTK","SGK3","STING1"
"BTK","SPRED1","STING1"
"BTK","FADD","STING1"
"BTK","STK38","STING1"
"BTK","TLK1","STING1"
"BTK","MAP4K1","STING1"
"BTK","RET","STING1"
"BTK","MAP3K8","STING1"
"BTK","PTPRR","STING1"
"BTK","FBLIM1","STING1"
"BTK","VCP","STING1"
"BTK","GRIP1","STING1"
"BTK","CCR2","STING1"
"BTK","PSTPIP1","STING1"
"BTK","CCNE1","STING1"
"BTK","IMPDH2","STING1"
"BTK","SH2B2","STING1"
"BTK","HDAC2","STING1"
"BTK","KSR1","STING1"
"BTK","IFIH1","STING1"
"BTK","CTDP1","STING1"
"BTK","ITK","TRIP13"
"BTK","MTOR","NKX3-1"
"BTK","PRKG1","NKX3-1"
"BTK","CCP110","NKX3-1"
"BTK","CALM2","NKX3-1"
"BTK","ERK1/2","NKX3-1"
"BTK","CDK9","NKX3-1"
"BTK","PRKCG","NKX3-1"
"BTK","CyclinD/CDK4","NKX3-1"
"BTK","MAP3K1","NKX3-1"
"BTK","IKBKB","NKX3-1"
"BTK","WWTR1","NKX3-1"
"BTK","DAPK1","NKX3-1"
"BTK","PXN","NKX3-1"
"BTK","RPS6KA3","NKX3-1"
"BTK","FZR1","NKX3-1"
"BTK","GRB2","NKX3-1"
"BTK","SGK3","NKX3-1"
"BTK","FADD","NKX3-1"
"BTK","MAP4K1","NKX3-1"
"BTK","RET","NKX3-1"
"BTK","SHC1","NKX3-1"
"BTK","NTRK1","NKX3-1"
"BTK","RELA","NKX3-1"
"BTK","EPHA2","NKX3-1"
"BTK","MAP3K8","NKX3-1"
"BTK","PTPRR","NKX3-1"
"BTK","FBLIM1","NKX3-1"
"BTK","VCP","NKX3-1"
"BTK","TMIGD2","NKX3-1"
"BTK","STIP1","NKX3-1"
"BTK","PSTPIP1","NKX3-1"
"BTK","ARRB2","NKX3-1"
"BTK","TRAF3","NKX3-1"
"BTK","CRTC2","NKX3-1"
"BTK","CCNE1","NKX3-1"
"BTK","PIK3CG","NKX3-1"
"BTK","SH2B2","NKX3-1"
"BTK","TRPV1","NKX3-1"
"BTK","BCL10","NKX3-1"
"BTK","PIK3R6","NKX3-1"
"BTK","MRE11","NKX3-1"
"BTK","HDAC2","NKX3-1"
"BTK","DDX58","NKX3-1"
"BTK","UBXN2B","NKX3-1"
"BTK","MST1R","NKX3-1"
"BTK","ROR2","NKX3-1"
"BTK","IFIH1","NKX3-1"
"BTK","TTI1","NKX3-1"
"BTK","PIK3C3","NKX3-1"
"BTK","RND1","NKX3-1"
"BTK","STING1","NKX3-1"
"BTK","SPEN","NKX3-1"
"BTK","CTDP1","NKX3-1"
"BTK","TELO2","NKX3-1"
"BTK","BLVRA","NKX3-1"
"BTK","MAPKAP1","NKX3-1"
"BTK","GRB7","NKX3-1"
"BTK","BAZ1B","NKX3-1"
"BTK","RBL2","NKX3-1"
"BTK","PPP1R14B","NKX3-1"
"BTK","MAPK3","SPEN"
"BTK","AKT3","SPEN"
"BTK","CHUK","SPEN"
"BTK","AKT2","SPEN"
"BTK","MTOR","SPEN"
"BTK","CCP110","SPEN"
"BTK","RPS6K","SPEN"
"BTK","Gbeta","SPEN"
"BTK","CDK9","SPEN"
"BTK","ABL1","SPEN"
"BTK","RPS6KA5","SPEN"
"BTK","PDPK1","SPEN"
"BTK","MAP2K1","SPEN"
"BTK","PRKCB","SPEN"
"BTK","PRKCG","SPEN"
"BTK","PRKCZ","SPEN"
"BTK","CyclinD/CDK4","SPEN"
"BTK","MAP3K1","SPEN"
"BTK","MAP3K7","SPEN"
"BTK","AKT","SPEN"
"BTK","IKBKB","SPEN"
"BTK","DOK1","SPEN"
"BTK","MAP3K4","SPEN"
"BTK","DAPK1","SPEN"
"BTK","FGG","SPEN"
"BTK","LEPR","SPEN"
"BTK","ITK","SPEN"
"BTK","BCL3","SPEN"
"BTK","FZR1","SPEN"
"BTK","GRB2","SPEN"
"BTK","VCPIP1","SPEN"
"BTK","ATR","SPEN"
"BTK","SGK3","SPEN"
"BTK","IKBKE","SPEN"
"BTK","ILK","SPEN"
"BTK","STAP1","SPEN"
"BTK","TBK1","SPEN"
"BTK","PTPN7","SPEN"
"BTK","CALM1","SPEN"
"BTK","FADD","SPEN"
"BTK","STK38","SPEN"
"BTK","TLK1","SPEN"
"BTK","C9orf72","SPEN"
"BTK","CDKN2A","SPEN"
"BTK","MAP4K1","SPEN"
"BTK","RET","SPEN"
"BTK","NTRK1","SPEN"
"BTK","EPHA2","SPEN"
"BTK","PTPRR","SPEN"
"BTK","GRIP1","SPEN"
"BTK","TMIGD2","SPEN"
"BTK","ARRB2","SPEN"
"BTK","CD28","SPEN"
"BTK","PIK3CG","SPEN"
"BTK","TRPV1","SPEN"
"BTK","PIK3R6","SPEN"
"BTK","HDAC2","SPEN"
"BTK","KSR1","SPEN"
"BTK","UBXN2B","SPEN"
"BTK","RAD50","SPEN"
"BTK","GRB14","SPEN"
"BTK","PIK3C3","SPEN"
"BTK","STING1","SPEN"
"BTK","TELO2","SPEN"
"BTK","BLVRA","SPEN"
"BTK","RBL2","SPEN"
"BTK","PABIR1","SPEN"
"BTK","MAPK3","KDM5B"
"BTK","CHUK","KDM5B"
"BTK","PTEN","KDM5B"
"BTK","PRKCQ","KDM5B"
"BTK","ERK1/2","KDM5B"
"BTK","LCK","KDM5B"
"BTK","ABL1","KDM5B"
"BTK","WNK1","KDM5B"
"BTK","PRKCZ","KDM5B"
"BTK","CyclinD/CDK4","KDM5B"
"BTK","AKT","KDM5B"
"BTK","DAPK1","KDM5B"
"BTK","FGG","KDM5B"
"BTK","BCL3","KDM5B"
"BTK","DVL1","KDM5B"
"BTK","FZR1","KDM5B"
"BTK","VCPIP1","KDM5B"
"BTK","CCND1","KDM5B"
"BTK","STAP1","KDM5B"
"BTK","TBK1","KDM5B"
"BTK","SPRED1","KDM5B"
"BTK","CALM1","KDM5B"
"BTK","C9orf72","KDM5B"
"BTK","MAP4K1","KDM5B"
"BTK","RET","KDM5B"
"BTK","SHC1","KDM5B"
"BTK","GPSM3","KDM5B"
"BTK","RELA","KDM5B"
"BTK","MAPKAPK5","KDM5B"
"BTK","EPHA2","KDM5B"
"BTK","MAP3K8","KDM5B"
"BTK","PTPRR","KDM5B"
"BTK","CDKN1B","KDM5B"
"BTK","FBLIM1","KDM5B"
"BTK","GRIP1","KDM5B"
"BTK","TMIGD2","KDM5B"
"BTK","STIP1","KDM5B"
"BTK","CCNE1","KDM5B"
"BTK","IMPDH2","KDM5B"
"BTK","PIK3CG","KDM5B"
"BTK","TRPV1","KDM5B"
"BTK","PPP1R14A","KDM5B"
"BTK","BCL10","KDM5B"
"BTK","MRE11","KDM5B"
"BTK","HDAC2","KDM5B"
"BTK","MST1R","KDM5B"
"BTK","RAD50","KDM5B"
"BTK","WDFY3","KDM5B"
"BTK","GRB14","KDM5B"
"BTK","STING1","KDM5B"
"BTK","SPEN","KDM5B"
"BTK","NFKB1","KDM5B"
"BTK","CTDP1","KDM5B"
"BTK","BLVRA","KDM5B"
"BTK","MAPKAP1","KDM5B"
"BTK","BAZ1B","KDM5B"
"BTK","RBL2","KDM5B"
"BTK","PABIR1","KDM5B"
"BTK","CHUK","NFKB1"
"BTK","MTOR","NFKB1"
"BTK","AKT1","NFKB1"
"BTK","PRKG1","NFKB1"
"BTK","CCP110","NFKB1"
"BTK","CALM2","NFKB1"
"BTK","ERK1/2","NFKB1"
"BTK","Gbeta","NFKB1"
"BTK","LCK","NFKB1"
"BTK","ABL1","NFKB1"
"BTK","WNK1","NFKB1"
"BTK","PDPK1","NFKB1"
"BTK","SGK1","NFKB1"
"BTK","MAP2K1","NFKB1"
"BTK","PRKCG","NFKB1"
"BTK","CyclinD/CDK4","NFKB1"
"BTK","MAP3K1","NFKB1"
"BTK","MAP3K7","NFKB1"
"BTK","AKT","NFKB1"
"BTK","IKBKB","NFKB1"
"BTK","WWTR1","NFKB1"
"BTK","DOK1","NFKB1"
"BTK","MAP3K4","NFKB1"
"BTK","DAPK1","NFKB1"
"BTK","PXN","NFKB1"
"BTK","FGG","NFKB1"
"BTK","LEPR","NFKB1"
"BTK","DVL1","NFKB1"
"BTK","FZR1","NFKB1"
"BTK","GRB2","NFKB1"
"BTK","ATR","NFKB1"
"BTK","SGK3","NFKB1"
"BTK","PTK6","NFKB1"
"BTK","IKBKE","NFKB1"
"BTK","ILK","NFKB1"
"BTK","SPRED1","NFKB1"
"BTK","MEK1/2","NFKB1"
"BTK","PTPN7","NFKB1"
"BTK","CALM1","NFKB1"
"BTK","FADD","NFKB1"
"BTK","STK38","NFKB1"
"BTK","TLK1","NFKB1"
"BTK","CDKN2A","NFKB1"
"BTK","MAP4K1","NFKB1"
"BTK","IKK-complex","NFKB1"
"BTK","SHC1","NFKB1"
"BTK","NTRK1","NFKB1"
"BTK","MAPKAPK5","NFKB1"
"BTK","EPHA2","NFKB1"
"BTK","MAP3K8","NFKB1"
"BTK","CDKN1B","NFKB1"
"BTK","VCP","NFKB1"
"BTK","GRIP1","NFKB1"
"BTK","CCR2","NFKB1"
"BTK","STIP1","NFKB1"
"BTK","TRAF3","NFKB1"
"BTK","FRS2","NFKB1"
"BTK","CCNE1","NFKB1"
"BTK","IMPDH2","NFKB1"
"BTK","SET","NFKB1"
"BTK","PIK3CG","NFKB1"
"BTK","SH2B2","NFKB1"
"BTK","BCL10","NFKB1"
"BTK","PIK3R6","NFKB1"
"BTK","MRE11","NFKB1"
"BTK","HDAC2","NFKB1"
"BTK","KSR1","NFKB1"
"BTK","UBXN2B","NFKB1"
"BTK","MST1R","NFKB1"
"BTK","ROR2","NFKB1"
"BTK","RAD50","NFKB1"
"BTK","TTI1","NFKB1"
"BTK","WDFY3","NFKB1"
"BTK","LRP6","NFKB1"
"BTK","RND1","NFKB1"
"BTK","CTDP1","NFKB1"
"BTK","MAPKAP1","NFKB1"
"BTK","PLCG2","NFKB1"
"BTK","RBL2","NFKB1"
"BTK","MAPK3","ARNTL"
"BTK","AKT3","ARNTL"
"BTK","CHUK","ARNTL"
"BTK","AKT1","ARNTL"
"BTK","PRKG1","ARNTL"
"BTK","RPS6K","ARNTL"
"BTK","ERK1/2","ARNTL"
"BTK","PRKCG","ARNTL"
"BTK","PRKCZ","ARNTL"
"BTK","CyclinD/CDK4","ARNTL"
"BTK","MAP3K4","ARNTL"
"BTK","PXN","ARNTL"
"BTK","FGG","ARNTL"
"BTK","BCL3","ARNTL"
"BTK","DVL1","ARNTL"
"BTK","FZR1","ARNTL"
"BTK","GRB2","ARNTL"
"BTK","SGK3","ARNTL"
"BTK","PTK6","ARNTL"
"BTK","IKBKE","ARNTL"
"BTK","CCND1","ARNTL"
"BTK","ILK","ARNTL"
"BTK","TBK1","ARNTL"
"BTK","SPRED1","ARNTL"
"BTK","MEK1/2","ARNTL"
"BTK","PTPN7","ARNTL"
"BTK","CALM1","ARNTL"
"BTK","STK38","ARNTL"
"BTK","CDKN2A","ARNTL"
"BTK","MAP4K1","ARNTL"
"BTK","IKK-complex","ARNTL"
"BTK","SHC1","ARNTL"
"BTK","RPS6KA4","ARNTL"
"BTK","GPSM3","ARNTL"
"BTK","RELA","ARNTL"
"BTK","MAPKAPK5","ARNTL"
"BTK","MAP3K8","ARNTL"
"BTK","PTPRR","ARNTL"
"BTK","TMIGD2","ARNTL"
"BTK","CCR2","ARNTL"
"BTK","ARRB2","ARNTL"
"BTK","TRAF3","ARNTL"
"BTK","CD28","ARNTL"
"BTK","SET","ARNTL"
"BTK","PIK3CG","ARNTL"
"BTK","TRPV1","ARNTL"
"BTK","PPP1R14A","ARNTL"
"BTK","BCL10","ARNTL"
"BTK","PIK3R6","ARNTL"
"BTK","HDAC2","ARNTL"
"BTK","DDX58","ARNTL"
"BTK","UBXN2B","ARNTL"
"BTK","ABI1","ARNTL"
"BTK","RAD50","ARNTL"
"BTK","GRB14","ARNTL"
"BTK","HOXB7","ARNTL"
"BTK","PIK3C3","ARNTL"
"BTK","RND1","ARNTL"
"BTK","SPEN","ARNTL"
"BTK","CTDP1","ARNTL"
"BTK","TELO2","ARNTL"
"BTK","BLVRA","ARNTL"
"BTK","GRB7","ARNTL"
"BTK","BAZ1B","ARNTL"
"BTK","PLCG2","ARNTL"
"BTK","RBL2","ARNTL"
"BTK","PPP1R14B","ARNTL"
"BTK","PABIR1","ARNTL"
"BTK","PLCG2","DNM1L"
"BTK","AKT3","SUZ12/EZH2"
"BTK","CHUK","SUZ12/EZH2"
"BTK","AKT2","SUZ12/EZH2"
"BTK","PTEN","SUZ12/EZH2"
"BTK","PRKCQ","SUZ12/EZH2"
"BTK","MTOR","SUZ12/EZH2"
"BTK","AKT1","SUZ12/EZH2"
"BTK","PRKG1","SUZ12/EZH2"
"BTK","RPS6K","SUZ12/EZH2"
"BTK","ABL1","SUZ12/EZH2"
"BTK","WNK1","SUZ12/EZH2"
"BTK","PDPK1","SUZ12/EZH2"
"BTK","SGK1","SUZ12/EZH2"
"BTK","MAP2K1","SUZ12/EZH2"
"BTK","PRKCB","SUZ12/EZH2"
"BTK","PRKCG","SUZ12/EZH2"
"BTK","CyclinD/CDK4","SUZ12/EZH2"
"BTK","MAP3K1","SUZ12/EZH2"
"BTK","MAP3K7","SUZ12/EZH2"
"BTK","IKBKB","SUZ12/EZH2"
"BTK","WWTR1","SUZ12/EZH2"
"BTK","DOK1","SUZ12/EZH2"
"BTK","MAP3K4","SUZ12/EZH2"
"BTK","RPS6KA3","SUZ12/EZH2"
"BTK","BCL3","SUZ12/EZH2"
"BTK","DVL1","SUZ12/EZH2"
"BTK","FZR1","SUZ12/EZH2"
"BTK","GRB2","SUZ12/EZH2"
"BTK","VCPIP1","SUZ12/EZH2"
"BTK","SGK3","SUZ12/EZH2"
"BTK","PTK6","SUZ12/EZH2"
"BTK","IKBKE","SUZ12/EZH2"
"BTK","CCND1","SUZ12/EZH2"
"BTK","ILK","SUZ12/EZH2"
"BTK","STAP1","SUZ12/EZH2"
"BTK","SPRED1","SUZ12/EZH2"
"BTK","FADD","SUZ12/EZH2"
"BTK","TLK1","SUZ12/EZH2"
"BTK","C9orf72","SUZ12/EZH2"
"BTK","CDKN2A","SUZ12/EZH2"
"BTK","MAP4K1","SUZ12/EZH2"
"BTK","DDX41","SUZ12/EZH2"
"BTK","RPS6KA4","SUZ12/EZH2"
"BTK","GPSM3","SUZ12/EZH2"
"BTK","EPHA2","SUZ12/EZH2"
"BTK","MAP3K8","SUZ12/EZH2"
"BTK","VCP","SUZ12/EZH2"
"BTK","STIP1","SUZ12/EZH2"
"BTK","ARRB2","SUZ12/EZH2"
"BTK","INPP5D","SUZ12/EZH2"
"BTK","FRS2","SUZ12/EZH2"
"BTK","CCNE1","SUZ12/EZH2"
"BTK","SET","SUZ12/EZH2"
"BTK","BCL10","SUZ12/EZH2"
"BTK","KSR1","SUZ12/EZH2"
"BTK","UBXN2B","SUZ12/EZH2"
"BTK","ROR2","SUZ12/EZH2"
"BTK","LRP6","SUZ12/EZH2"
"BTK","PIK3C3","SUZ12/EZH2"
"BTK","CTDP1","SUZ12/EZH2"
"BTK","MAPKAP1","SUZ12/EZH2"
"BTK","BAZ1B","SUZ12/EZH2"
"BTK","RBL2","SUZ12/EZH2"
"BTK","PPP1R14B","SUZ12/EZH2"
"BTK","MAPK3","FOS"
"BTK","AKT3","FOS"
"BTK","MTOR","FOS"
"BTK","AKT1","FOS"
"BTK","PRKG1","FOS"
"BTK","CCP110","FOS"
"BTK","ERK1/2","FOS"
"BTK","SGK1","FOS"
"BTK","MAP2K1","FOS"
"BTK","PRKCG","FOS"
"BTK","CyclinD/CDK4","FOS"
"BTK","PXN","FOS"
"BTK","RPS6KA3","FOS"
"BTK","DVL1","FOS"
"BTK","ATR","FOS"
"BTK","IKBKE","FOS"
"BTK","TBK1","FOS"
"BTK","SPRED1","FOS"
"BTK","CALM1","FOS"
"BTK","DDX41","FOS"
"BTK","IKK-complex","FOS"
"BTK","SHC1","FOS"
"BTK","RPS6KA4","FOS"
"BTK","NTRK1","FOS"
"BTK","GPSM3","FOS"
"BTK","MAP3K8","FOS"
"BTK","PTPRR","FOS"
"BTK","CDKN1B","FOS"
"BTK","FBLIM1","FOS"
"BTK","TEC","FOS"
"BTK","TMIGD2","FOS"
"BTK","CCR2","FOS"
"BTK","STIP1","FOS"
"BTK","ARRB2","FOS"
"BTK","CD28","FOS"
"BTK","FRS2","FOS"
"BTK","CCNE1","FOS"
"BTK","SH2B2","FOS"
"BTK","BCL10","FOS"
"BTK","PIK3R6","FOS"
"BTK","KSR1","FOS"
"BTK","UBXN2B","FOS"
"BTK","ROR2","FOS"
"BTK","ABI1","FOS"
"BTK","IFIH1","FOS"
"BTK","TTI1","FOS"
"BTK","WDFY3","FOS"
"BTK","HOXB7","FOS"
"BTK","PIK3C3","FOS"
"BTK","BAZ1B","FOS"
"BTK","PLCG2","FOS"
"BTK","RBL2","FOS"
"BTK","PPP1R14B","FOS"
"BTK","PABIR1","FOS"
"BTK","AKT3","CEBPA"
"BTK","AKT2","CEBPA"
"BTK","PTEN","CEBPA"
"BTK","PRKCQ","CEBPA"
"BTK","AKT1","CEBPA"
"BTK","CALM2","CEBPA"
"BTK","ERK1/2","CEBPA"
"BTK","Gbeta","CEBPA"
"BTK","LCK","CEBPA"
"BTK","CDK9","CEBPA"
"BTK","PDPK1","CEBPA"
"BTK","PRKCB","CEBPA"
"BTK","CyclinD/CDK4","CEBPA"
"BTK","MAP3K7","CEBPA"
"BTK","AKT","CEBPA"
"BTK","DOK1","CEBPA"
"BTK","FGG","CEBPA"
"BTK","ITK","CEBPA"
"BTK","RPS6KA3","CEBPA"
"BTK","BCL3","CEBPA"
"BTK","ILK","CEBPA"
"BTK","STAP1","CEBPA"
"BTK","STK38","CEBPA"
"BTK","C9orf72","CEBPA"
"BTK","DDX41","CEBPA"
"BTK","IKK-complex","CEBPA"
"BTK","RELA","CEBPA"
"BTK","MAPKAPK5","CEBPA"
"BTK","EPHA2","CEBPA"
"BTK","PTPRR","CEBPA"
"BTK","TEC","CEBPA"
"BTK","STIP1","CEBPA"
"BTK","CRTC2","CEBPA"
"BTK","CD28","CEBPA"
"BTK","INPP5D","CEBPA"
"BTK","FRS2","CEBPA"
"BTK","IMPDH2","CEBPA"
"BTK","SET","CEBPA"
"BTK","SH2B2","CEBPA"
"BTK","TRPV1","CEBPA"
"BTK","BCL10","CEBPA"
"BTK","MRE11","CEBPA"
"BTK","KSR1","CEBPA"
"BTK","WDFY3","CEBPA"
"BTK","RND1","CEBPA"
"BTK","NFKB1","CEBPA"
"BTK","BLVRA","CEBPA"
"BTK","CLSPN","CEBPA"
"BTK","MAPKAP1","CEBPA"
"BTK","PLCG2","CEBPA"
"BTK","RBL2","CEBPA"
"BTK","MAPK3","CTDP1"
"BTK","AKT3","CTDP1"
"BTK","PTEN","CTDP1"
"BTK","CCP110","CTDP1"
"BTK","RPS6K","CTDP1"
"BTK","LCK","CTDP1"
"BTK","CDK9","CTDP1"
"BTK","ABL1","CTDP1"
"BTK","PDPK1","CTDP1"
"BTK","SGK1","CTDP1"
"BTK","PRKCG","CTDP1"
"BTK","MAP3K7","CTDP1"
"BTK","AKT","CTDP1"
"BTK","IKBKB","CTDP1"
"BTK","WWTR1","CTDP1"
"BTK","LEPR","CTDP1"
"BTK","RPS6KA3","CTDP1"
"BTK","DVL1","CTDP1"
"BTK","FZR1","CTDP1"
"BTK","VCPIP1","CTDP1"
"BTK","IKBKE","CTDP1"
"BTK","STAP1","CTDP1"
"BTK","SPRED1","CTDP1"
"BTK","MEK1/2","CTDP1"
"BTK","PTPN7","CTDP1"
"BTK","TLK1","CTDP1"
"BTK","MAP4K1","CTDP1"
"BTK","DDX41","CTDP1"
"BTK","SHC1","CTDP1"
"BTK","NTRK1","CTDP1"
"BTK","GPSM3","CTDP1"
"BTK","RELA","CTDP1"
"BTK","MAPKAPK5","CTDP1"
"BTK","MAP3K8","CTDP1"
"BTK","TEC","CTDP1"
"BTK","VCP","CTDP1"
"BTK","PSTPIP1","CTDP1"
"BTK","CD28","CTDP1"
"BTK","FRS2","CTDP1"
"BTK","IMPDH2","CTDP1"
"BTK","PIK3CG","CTDP1"
"BTK","TRPV1","CTDP1"
"BTK","BCL10","CTDP1"
"BTK","PIK3R6","CTDP1"
"BTK","MRE11","CTDP1"
"BTK","KSR1","CTDP1"
"BTK","ABI1","CTDP1"
"BTK","RAD50","CTDP1"
"BTK","TTI1","CTDP1"
"BTK","PIK3C3","CTDP1"
"BTK","NFKB1","CTDP1"
"BTK","BLVRA","CTDP1"
"BTK","BAZ1B","CTDP1"
"BTK","RBL2","CTDP1"
"BTK","PPP1R14B","CTDP1"
"BTK","MAPK3","KCNQ3"
"BTK","PRKCQ","KCNQ3"
"BTK","AKT1","KCNQ3"
"BTK","CCP110","KCNQ3"
"BTK","CALM2","KCNQ3"
"BTK","ERK1/2","KCNQ3"
"BTK","CDK9","KCNQ3"
"BTK","WNK1","KCNQ3"
"BTK","PDPK1","KCNQ3"
"BTK","MAP2K1","KCNQ3"
"BTK","MAP3K1","KCNQ3"
"BTK","WWTR1","KCNQ3"
"BTK","MAP3K4","KCNQ3"
"BTK","PXN","KCNQ3"
"BTK","RPS6KA3","KCNQ3"
"BTK","VCPIP1","KCNQ3"
"BTK","SGK3","KCNQ3"
"BTK","PTK6","KCNQ3"
"BTK","IKBKE","KCNQ3"
"BTK","CCND1","KCNQ3"
"BTK","ILK","KCNQ3"
"BTK","STAP1","KCNQ3"
"BTK","STK38","KCNQ3"
"BTK","TLK1","KCNQ3"
"BTK","C9orf72","KCNQ3"
"BTK","MAP4K1","KCNQ3"
"BTK","DDX41","KCNQ3"
"BTK","RELA","KCNQ3"
"BTK","MAP3K8","KCNQ3"
"BTK","TEC","KCNQ3"
"BTK","VCP","KCNQ3"
"BTK","GRIP1","KCNQ3"
"BTK","PSTPIP1","KCNQ3"
"BTK","CRTC2","KCNQ3"
"BTK","CD28","KCNQ3"
"BTK","CCNE1","KCNQ3"
"BTK","PIK3CG","KCNQ3"
"BTK","TRPV1","KCNQ3"
"BTK","MRE11","KCNQ3"
"BTK","HDAC2","KCNQ3"
"BTK","KSR1","KCNQ3"
"BTK","DDX58","KCNQ3"
"BTK","UBXN2B","KCNQ3"
"BTK","IFIH1","KCNQ3"
"BTK","RAD50","KCNQ3"
"BTK","TTI1","KCNQ3"
"BTK","WDFY3","KCNQ3"
"BTK","GRB14","KCNQ3"
"BTK","HOXB7","KCNQ3"
"BTK","PIK3C3","KCNQ3"
"BTK","RND1","KCNQ3"
"BTK","STING1","KCNQ3"
"BTK","NFKB1","KCNQ3"
"BTK","MAPKAP1","KCNQ3"
"BTK","GRB7","KCNQ3"
"BTK","PLCG2","KCNQ3"
"BTK","RBL2","KCNQ3"
"BTK","CHUK","KDM5A"
"BTK","AKT2","KDM5A"
"BTK","PTEN","KDM5A"
"BTK","PRKCQ","KDM5A"
"BTK","PRKG1","KDM5A"
"BTK","CCP110","KDM5A"
"BTK","RPS6K","KDM5A"
"BTK","CALM2","KDM5A"
"BTK","ERK1/2","KDM5A"
"BTK","Gbeta","KDM5A"
"BTK","ABL1","KDM5A"
"BTK","WNK1","KDM5A"
"BTK","PRKCB","KDM5A"
"BTK","PRKCG","KDM5A"
"BTK","PRKCZ","KDM5A"
"BTK","MAP3K1","KDM5A"
"BTK","DOK1","KDM5A"
"BTK","MAP3K4","KDM5A"
"BTK","DAPK1","KDM5A"
"BTK","LEPR","KDM5A"
"BTK","ITK","KDM5A"
"BTK","VCPIP1","KDM5A"
"BTK","ATR","KDM5A"
"BTK","SGK3","KDM5A"
"BTK","IKBKE","KDM5A"
"BTK","STAP1","KDM5A"
"BTK","PTPN7","KDM5A"
"BTK","CALM1","KDM5A"
"BTK","C9orf72","KDM5A"
"BTK","CDKN2A","KDM5A"
"BTK","DDX41","KDM5A"
"BTK","IKK-complex","KDM5A"
"BTK","MAP3K8","KDM5A"
"BTK","TMIGD2","KDM5A"
"BTK","CCR2","KDM5A"
"BTK","STIP1","KDM5A"
"BTK","CD28","KDM5A"
"BTK","INPP5D","KDM5A"
"BTK","CCNE1","KDM5A"
"BTK","SH2B2","KDM5A"
"BTK","PPP1R14A","KDM5A"
"BTK","MRE11","KDM5A"
"BTK","MST1R","KDM5A"
"BTK","RAD50","KDM5A"
"BTK","WDFY3","KDM5A"
"BTK","GRB14","KDM5A"
"BTK","RND1","KDM5A"
"BTK","STING1","KDM5A"
"BTK","CLSPN","KDM5A"
"BTK","MAPKAP1","KDM5A"
"BTK","GRB7","KDM5A"
"BTK","BAZ1B","KDM5A"
"BTK","PLCG2","KDM5A"
"BTK","PPP1R14B","KDM5A"
"BTK","PABIR1","KDM5A"
"BTK","CHUK","ICOS"
"BTK","AKT1","ICOS"
"BTK","PRKG1","ICOS"
"BTK","MAP2K1","ICOS"
"BTK","PRKCB","ICOS"
"BTK","CyclinD/CDK4","ICOS"
"BTK","MAP3K1","ICOS"
"BTK","AKT","ICOS"
"BTK","MAP3K4","ICOS"
"BTK","LEPR","ICOS"
"BTK","FZR1","ICOS"
"BTK","GRB2","ICOS"
"BTK","PTK6","ICOS"
"BTK","CCND1","ICOS"
"BTK","SPRED1","ICOS"
"BTK","FADD","ICOS"
"BTK","STK38","ICOS"
"BTK","TLK1","ICOS"
"BTK","C9orf72","ICOS"
"BTK","CDKN2A","ICOS"
"BTK","RET","ICOS"
"BTK","IKK-complex","ICOS"
"BTK","SHC1","ICOS"
"BTK","RELA","ICOS"
"BTK","MAPKAPK5","ICOS"
"BTK","EPHA2","ICOS"
"BTK","FBLIM1","ICOS"
"BTK","TEC","ICOS"
"BTK","VCP","ICOS"
"BTK","STIP1","ICOS"
"BTK","PSTPIP1","ICOS"
"BTK","ARRB2","ICOS"
"BTK","CRTC2","ICOS"
"BTK","CCNE1","ICOS"
"BTK","IMPDH2","ICOS"
"BTK","SET","ICOS"
"BTK","PIK3CG","ICOS"
"BTK","TRPV1","ICOS"
"BTK","PPP1R14A","ICOS"
"BTK","BCL10","ICOS"
"BTK","PIK3R6","ICOS"
"BTK","DDX58","ICOS"
"BTK","UBXN2B","ICOS"
"BTK","MST1R","ICOS"
"BTK","ROR2","ICOS"
"BTK","ABI1","ICOS"
"BTK","IFIH1","ICOS"
"BTK","RAD50","ICOS"
"BTK","LRP6","ICOS"
"BTK","GRB14","ICOS"
"BTK","HOXB7","ICOS"
"BTK","RND1","ICOS"
"BTK","SPEN","ICOS"
"BTK","NFKB1","ICOS"
"BTK","TELO2","ICOS"
"BTK","CLSPN","ICOS"
"BTK","MAPKAP1","ICOS"
"BTK","GRB7","ICOS"
"BTK","RBL2","ICOS"
"BTK","MAPK3","AD/b2 integrin"
"BTK","AKT3","AD/b2 integrin"
"BTK","CHUK","AD/b2 integrin"
"BTK","PTEN","AD/b2 integrin"
"BTK","PRKCQ","AD/b2 integrin"
"BTK","RPS6K","AD/b2 integrin"
"BTK","Gbeta","AD/b2 integrin"
"BTK","CDK9","AD/b2 integrin"
"BTK","WNK1","AD/b2 integrin"
"BTK","PDPK1","AD/b2 integrin"
"BTK","MAP2K1","AD/b2 integrin"
"BTK","PRKCG","AD/b2 integrin"
"BTK","PRKCZ","AD/b2 integrin"
"BTK","AKT","AD/b2 integrin"
"BTK","IKBKB","AD/b2 integrin"
"BTK","DOK1","AD/b2 integrin"
"BTK","DAPK1","AD/b2 integrin"
"BTK","PXN","AD/b2 integrin"
"BTK","BCL3","AD/b2 integrin"
"BTK","DVL1","AD/b2 integrin"
"BTK","VCPIP1","AD/b2 integrin"
"BTK","PTK6","AD/b2 integrin"
"BTK","STAP1","AD/b2 integrin"
"BTK","TBK1","AD/b2 integrin"
"BTK","SPRED1","AD/b2 integrin"
"BTK","FADD","AD/b2 integrin"
"BTK","STK38","AD/b2 integrin"
"BTK","TLK1","AD/b2 integrin"
"BTK","CDKN2A","AD/b2 integrin"
"BTK","DDX41","AD/b2 integrin"
"BTK","IKK-complex","AD/b2 integrin"
"BTK","SHC1","AD/b2 integrin"
"BTK","NTRK1","AD/b2 integrin"
"BTK","RELA","AD/b2 integrin"
"BTK","MAP3K8","AD/b2 integrin"
"BTK","PTPRR","AD/b2 integrin"
"BTK","TEC","AD/b2 integrin"
"BTK","VCP","AD/b2 integrin"
"BTK","STIP1","AD/b2 integrin"
"BTK","PSTPIP1","AD/b2 integrin"
"BTK","ARRB2","AD/b2 integrin"
"BTK","CRTC2","AD/b2 integrin"
"BTK","CD28","AD/b2 integrin"
"BTK","FRS2","AD/b2 integrin"
"BTK","PIK3CG","AD/b2 integrin"
"BTK","SH2B2","AD/b2 integrin"
"BTK","BCL10","AD/b2 integrin"
"BTK","KSR1","AD/b2 integrin"
"BTK","MST1R","AD/b2 integrin"
"BTK","ROR2","AD/b2 integrin"
"BTK","ABI1","AD/b2 integrin"
"BTK","STING1","AD/b2 integrin"
"BTK","SPEN","AD/b2 integrin"
"BTK","CLSPN","AD/b2 integrin"
"BTK","MAPKAP1","AD/b2 integrin"
"BTK","GRB7","AD/b2 integrin"
"BTK","BAZ1B","AD/b2 integrin"
"BTK","PLCG2","AD/b2 integrin"
"BTK","RBL2","AD/b2 integrin"
"BTK","PPP1R14B","AD/b2 integrin"
"BTK","PABIR1","AD/b2 integrin"
"BTK","AKT3","WASL"
"BTK","CHUK","WASL"
"BTK","AKT2","WASL"
"BTK","PRKCQ","WASL"
"BTK","AKT1","WASL"
"BTK","PRKG1","WASL"
"BTK","CCP110","WASL"
"BTK","Gbeta","WASL"
"BTK","LCK","WASL"
"BTK","RPS6KA5","WASL"
"BTK","PDPK1","WASL"
"BTK","SGK1","WASL"
"BTK","MAP2K1","WASL"
"BTK","PRKCB","WASL"
"BTK","PRKCZ","WASL"
"BTK","CyclinD/CDK4","WASL"
"BTK","MAP3K1","WASL"
"BTK","MAP3K7","WASL"
"BTK","AKT","WASL"
"BTK","IKBKB","WASL"
"BTK","WWTR1","WASL"
"BTK","MAP3K4","WASL"
"BTK","DAPK1","WASL"
"BTK","PXN","WASL"
"BTK","FGG","WASL"
"BTK","LEPR","WASL"
"BTK","RPS6KA3","WASL"
"BTK","FZR1","WASL"
"BTK","ATR","WASL"
"BTK","PTK6","WASL"
"BTK","CCND1","WASL"
"BTK","STAP1","WASL"
"BTK","TBK1","WASL"
"BTK","SPRED1","WASL"
"BTK","MEK1/2","WASL"
"BTK","PTPN7","WASL"
"BTK","CALM1","WASL"
"BTK","FADD","WASL"
"BTK","STK38","WASL"
"BTK","MAP4K1","WASL"
"BTK","DDX41","WASL"
"BTK","SHC1","WASL"
"BTK","RPS6KA4","WASL"
"BTK","MAPKAPK5","WASL"
"BTK","EPHA2","WASL"
"BTK","MAP3K8","WASL"
"BTK","PTPRR","WASL"
"BTK","CDKN1B","WASL"
"BTK","TEC","WASL"
"BTK","VCP","WASL"
"BTK","GRIP1","WASL"
"BTK","TMIGD2","WASL"
"BTK","CCR2","WASL"
"BTK","TRAF3","WASL"
"BTK","CRTC2","WASL"
"BTK","CD28","WASL"
"BTK","INPP5D","WASL"
"BTK","FRS2","WASL"
"BTK","CCNE1","WASL"
"BTK","IMPDH2","WASL"
"BTK","SET","WASL"
"BTK","SH2B2","WASL"
"BTK","TRPV1","WASL"
"BTK","BCL10","WASL"
"BTK","MRE11","WASL"
"BTK","HDAC2","WASL"
"BTK","KSR1","WASL"
"BTK","DDX58","WASL"
"BTK","UBXN2B","WASL"
"BTK","ROR2","WASL"
"BTK","ABI1","WASL"
"BTK","TTI1","WASL"
"BTK","WDFY3","WASL"
"BTK","LRP6","WASL"
"BTK","GRB14","WASL"
"BTK","HOXB7","WASL"
"BTK","PIK3C3","WASL"
"BTK","SPEN","WASL"
"BTK","CTDP1","WASL"
"BTK","BAZ1B","WASL"
"BTK","PLCG2","WASL"
"BTK","PPP1R14B","WASL"
"BTK","AKT3","USO1"
"BTK","AKT2","USO1"
"BTK","PRKCQ","USO1"
"BTK","PRKG1","USO1"
"BTK","ERK1/2","USO1"
"BTK","LCK","USO1"
"BTK","ABL1","USO1"
"BTK","WNK1","USO1"
"BTK","PDPK1","USO1"
"BTK","MAP2K1","USO1"
"BTK","PRKCB","USO1"
"BTK","PRKCG","USO1"
"BTK","PRKCZ","USO1"
"BTK","CyclinD/CDK4","USO1"
"BTK","MAP3K1","USO1"
"BTK","MAP3K7","USO1"
"BTK","WWTR1","USO1"
"BTK","DOK1","USO1"
"BTK","PXN","USO1"
"BTK","ITK","USO1"
"BTK","RPS6KA3","USO1"
"BTK","DVL1","USO1"
"BTK","FZR1","USO1"
"BTK","GRB2","USO1"
"BTK","VCPIP1","USO1"
"BTK","ATR","USO1"
"BTK","SGK3","USO1"
"BTK","PTK6","USO1"
"BTK","CCND1","USO1"
"BTK","ILK","USO1"
"BTK","STAP1","USO1"
"BTK","TBK1","USO1"
"BTK","STK38","USO1"
"BTK","C9orf72","USO1"
"BTK","RET","USO1"
"BTK","RPS6KA4","USO1"
"BTK","RELA","USO1"
"BTK","EPHA2","USO1"
"BTK","MAP3K8","USO1"
"BTK","VCP","USO1"
"BTK","STIP1","USO1"
"BTK","PSTPIP1","USO1"
"BTK","ARRB2","USO1"
"BTK","CRTC2","USO1"
"BTK","CD28","USO1"
"BTK","IMPDH2","USO1"
"BTK","TRPV1","USO1"
"BTK","PPP1R14A","USO1"
"BTK","BCL10","USO1"
"BTK","MRE11","USO1"
"BTK","HDAC2","USO1"
"BTK","KSR1","USO1"
"BTK","DDX58","USO1"
"BTK","UBXN2B","USO1"
"BTK","ROR2","USO1"
"BTK","RAD50","USO1"
"BTK","WDFY3","USO1"
"BTK","HOXB7","USO1"
"BTK","PIK3C3","USO1"
"BTK","CTDP1","USO1"
"BTK","MAPKAP1","USO1"
"BTK","PABIR1","USO1"
"BTK","ITK","VAV2"
"BTK","AKT3","NOTCH2"
"BTK","CHUK","NOTCH2"
"BTK","AKT2","NOTCH2"
"BTK","PRKCQ","NOTCH2"
"BTK","MTOR","NOTCH2"
"BTK","PRKG1","NOTCH2"
"BTK","CCP110","NOTCH2"
"BTK","RPS6K","NOTCH2"
"BTK","ERK1/2","NOTCH2"
"BTK","CDK9","NOTCH2"
"BTK","RPS6KA5","NOTCH2"
"BTK","WNK1","NOTCH2"
"BTK","SGK1","NOTCH2"
"BTK","MAP2K1","NOTCH2"
"BTK","PRKCG","NOTCH2"
"BTK","AKT","NOTCH2"
"BTK","WWTR1","NOTCH2"
"BTK","MAP3K4","NOTCH2"
"BTK","PXN","NOTCH2"
"BTK","LEPR","NOTCH2"
"BTK","ATR","NOTCH2"
"BTK","IKBKE","NOTCH2"
"BTK","CCND1","NOTCH2"
"BTK","MEK1/2","NOTCH2"
"BTK","PTPN7","NOTCH2"
"BTK","TLK1","NOTCH2"
"BTK","SHC1","NOTCH2"
"BTK","GPSM3","NOTCH2"
"BTK","EPHA2","NOTCH2"
"BTK","CDKN1B","NOTCH2"
"BTK","FBLIM1","NOTCH2"
"BTK","VCP","NOTCH2"
"BTK","TMIGD2","NOTCH2"
"BTK","TRAF3","NOTCH2"
"BTK","CD28","NOTCH2"
"BTK","INPP5D","NOTCH2"
"BTK","CCNE1","NOTCH2"
"BTK","TRPV1","NOTCH2"
"BTK","PIK3R6","NOTCH2"
"BTK","KSR1","NOTCH2"
"BTK","ROR2","NOTCH2"
"BTK","RAD50","NOTCH2"
"BTK","WDFY3","NOTCH2"
"BTK","LRP6","NOTCH2"
"BTK","HOXB7","NOTCH2"
"BTK","PIK3C3","NOTCH2"
"BTK","STING1","NOTCH2"
"BTK","SPEN","NOTCH2"
"BTK","CLSPN","NOTCH2"
"BTK","GRB7","NOTCH2"
"BTK","BAZ1B","NOTCH2"
"BTK","RBL2","NOTCH2"
"BTK","PPP1R14B","NOTCH2"
"BTK","PABIR1","NOTCH2"
"BTK","AKT3","ARNT"
"BTK","ABL1","ARNT"
"BTK","PDPK1","ARNT"
"BTK","PRKCG","ARNT"
"BTK","PRKCZ","ARNT"
"BTK","CyclinD/CDK4","ARNT"
"BTK","IKBKB","ARNT"
"BTK","DOK1","ARNT"
"BTK","FGG","ARNT"
"BTK","LEPR","ARNT"
"BTK","RPS6KA3","ARNT"
"BTK","DVL1","ARNT"
"BTK","GRB2","ARNT"
"BTK","ATR","ARNT"
"BTK","ILK","ARNT"
"BTK","STAP1","ARNT"
"BTK","TBK1","ARNT"
"BTK","SPRED1","ARNT"
"BTK","C9orf72","ARNT"
"BTK","CDKN2A","ARNT"
"BTK","MAP4K1","ARNT"
"BTK","RET","ARNT"
"BTK","DDX41","ARNT"
"BTK","SHC1","ARNT"
"BTK","MAPKAPK5","ARNT"
"BTK","EPHA2","ARNT"
"BTK","MAP3K8","ARNT"
"BTK","TEC","ARNT"
"BTK","VCP","ARNT"
"BTK","TMIGD2","ARNT"
"BTK","CRTC2","ARNT"
"BTK","CD28","ARNT"
"BTK","INPP5D","ARNT"
"BTK","PIK3CG","ARNT"
"BTK","PPP1R14A","ARNT"
"BTK","BCL10","ARNT"
"BTK","PIK3R6","ARNT"
"BTK","KSR1","ARNT"
"BTK","DDX58","ARNT"
"BTK","MST1R","ARNT"
"BTK","ABI1","ARNT"
"BTK","IFIH1","ARNT"
"BTK","RAD50","ARNT"
"BTK","WDFY3","ARNT"
"BTK","GRB14","ARNT"
"BTK","STING1","ARNT"
"BTK","SPEN","ARNT"
"BTK","NFKB1","ARNT"
"BTK","TELO2","ARNT"
"BTK","MAPKAP1","ARNT"
"BTK","GRB7","ARNT"
"BTK","PPP1R14B","ARNT"
"BTK","PABIR1","ARNT"
"BTK","MAPK3","ATF6"
"BTK","AKT3","ATF6"
"BTK","PTEN","ATF6"
"BTK","PRKCQ","ATF6"
"BTK","AKT1","ATF6"
"BTK","PRKG1","ATF6"
"BTK","CCP110","ATF6"
"BTK","RPS6K","ATF6"
"BTK","ERK1/2","ATF6"
"BTK","CDK9","ATF6"
"BTK","ABL1","ATF6"
"BTK","RPS6KA5","ATF6"
"BTK","WNK1","ATF6"
"BTK","PDPK1","ATF6"
"BTK","SGK1","ATF6"
"BTK","MAP2K1","ATF6"
"BTK","PRKCB","ATF6"
"BTK","PRKCZ","ATF6"
"BTK","CyclinD/CDK4","ATF6"
"BTK","MAP3K7","ATF6"
"BTK","WWTR1","ATF6"
"BTK","FGG","ATF6"
"BTK","ITK","ATF6"
"BTK","DVL1","ATF6"
"BTK","FZR1","ATF6"
"BTK","VCPIP1","ATF6"
"BTK","ATR","ATF6"
"BTK","SGK3","ATF6"
"BTK","PTK6","ATF6"
"BTK","IKBKE","ATF6"
"BTK","ILK","ATF6"
"BTK","TBK1","ATF6"
"BTK","PTPN7","ATF6"
"BTK","CALM1","ATF6"
"BTK","STK38","ATF6"
"BTK","C9orf72","ATF6"
"BTK","MAP4K1","ATF6"
"BTK","DDX41","ATF6"
"BTK","IKK-complex","ATF6"
"BTK","NTRK1","ATF6"
"BTK","MAPKAPK5","ATF6"
"BTK","EPHA2","ATF6"
"BTK","MAP3K8","ATF6"
"BTK","PTPRR","ATF6"
"BTK","FBLIM1","ATF6"
"BTK","TEC","ATF6"
"BTK","GRIP1","ATF6"
"BTK","TMIGD2","ATF6"
"BTK","CCR2","ATF6"
"BTK","STIP1","ATF6"
"BTK","PSTPIP1","ATF6"
"BTK","TRAF3","ATF6"
"BTK","CRTC2","ATF6"
"BTK","CCNE1","ATF6"
"BTK","SET","ATF6"
"BTK","SH2B2","ATF6"
"BTK","PPP1R14A","ATF6"
"BTK","PIK3R6","ATF6"
"BTK","HDAC2","ATF6"
"BTK","UBXN2B","ATF6"
"BTK","MST1R","ATF6"
"BTK","IFIH1","ATF6"
"BTK","RAD50","ATF6"
"BTK","RND1","ATF6"
"BTK","STING1","ATF6"
"BTK","SPEN","ATF6"
"BTK","CLSPN","ATF6"
"BTK","PLCG2","ATF6"
"BTK","PPP1R14B","ATF6"
"BTK","AKT2","FKBP4"
"BTK","PTEN","FKBP4"
"BTK","RPS6K","FKBP4"
"BTK","CALM2","FKBP4"
"BTK","LCK","FKBP4"
"BTK","RPS6KA5","FKBP4"
"BTK","PRKCG","FKBP4"
"BTK","PRKCZ","FKBP4"
"BTK","MAP3K1","FKBP4"
"BTK","DOK1","FKBP4"
"BTK","FGG","FKBP4"
"BTK","ITK","FKBP4"
"BTK","BCL3","FKBP4"
"BTK","FZR1","FKBP4"
"BTK","GRB2","FKBP4"
"BTK","VCPIP1","FKBP4"
"BTK","ILK","FKBP4"
"BTK","STAP1","FKBP4"
"BTK","TBK1","FKBP4"
"BTK","SPRED1","FKBP4"
"BTK","PTPN7","FKBP4"
"BTK","CALM1","FKBP4"
"BTK","CDKN2A","FKBP4"
"BTK","MAP4K1","FKBP4"
"BTK","DDX41","FKBP4"
"BTK","SHC1","FKBP4"
"BTK","CDKN1B","FKBP4"
"BTK","TMIGD2","FKBP4"
"BTK","CCR2","FKBP4"
"BTK","STIP1","FKBP4"
"BTK","CRTC2","FKBP4"
"BTK","FRS2","FKBP4"
"BTK","PIK3CG","FKBP4"
"BTK","BCL10","FKBP4"
"BTK","PIK3R6","FKBP4"
"BTK","MRE11","FKBP4"
"BTK","UBXN2B","FKBP4"
"BTK","ABI1","FKBP4"
"BTK","RAD50","FKBP4"
"BTK","WDFY3","FKBP4"
"BTK","GRB14","FKBP4"
"BTK","NFKB1","FKBP4"
"BTK","BLVRA","FKBP4"
"BTK","MAPK3","TP53BP1"
"BTK","AKT3","TP53BP1"
"BTK","CHUK","TP53BP1"
"BTK","AKT2","TP53BP1"
"BTK","PRKCQ","TP53BP1"
"BTK","AKT1","TP53BP1"
"BTK","PRKG1","TP53BP1"
"BTK","RPS6K","TP53BP1"
"BTK","CALM2","TP53BP1"
"BTK","CDK9","TP53BP1"
"BTK","RPS6KA5","TP53BP1"
"BTK","PRKCG","TP53BP1"
"BTK","CyclinD/CDK4","TP53BP1"
"BTK","MAP3K7","TP53BP1"
"BTK","WWTR1","TP53BP1"
"BTK","MAP3K4","TP53BP1"
"BTK","DAPK1","TP53BP1"
"BTK","ITK","TP53BP1"
"BTK","RPS6KA3","TP53BP1"
"BTK","FZR1","TP53BP1"
"BTK","GRB2","TP53BP1"
"BTK","ATR","TP53BP1"
"BTK","SGK3","TP53BP1"
"BTK","IKBKE","TP53BP1"
"BTK","ILK","TP53BP1"
"BTK","STAP1","TP53BP1"
"BTK","CALM1","TP53BP1"
"BTK","TLK1","TP53BP1"
"BTK","IKK-complex","TP53BP1"
"BTK","GPSM3","TP53BP1"
"BTK","RELA","TP53BP1"
"BTK","EPHA2","TP53BP1"
"BTK","MAP3K8","TP53BP1"
"BTK","CDKN1B","TP53BP1"
"BTK","TEC","TP53BP1"
"BTK","GRIP1","TP53BP1"
"BTK","CCR2","TP53BP1"
"BTK","PSTPIP1","TP53BP1"
"BTK","CRTC2","TP53BP1"
"BTK","CD28","TP53BP1"
"BTK","INPP5D","TP53BP1"
"BTK","FRS2","TP53BP1"
"BTK","CCNE1","TP53BP1"
"BTK","SET","TP53BP1"
"BTK","PIK3CG","TP53BP1"
"BTK","SH2B2","TP53BP1"
"BTK","TRPV1","TP53BP1"
"BTK","BCL10","TP53BP1"
"BTK","PIK3R6","TP53BP1"
"BTK","MRE11","TP53BP1"
"BTK","HDAC2","TP53BP1"
"BTK","UBXN2B","TP53BP1"
"BTK","MST1R","TP53BP1"
"BTK","ROR2","TP53BP1"
"BTK","ABI1","TP53BP1"
"BTK","IFIH1","TP53BP1"
"BTK","WDFY3","TP53BP1"
"BTK","LRP6","TP53BP1"
"BTK","GRB14","TP53BP1"
"BTK","HOXB7","TP53BP1"
"BTK","PIK3C3","TP53BP1"
"BTK","NFKB1","TP53BP1"
"BTK","PPP1R14B","TP53BP1"
"BTK","PABIR1","TP53BP1"
"BTK","MAPK3","TARBP2"
"BTK","CHUK","TARBP2"
"BTK","PTEN","TARBP2"
"BTK","PRKCQ","TARBP2"
"BTK","PRKG1","TARBP2"
"BTK","RPS6K","TARBP2"
"BTK","Gbeta","TARBP2"
"BTK","LCK","TARBP2"
"BTK","CDK9","TARBP2"
"BTK","ABL1","TARBP2"
"BTK","SGK1","TARBP2"
"BTK","PRKCB","TARBP2"
"BTK","CyclinD/CDK4","TARBP2"
"BTK","AKT","TARBP2"
"BTK","IKBKB","TARBP2"
"BTK","WWTR1","TARBP2"
"BTK","DOK1","TARBP2"
"BTK","MAP3K4","TARBP2"
"BTK","DAPK1","TARBP2"
"BTK","ITK","TARBP2"
"BTK","RPS6KA3","TARBP2"
"BTK","BCL3","TARBP2"
"BTK","DVL1","TARBP2"
"BTK","GRB2","TARBP2"
"BTK","VCPIP1","TARBP2"
"BTK","ATR","TARBP2"
"BTK","IKBKE","TARBP2"
"BTK","CCND1","TARBP2"
"BTK","TBK1","TARBP2"
"BTK","MEK1/2","TARBP2"
"BTK","CALM1","TARBP2"
"BTK","FADD","TARBP2"
"BTK","TLK1","TARBP2"
"BTK","MAP4K1","TARBP2"
"BTK","RET","TARBP2"
"BTK","SHC1","TARBP2"
"BTK","RPS6KA4","TARBP2"
"BTK","RELA","TARBP2"
"BTK","MAP3K8","TARBP2"
"BTK","PTPRR","TARBP2"
"BTK","CDKN1B","TARBP2"
"BTK","TRAF3","TARBP2"
"BTK","CD28","TARBP2"
"BTK","INPP5D","TARBP2"
"BTK","FRS2","TARBP2"
"BTK","CCNE1","TARBP2"
"BTK","IMPDH2","TARBP2"
"BTK","PIK3CG","TARBP2"
"BTK","TRPV1","TARBP2"
"BTK","PPP1R14A","TARBP2"
"BTK","KSR1","TARBP2"
"BTK","DDX58","TARBP2"
"BTK","MST1R","TARBP2"
"BTK","ABI1","TARBP2"
"BTK","IFIH1","TARBP2"
"BTK","WDFY3","TARBP2"
"BTK","GRB14","TARBP2"
"BTK","PIK3C3","TARBP2"
"BTK","RND1","TARBP2"
"BTK","STING1","TARBP2"
"BTK","SPEN","TARBP2"
"BTK","CTDP1","TARBP2"
"BTK","CLSPN","TARBP2"
"BTK","MAPKAP1","TARBP2"
"BTK","GRB7","TARBP2"
"BTK","BAZ1B","TARBP2"
"BTK","PLCG2","TARBP2"
"BTK","RBL2","TARBP2"
"BTK","PPP1R14B","TARBP2"
"BTK","AKT3","NFKB2"
"BTK","CHUK","NFKB2"
"BTK","AKT2","NFKB2"
"BTK","MTOR","NFKB2"
"BTK","AKT1","NFKB2"
"BTK","RPS6K","NFKB2"
"BTK","ERK1/2","NFKB2"
"BTK","ABL1","NFKB2"
"BTK","RPS6KA5","NFKB2"
"BTK","SGK1","NFKB2"
"BTK","MAP2K1","NFKB2"
"BTK","PRKCB","NFKB2"
"BTK","PRKCG","NFKB2"
"BTK","PRKCZ","NFKB2"
"BTK","CyclinD/CDK4","NFKB2"
"BTK","MAP3K1","NFKB2"
"BTK","MAP3K7","NFKB2"
"BTK","AKT","NFKB2"
"BTK","WWTR1","NFKB2"
"BTK","DOK1","NFKB2"
"BTK","MAP3K4","NFKB2"
"BTK","DAPK1","NFKB2"
"BTK","PXN","NFKB2"
"BTK","FGG","NFKB2"
"BTK","LEPR","NFKB2"
"BTK","BCL3","NFKB2"
"BTK","GRB2","NFKB2"
"BTK","VCPIP1","NFKB2"
"BTK","ATR","NFKB2"
"BTK","SGK3","NFKB2"
"BTK","IKBKE","NFKB2"
"BTK","CCND1","NFKB2"
"BTK","ILK","NFKB2"
"BTK","STAP1","NFKB2"
"BTK","TBK1","NFKB2"
"BTK","MEK1/2","NFKB2"
"BTK","FADD","NFKB2"
"BTK","C9orf72","NFKB2"
"BTK","CDKN2A","NFKB2"
"BTK","MAP4K1","NFKB2"
"BTK","NTRK1","NFKB2"
"BTK","GPSM3","NFKB2"
"BTK","RELA","NFKB2"
"BTK","MAPKAPK5","NFKB2"
"BTK","MAP3K8","NFKB2"
"BTK","FBLIM1","NFKB2"
"BTK","VCP","NFKB2"
"BTK","STIP1","NFKB2"
"BTK","FRS2","NFKB2"
"BTK","IMPDH2","NFKB2"
"BTK","SET","NFKB2"
"BTK","TRPV1","NFKB2"
"BTK","HDAC2","NFKB2"
"BTK","MST1R","NFKB2"
"BTK","ROR2","NFKB2"
"BTK","TTI1","NFKB2"
"BTK","WDFY3","NFKB2"
"BTK","HOXB7","NFKB2"
"BTK","RND1","NFKB2"
"BTK","SPEN","NFKB2"
"BTK","BLVRA","NFKB2"
"BTK","PLCG2","NFKB2"
"BTK","RBL2","NFKB2"
"BTK","PABIR1","NFKB2"
"BTK","MAPK3","TELO2"
"BTK","CHUK","TELO2"
"BTK","AKT2","TELO2"
"BTK","PTEN","TELO2"
"BTK","AKT1","TELO2"
"BTK","CCP110","TELO2"
"BTK","CALM2","TELO2"
"BTK","ABL1","TELO2"
"BTK","RPS6KA5","TELO2"
"BTK","PDPK1","TELO2"
"BTK","SGK1","TELO2"
"BTK","PRKCB","TELO2"
"BTK","PRKCZ","TELO2"
"BTK","FGG","TELO2"
"BTK","RPS6KA3","TELO2"
"BTK","BCL3","TELO2"
"BTK","FZR1","TELO2"
"BTK","VCPIP1","TELO2"
"BTK","STAP1","TELO2"
"BTK","SPRED1","TELO2"
"BTK","TLK1","TELO2"
"BTK","PTPRR","TELO2"
"BTK","VCP","TELO2"
"BTK","TRAF3","TELO2"
"BTK","CRTC2","TELO2"
"BTK","IMPDH2","TELO2"
"BTK","PIK3CG","TELO2"
"BTK","TRPV1","TELO2"
"BTK","MRE11","TELO2"
"BTK","HDAC2","TELO2"
"BTK","DDX58","TELO2"
"BTK","MST1R","TELO2"
"BTK","ROR2","TELO2"
"BTK","ABI1","TELO2"
"BTK","TTI1","TELO2"
"BTK","WDFY3","TELO2"
"BTK","NFKB1","TELO2"
"BTK","CTDP1","TELO2"
"BTK","RBL2","TELO2"
"BTK","PPP1R14B","TELO2"
"BTK","CHUK","BLVRA"
"BTK","PRKCQ","BLVRA"
"BTK","CCP110","BLVRA"
"BTK","RPS6K","BLVRA"
"BTK","CALM2","BLVRA"
"BTK","ERK1/2","BLVRA"
"BTK","LCK","BLVRA"
"BTK","CDK9","BLVRA"
"BTK","WNK1","BLVRA"
"BTK","SGK1","BLVRA"
"BTK","PRKCG","BLVRA"
"BTK","PRKCZ","BLVRA"
"BTK","CyclinD/CDK4","BLVRA"
"BTK","DAPK1","BLVRA"
"BTK","FGG","BLVRA"
"BTK","ITK","BLVRA"
"BTK","DVL1","BLVRA"
"BTK","ATR","BLVRA"
"BTK","CCND1","BLVRA"
"BTK","MEK1/2","BLVRA"
"BTK","FADD","BLVRA"
"BTK","STK38","BLVRA"
"BTK","C9orf72","BLVRA"
"BTK","RET","BLVRA"
"BTK","DDX41","BLVRA"
"BTK","IKK-complex","BLVRA"
"BTK","SHC1","BLVRA"
"BTK","RPS6KA4","BLVRA"
"BTK","GPSM3","BLVRA"
"BTK","RELA","BLVRA"
"BTK","EPHA2","BLVRA"
"BTK","PTPRR","BLVRA"
"BTK","CDKN1B","BLVRA"
"BTK","FBLIM1","BLVRA"
"BTK","VCP","BLVRA"
"BTK","GRIP1","BLVRA"
"BTK","TMIGD2","BLVRA"
"BTK","CCR2","BLVRA"
"BTK","TRAF3","BLVRA"
"BTK","CRTC2","BLVRA"
"BTK","CD28","BLVRA"
"BTK","CCNE1","BLVRA"
"BTK","IMPDH2","BLVRA"
"BTK","SET","BLVRA"
"BTK","PIK3R6","BLVRA"
"BTK","MRE11","BLVRA"
"BTK","HDAC2","BLVRA"
"BTK","KSR1","BLVRA"
"BTK","DDX58","BLVRA"
"BTK","UBXN2B","BLVRA"
"BTK","ABI1","BLVRA"
"BTK","IFIH1","BLVRA"
"BTK","TTI1","BLVRA"
"BTK","LRP6","BLVRA"
"BTK","GRB14","BLVRA"
"BTK","SPEN","BLVRA"
"BTK","MAPKAP1","BLVRA"
"BTK","BAZ1B","BLVRA"
"BTK","PPP1R14B","BLVRA"
"BTK","AKT3","ICOSLG"
"BTK","CHUK","ICOSLG"
"BTK","AKT2","ICOSLG"
"BTK","PTEN","ICOSLG"
"BTK","PRKCQ","ICOSLG"
"BTK","MTOR","ICOSLG"
"BTK","AKT1","ICOSLG"
"BTK","CCP110","ICOSLG"
"BTK","RPS6K","ICOSLG"
"BTK","ABL1","ICOSLG"
"BTK","WNK1","ICOSLG"
"BTK","PDPK1","ICOSLG"
"BTK","SGK1","ICOSLG"
"BTK","MAP2K1","ICOSLG"
"BTK","PRKCB","ICOSLG"
"BTK","CyclinD/CDK4","ICOSLG"
"BTK","MAP3K1","ICOSLG"
"BTK","WWTR1","ICOSLG"
"BTK","DOK1","ICOSLG"
"BTK","DAPK1","ICOSLG"
"BTK","FGG","ICOSLG"
"BTK","LEPR","ICOSLG"
"BTK","RPS6KA3","ICOSLG"
"BTK","ILK","ICOSLG"
"BTK","FADD","ICOSLG"
"BTK","C9orf72","ICOSLG"
"BTK","DDX41","ICOSLG"
"BTK","NTRK1","ICOSLG"
"BTK","GPSM3","ICOSLG"
"BTK","EPHA2","ICOSLG"
"BTK","MAP3K8","ICOSLG"
"BTK","PTPRR","ICOSLG"
"BTK","CDKN1B","ICOSLG"
"BTK","FBLIM1","ICOSLG"
"BTK","VCP","ICOSLG"
"BTK","TMIGD2","ICOSLG"
"BTK","PSTPIP1","ICOSLG"
"BTK","ARRB2","ICOSLG"
"BTK","TRAF3","ICOSLG"
"BTK","CD28","ICOSLG"
"BTK","FRS2","ICOSLG"
"BTK","CCNE1","ICOSLG"
"BTK","IMPDH2","ICOSLG"
"BTK","SET","ICOSLG"
"BTK","PIK3CG","ICOSLG"
"BTK","TRPV1","ICOSLG"
"BTK","RAD50","ICOSLG"
"BTK","RND1","ICOSLG"
"BTK","STING1","ICOSLG"
"BTK","SPEN","ICOSLG"
"BTK","TELO2","ICOSLG"
"BTK","BLVRA","ICOSLG"
"BTK","GRB7","ICOSLG"
"BTK","RBL2","ICOSLG"
"BTK","CHUK","CLSPN"
"BTK","PRKCQ","CLSPN"
"BTK","MTOR","CLSPN"
"BTK","RPS6K","CLSPN"
"BTK","CALM2","CLSPN"
"BTK","Gbeta","CLSPN"
"BTK","CDK9","CLSPN"
"BTK","PDPK1","CLSPN"
"BTK","SGK1","CLSPN"
"BTK","MAP2K1","CLSPN"
"BTK","CyclinD/CDK4","CLSPN"
"BTK","MAP3K7","CLSPN"
"BTK","DAPK1","CLSPN"
"BTK","LEPR","CLSPN"
"BTK","BCL3","CLSPN"
"BTK","DVL1","CLSPN"
"BTK","FZR1","CLSPN"
"BTK","GRB2","CLSPN"
"BTK","PTK6","CLSPN"
"BTK","ILK","CLSPN"
"BTK","STAP1","CLSPN"
"BTK","SPRED1","CLSPN"
"BTK","MEK1/2","CLSPN"
"BTK","PTPN7","CLSPN"
"BTK","TLK1","CLSPN"
"BTK","CDKN2A","CLSPN"
"BTK","MAP4K1","CLSPN"
"BTK","RET","CLSPN"
"BTK","DDX41","CLSPN"
"BTK","IKK-complex","CLSPN"
"BTK","SHC1","CLSPN"
"BTK","GPSM3","CLSPN"
"BTK","CDKN1B","CLSPN"
"BTK","VCP","CLSPN"
"BTK","GRIP1","CLSPN"
"BTK","CCNE1","CLSPN"
"BTK","IMPDH2","CLSPN"
"BTK","PIK3CG","CLSPN"
"BTK","TRPV1","CLSPN"
"BTK","DDX58","CLSPN"
"BTK","UBXN2B","CLSPN"
"BTK","IFIH1","CLSPN"
"BTK","TTI1","CLSPN"
"BTK","LRP6","CLSPN"
"BTK","GRB14","CLSPN"
"BTK","HOXB7","CLSPN"
"BTK","CTDP1","CLSPN"
"BTK","MAPKAP1","CLSPN"
"BTK","BAZ1B","CLSPN"
"BTK","MAPK3","MAPKAP1"
"BTK","AKT3","MAPKAP1"
"BTK","CHUK","MAPKAP1"
"BTK","RPS6K","MAPKAP1"
"BTK","LCK","MAPKAP1"
"BTK","ABL1","MAPKAP1"
"BTK","WNK1","MAPKAP1"
"BTK","PRKCZ","MAPKAP1"
"BTK","CyclinD/CDK4","MAPKAP1"
"BTK","MAP3K7","MAPKAP1"
"BTK","MAP3K4","MAPKAP1"
"BTK","LEPR","MAPKAP1"
"BTK","RPS6KA3","MAPKAP1"
"BTK","FZR1","MAPKAP1"
"BTK","VCPIP1","MAPKAP1"
"BTK","ATR","MAPKAP1"
"BTK","ILK","MAPKAP1"
"BTK","STAP1","MAPKAP1"
"BTK","TBK1","MAPKAP1"
"BTK","SPRED1","MAPKAP1"
"BTK","CALM1","MAPKAP1"
"BTK","FADD","MAPKAP1"
"BTK","DDX41","MAPKAP1"
"BTK","IKK-complex","MAPKAP1"
"BTK","RPS6KA4","MAPKAP1"
"BTK","GPSM3","MAPKAP1"
"BTK","VCP","MAPKAP1"
"BTK","STIP1","MAPKAP1"
"BTK","ARRB2","MAPKAP1"
"BTK","FRS2","MAPKAP1"
"BTK","IMPDH2","MAPKAP1"
"BTK","TRPV1","MAPKAP1"
"BTK","PPP1R14A","MAPKAP1"
"BTK","MRE11","MAPKAP1"
"BTK","DDX58","MAPKAP1"
"BTK","ABI1","MAPKAP1"
"BTK","IFIH1","MAPKAP1"
"BTK","RAD50","MAPKAP1"
"BTK","TTI1","MAPKAP1"
"BTK","LRP6","MAPKAP1"
"BTK","GRB14","MAPKAP1"
"BTK","HOXB7","MAPKAP1"
"BTK","PIK3C3","MAPKAP1"
"BTK","RND1","MAPKAP1"
"BTK","SPEN","MAPKAP1"
"BTK","CTDP1","MAPKAP1"
"BTK","CLSPN","MAPKAP1"
"BTK","BAZ1B","MAPKAP1"
"BTK","RBL2","MAPKAP1"
"BTK","PABIR1","MAPKAP1"
"BTK","AKT3","CASP8"
"BTK","CHUK","CASP8"
"BTK","AKT2","CASP8"
"BTK","PTEN","CASP8"
"BTK","PRKCQ","CASP8"
"BTK","MTOR","CASP8"
"BTK","AKT1","CASP8"
"BTK","PRKG1","CASP8"
"BTK","CCP110","CASP8"
"BTK","ERK1/2","CASP8"
"BTK","LCK","CASP8"
"BTK","ABL1","CASP8"
"BTK","RPS6KA5","CASP8"
"BTK","MAP2K1","CASP8"
"BTK","PRKCB","CASP8"
"BTK","PRKCG","CASP8"
"BTK","PRKCZ","CASP8"
"BTK","CyclinD/CDK4","CASP8"
"BTK","MAP3K7","CASP8"
"BTK","AKT","CASP8"
"BTK","IKBKB","CASP8"
"BTK","WWTR1","CASP8"
"BTK","DOK1","CASP8"
"BTK","FGG","CASP8"
"BTK","LEPR","CASP8"
"BTK","ITK","CASP8"
"BTK","RPS6KA3","CASP8"
"BTK","BCL3","CASP8"
"BTK","DVL1","CASP8"
"BTK","FZR1","CASP8"
"BTK","GRB2","CASP8"
"BTK","ATR","CASP8"
"BTK","SGK3","CASP8"
"BTK","IKBKE","CASP8"
"BTK","ILK","CASP8"
"BTK","SPRED1","CASP8"
"BTK","PTPN7","CASP8"
"BTK","FADD","CASP8"
"BTK","TLK1","CASP8"
"BTK","DDX41","CASP8"
"BTK","IKK-complex","CASP8"
"BTK","RPS6KA4","CASP8"
"BTK","NTRK1","CASP8"
"BTK","RELA","CASP8"
"BTK","VCP","CASP8"
"BTK","GRIP1","CASP8"
"BTK","TMIGD2","CASP8"
"BTK","CCR2","CASP8"
"BTK","PSTPIP1","CASP8"
"BTK","TRAF3","CASP8"
"BTK","CRTC2","CASP8"
"BTK","MRE11","CASP8"
"BTK","MST1R","CASP8"
"BTK","ROR2","CASP8"
"BTK","IFIH1","CASP8"
"BTK","TTI1","CASP8"
"BTK","WDFY3","CASP8"
"BTK","PIK3C3","CASP8"
"BTK","NFKB1","CASP8"
"BTK","BLVRA","CASP8"
"BTK","CLSPN","CASP8"
"BTK","MAPKAP1","CASP8"
"BTK","AKT3","EIF4EBP1"
"BTK","CHUK","EIF4EBP1"
"BTK","PTEN","EIF4EBP1"
"BTK","ERK1/2","EIF4EBP1"
"BTK","CDK9","EIF4EBP1"
"BTK","RPS6KA5","EIF4EBP1"
"BTK","PDPK1","EIF4EBP1"
"BTK","SGK1","EIF4EBP1"
"BTK","MAP2K1","EIF4EBP1"
"BTK","PRKCB","EIF4EBP1"
"BTK","PRKCZ","EIF4EBP1"
"BTK","CyclinD/CDK4","EIF4EBP1"
"BTK","MAP3K1","EIF4EBP1"
"BTK","MAP3K7","EIF4EBP1"
"BTK","AKT","EIF4EBP1"
"BTK","WWTR1","EIF4EBP1"
"BTK","PXN","EIF4EBP1"
"BTK","FGG","EIF4EBP1"
"BTK","LEPR","EIF4EBP1"
"BTK","BCL3","EIF4EBP1"
"BTK","VCPIP1","EIF4EBP1"
"BTK","SGK3","EIF4EBP1"
"BTK","ILK","EIF4EBP1"
"BTK","STAP1","EIF4EBP1"
"BTK","TBK1","EIF4EBP1"
"BTK","MEK1/2","EIF4EBP1"
"BTK","TLK1","EIF4EBP1"
"BTK","RET","EIF4EBP1"
"BTK","IKK-complex","EIF4EBP1"
"BTK","RPS6KA4","EIF4EBP1"
"BTK","MAP3K8","EIF4EBP1"
"BTK","FBLIM1","EIF4EBP1"
"BTK","CCR2","EIF4EBP1"
"BTK","TRAF3","EIF4EBP1"
"BTK","CD28","EIF4EBP1"
"BTK","FRS2","EIF4EBP1"
"BTK","CCNE1","EIF4EBP1"
"BTK","SET","EIF4EBP1"
"BTK","PIK3R6","EIF4EBP1"
"BTK","MRE11","EIF4EBP1"
"BTK","HDAC2","EIF4EBP1"
"BTK","KSR1","EIF4EBP1"
"BTK","MST1R","EIF4EBP1"
"BTK","ROR2","EIF4EBP1"
"BTK","GRB14","EIF4EBP1"
"BTK","HOXB7","EIF4EBP1"
"BTK","RND1","EIF4EBP1"
"BTK","SPEN","EIF4EBP1"
"BTK","PLCG2","EIF4EBP1"
"BTK","MAPK3","KCNQ2"
"BTK","CHUK","KCNQ2"
"BTK","CCP110","KCNQ2"
"BTK","LCK","KCNQ2"
"BTK","RPS6KA5","KCNQ2"
"BTK","PRKCZ","KCNQ2"
"BTK","CyclinD/CDK4","KCNQ2"
"BTK","MAP3K1","KCNQ2"
"BTK","MAP3K7","KCNQ2"
"BTK","AKT","KCNQ2"
"BTK","IKBKB","KCNQ2"
"BTK","WWTR1","KCNQ2"
"BTK","DOK1","KCNQ2"
"BTK","MAP3K4","KCNQ2"
"BTK","DAPK1","KCNQ2"
"BTK","FGG","KCNQ2"
"BTK","LEPR","KCNQ2"
"BTK","RPS6KA3","KCNQ2"
"BTK","BCL3","KCNQ2"
"BTK","GRB2","KCNQ2"
"BTK","ATR","KCNQ2"
"BTK","SGK3","KCNQ2"
"BTK","PTK6","KCNQ2"
"BTK","IKBKE","KCNQ2"
"BTK","CCND1","KCNQ2"
"BTK","ILK","KCNQ2"
"BTK","TBK1","KCNQ2"
"BTK","SPRED1","KCNQ2"
"BTK","MEK1/2","KCNQ2"
"BTK","PTPN7","KCNQ2"
"BTK","CALM1","KCNQ2"
"BTK","STK38","KCNQ2"
"BTK","C9orf72","KCNQ2"
"BTK","CDKN2A","KCNQ2"
"BTK","DDX41","KCNQ2"
"BTK","RELA","KCNQ2"
"BTK","MAPKAPK5","KCNQ2"
"BTK","EPHA2","KCNQ2"
"BTK","MAP3K8","KCNQ2"
"BTK","CDKN1B","KCNQ2"
"BTK","FBLIM1","KCNQ2"
"BTK","GRIP1","KCNQ2"
"BTK","CCR2","KCNQ2"
"BTK","STIP1","KCNQ2"
"BTK","PSTPIP1","KCNQ2"
"BTK","CD28","KCNQ2"
"BTK","INPP5D","KCNQ2"
"BTK","FRS2","KCNQ2"
"BTK","CCNE1","KCNQ2"
"BTK","SH2B2","KCNQ2"
"BTK","TRPV1","KCNQ2"
"BTK","PIK3R6","KCNQ2"
"BTK","DDX58","KCNQ2"
"BTK","MST1R","KCNQ2"
"BTK","ROR2","KCNQ2"
"BTK","ABI1","KCNQ2"
"BTK","RAD50","KCNQ2"
"BTK","TTI1","KCNQ2"
"BTK","WDFY3","KCNQ2"
"BTK","LRP6","KCNQ2"
"BTK","HOXB7","KCNQ2"
"BTK","RND1","KCNQ2"
"BTK","STING1","KCNQ2"
"BTK","SPEN","KCNQ2"
"BTK","NFKB1","KCNQ2"
"BTK","CTDP1","KCNQ2"
"BTK","TELO2","KCNQ2"
"BTK","BLVRA","KCNQ2"
"BTK","CLSPN","KCNQ2"
"BTK","PLCG2","KCNQ2"
"BTK","RBL2","KCNQ2"
"BTK","CHUK","MKNK2"
"BTK","PTEN","MKNK2"
"BTK","AKT1","MKNK2"
"BTK","PRKG1","MKNK2"
"BTK","CCP110","MKNK2"
"BTK","RPS6K","MKNK2"
"BTK","CALM2","MKNK2"
"BTK","ERK1/2","MKNK2"
"BTK","CDK9","MKNK2"
"BTK","ABL1","MKNK2"
"BTK","RPS6KA5","MKNK2"
"BTK","PDPK1","MKNK2"
"BTK","PRKCB","MKNK2"
"BTK","PRKCG","MKNK2"
"BTK","CyclinD/CDK4","MKNK2"
"BTK","MAP3K1","MKNK2"
"BTK","MAP3K7","MKNK2"
"BTK","AKT","MKNK2"
"BTK","IKBKB","MKNK2"
"BTK","BCL3","MKNK2"
"BTK","DVL1","MKNK2"
"BTK","FZR1","MKNK2"
"BTK","IKBKE","MKNK2"
"BTK","ILK","MKNK2"
"BTK","STAP1","MKNK2"
"BTK","PTPN7","MKNK2"
"BTK","STK38","MKNK2"
"BTK","TLK1","MKNK2"
"BTK","C9orf72","MKNK2"
"BTK","DDX41","MKNK2"
"BTK","SHC1","MKNK2"
"BTK","RPS6KA4","MKNK2"
"BTK","NTRK1","MKNK2"
"BTK","RELA","MKNK2"
"BTK","EPHA2","MKNK2"
"BTK","CDKN1B","MKNK2"
"BTK","FBLIM1","MKNK2"
"BTK","TEC","MKNK2"
"BTK","GRIP1","MKNK2"
"BTK","CCR2","MKNK2"
"BTK","STIP1","MKNK2"
"BTK","ARRB2","MKNK2"
"BTK","TRAF3","MKNK2"
"BTK","CD28","MKNK2"
"BTK","INPP5D","MKNK2"
"BTK","PIK3R6","MKNK2"
"BTK","HDAC2","MKNK2"
"BTK","IFIH1","MKNK2"
"BTK","GRB14","MKNK2"
"BTK","HOXB7","MKNK2"
"BTK","RND1","MKNK2"
"BTK","STING1","MKNK2"
"BTK","SPEN","MKNK2"
"BTK","CTDP1","MKNK2"
"BTK","TELO2","MKNK2"
"BTK","GRB7","MKNK2"
"BTK","RBL2","MKNK2"
"BTK","PPP1R14B","MKNK2"
"BTK","AKT3","FMNL2"
"BTK","CHUK","FMNL2"
"BTK","PTEN","FMNL2"
"BTK","MTOR","FMNL2"
"BTK","AKT1","FMNL2"
"BTK","PRKG1","FMNL2"
"BTK","CALM2","FMNL2"
"BTK","ERK1/2","FMNL2"
"BTK","CDK9","FMNL2"
"BTK","ABL1","FMNL2"
"BTK","RPS6KA5","FMNL2"
"BTK","WNK1","FMNL2"
"BTK","PDPK1","FMNL2"
"BTK","MAP2K1","FMNL2"
"BTK","PRKCB","FMNL2"
"BTK","PRKCG","FMNL2"
"BTK","PRKCZ","FMNL2"
"BTK","CyclinD/CDK4","FMNL2"
"BTK","MAP3K1","FMNL2"
"BTK","AKT","FMNL2"
"BTK","IKBKB","FMNL2"
"BTK","WWTR1","FMNL2"
"BTK","DOK1","FMNL2"
"BTK","RPS6KA3","FMNL2"
"BTK","DVL1","FMNL2"
"BTK","GRB2","FMNL2"
"BTK","ATR","FMNL2"
"BTK","SGK3","FMNL2"
"BTK","PTK6","FMNL2"
"BTK","IKBKE","FMNL2"
"BTK","STAP1","FMNL2"
"BTK","TBK1","FMNL2"
"BTK","MEK1/2","FMNL2"
"BTK","CALM1","FMNL2"
"BTK","STK38","FMNL2"
"BTK","C9orf72","FMNL2"
"BTK","CDKN2A","FMNL2"
"BTK","MAP4K1","FMNL2"
"BTK","RET","FMNL2"
"BTK","NTRK1","FMNL2"
"BTK","GPSM3","FMNL2"
"BTK","MAPKAPK5","FMNL2"
"BTK","EPHA2","FMNL2"
"BTK","MAP3K8","FMNL2"
"BTK","PTPRR","FMNL2"
"BTK","CDKN1B","FMNL2"
"BTK","FBLIM1","FMNL2"
"BTK","VCP","FMNL2"
"BTK","GRIP1","FMNL2"
"BTK","TMIGD2","FMNL2"
"BTK","PSTPIP1","FMNL2"
"BTK","ARRB2","FMNL2"
"BTK","CRTC2","FMNL2"
"BTK","INPP5D","FMNL2"
"BTK","FRS2","FMNL2"
"BTK","CCNE1","FMNL2"
"BTK","SET","FMNL2"
"BTK","PIK3CG","FMNL2"
"BTK","PPP1R14A","FMNL2"
"BTK","MRE11","FMNL2"
"BTK","HDAC2","FMNL2"
"BTK","KSR1","FMNL2"
"BTK","DDX58","FMNL2"
"BTK","UBXN2B","FMNL2"
"BTK","MST1R","FMNL2"
"BTK","IFIH1","FMNL2"
"BTK","RAD50","FMNL2"
"BTK","WDFY3","FMNL2"
"BTK","LRP6","FMNL2"
"BTK","GRB14","FMNL2"
"BTK","HOXB7","FMNL2"
"BTK","RND1","FMNL2"
"BTK","STING1","FMNL2"
"BTK","SPEN","FMNL2"
"BTK","NFKB1","FMNL2"
"BTK","TELO2","FMNL2"
"BTK","BLVRA","FMNL2"
"BTK","MAPKAP1","FMNL2"
"BTK","GRB7","FMNL2"
"BTK","BAZ1B","FMNL2"
"BTK","PLCG2","FMNL2"
"BTK","RBL2","FMNL2"
"BTK","PABIR1","FMNL2"
"BTK","MAPK3","GRB7"
"BTK","AKT3","GRB7"
"BTK","CHUK","GRB7"
"BTK","PTEN","GRB7"
"BTK","AKT1","GRB7"
"BTK","RPS6K","GRB7"
"BTK","CALM2","GRB7"
"BTK","ERK1/2","GRB7"
"BTK","CDK9","GRB7"
"BTK","ABL1","GRB7"
"BTK","RPS6KA5","GRB7"
"BTK","WNK1","GRB7"
"BTK","PDPK1","GRB7"
"BTK","MAP2K1","GRB7"
"BTK","PRKCG","GRB7"
"BTK","PRKCZ","GRB7"
"BTK","MAP3K1","GRB7"
"BTK","AKT","GRB7"
"BTK","IKBKB","GRB7"
"BTK","DOK1","GRB7"
"BTK","MAP3K4","GRB7"
"BTK","DAPK1","GRB7"
"BTK","PXN","GRB7"
"BTK","LEPR","GRB7"
"BTK","RPS6KA3","GRB7"
"BTK","BCL3","GRB7"
"BTK","ATR","GRB7"
"BTK","SGK3","GRB7"
"BTK","PTK6","GRB7"
"BTK","IKBKE","GRB7"
"BTK","CCND1","GRB7"
"BTK","STAP1","GRB7"
"BTK","TBK1","GRB7"
"BTK","SPRED1","GRB7"
"BTK","PTPN7","GRB7"
"BTK","FADD","GRB7"
"BTK","STK38","GRB7"
"BTK","MAP4K1","GRB7"
"BTK","RET","GRB7"
"BTK","DDX41","GRB7"
"BTK","RPS6KA4","GRB7"
"BTK","NTRK1","GRB7"
"BTK","GPSM3","GRB7"
"BTK","MAP3K8","GRB7"
"BTK","CDKN1B","GRB7"
"BTK","VCP","GRB7"
"BTK","TMIGD2","GRB7"
"BTK","CCR2","GRB7"
"BTK","STIP1","GRB7"
"BTK","PSTPIP1","GRB7"
"BTK","ARRB2","GRB7"
"BTK","TRAF3","GRB7"
"BTK","CRTC2","GRB7"
"BTK","INPP5D","GRB7"
"BTK","SET","GRB7"
"BTK","PIK3CG","GRB7"
"BTK","SH2B2","GRB7"
"BTK","TRPV1","GRB7"
"BTK","PPP1R14A","GRB7"
"BTK","HDAC2","GRB7"
"BTK","KSR1","GRB7"
"BTK","DDX58","GRB7"
"BTK","MST1R","GRB7"
"BTK","ROR2","GRB7"
"BTK","ABI1","GRB7"
"BTK","IFIH1","GRB7"
"BTK","RAD50","GRB7"
"BTK","TTI1","GRB7"
"BTK","WDFY3","GRB7"
"BTK","STING1","GRB7"
"BTK","NFKB1","GRB7"
"BTK","BLVRA","GRB7"
"BTK","MAPKAP1","GRB7"
"BTK","BAZ1B","GRB7"
"BTK","PLCG2","GRB7"
"BTK","RBL2","GRB7"
"BTK","MAPK3","SFPQ"
"BTK","AKT3","SFPQ"
"BTK","CHUK","SFPQ"
"BTK","MTOR","SFPQ"
"BTK","AKT1","SFPQ"
"BTK","PRKG1","SFPQ"
"BTK","CCP110","SFPQ"
"BTK","RPS6K","SFPQ"
"BTK","CALM2","SFPQ"
"BTK","CDK9","SFPQ"
"BTK","RPS6KA5","SFPQ"
"BTK","PRKCB","SFPQ"
"BTK","PRKCG","SFPQ"
"BTK","PRKCZ","SFPQ"
"BTK","CyclinD/CDK4","SFPQ"
"BTK","MAP3K7","SFPQ"
"BTK","AKT","SFPQ"
"BTK","IKBKB","SFPQ"
"BTK","WWTR1","SFPQ"
"BTK","DOK1","SFPQ"
"BTK","MAP3K4","SFPQ"
"BTK","DAPK1","SFPQ"
"BTK","PXN","SFPQ"
"BTK","LEPR","SFPQ"
"BTK","DVL1","SFPQ"
"BTK","FZR1","SFPQ"
"BTK","VCPIP1","SFPQ"
"BTK","ATR","SFPQ"
"BTK","SGK3","SFPQ"
"BTK","ILK","SFPQ"
"BTK","STAP1","SFPQ"
"BTK","SPRED1","SFPQ"
"BTK","PTPN7","SFPQ"
"BTK","STK38","SFPQ"
"BTK","DDX41","SFPQ"
"BTK","IKK-complex","SFPQ"
"BTK","SHC1","SFPQ"
"BTK","RPS6KA4","SFPQ"
"BTK","GPSM3","SFPQ"
"BTK","RELA","SFPQ"
"BTK","MAPKAPK5","SFPQ"
"BTK","MAP3K8","SFPQ"
"BTK","PTPRR","SFPQ"
"BTK","FBLIM1","SFPQ"
"BTK","TEC","SFPQ"
"BTK","TMIGD2","SFPQ"
"BTK","CCR2","SFPQ"
"BTK","STIP1","SFPQ"
"BTK","TRAF3","SFPQ"
"BTK","CRTC2","SFPQ"
"BTK","CD28","SFPQ"
"BTK","IMPDH2","SFPQ"
"BTK","PIK3CG","SFPQ"
"BTK","SH2B2","SFPQ"
"BTK","PPP1R14A","SFPQ"
"BTK","PIK3R6","SFPQ"
"BTK","DDX58","SFPQ"
"BTK","UBXN2B","SFPQ"
"BTK","MST1R","SFPQ"
"BTK","ROR2","SFPQ"
"BTK","IFIH1","SFPQ"
"BTK","RAD50","SFPQ"
"BTK","GRB14","SFPQ"
"BTK","RND1","SFPQ"
"BTK","SPEN","SFPQ"
"BTK","CTDP1","SFPQ"
"BTK","CLSPN","SFPQ"
"BTK","GRB7","SFPQ"
"BTK","BAZ1B","SFPQ"
"BTK","PLCG2","SFPQ"
"BTK","RBL2","SFPQ"
"BTK","PPP1R14B","SFPQ"
"BTK","PABIR1","SFPQ"
"BTK","MAPK3","ATAD5"
"BTK","CHUK","ATAD5"
"BTK","AKT2","ATAD5"
"BTK","PTEN","ATAD5"
"BTK","PRKCQ","ATAD5"
"BTK","MTOR","ATAD5"
"BTK","AKT1","ATAD5"
"BTK","PRKG1","ATAD5"
"BTK","CCP110","ATAD5"
"BTK","Gbeta","ATAD5"
"BTK","LCK","ATAD5"
"BTK","CDK9","ATAD5"
"BTK","ABL1","ATAD5"
"BTK","RPS6KA5","ATAD5"
"BTK","SGK1","ATAD5"
"BTK","MAP2K1","ATAD5"
"BTK","PRKCZ","ATAD5"
"BTK","MAP3K7","ATAD5"
"BTK","AKT","ATAD5"
"BTK","IKBKB","ATAD5"
"BTK","WWTR1","ATAD5"
"BTK","PXN","ATAD5"
"BTK","ITK","ATAD5"
"BTK","RPS6KA3","ATAD5"
"BTK","DVL1","ATAD5"
"BTK","VCPIP1","ATAD5"
"BTK","SGK3","ATAD5"
"BTK","PTK6","ATAD5"
"BTK","IKBKE","ATAD5"
"BTK","ILK","ATAD5"
"BTK","STAP1","ATAD5"
"BTK","MEK1/2","ATAD5"
"BTK","PTPN7","ATAD5"
"BTK","FADD","ATAD5"
"BTK","DDX41","ATAD5"
"BTK","SHC1","ATAD5"
"BTK","RPS6KA4","ATAD5"
"BTK","NTRK1","ATAD5"
"BTK","GPSM3","ATAD5"
"BTK","RELA","ATAD5"
"BTK","EPHA2","ATAD5"
"BTK","PTPRR","ATAD5"
"BTK","CDKN1B","ATAD5"
"BTK","FBLIM1","ATAD5"
"BTK","VCP","ATAD5"
"BTK","STIP1","ATAD5"
"BTK","PSTPIP1","ATAD5"
"BTK","ARRB2","ATAD5"
"BTK","TRAF3","ATAD5"
"BTK","CRTC2","ATAD5"
"BTK","CCNE1","ATAD5"
"BTK","PIK3CG","ATAD5"
"BTK","PPP1R14A","ATAD5"
"BTK","PIK3R6","ATAD5"
"BTK","MRE11","ATAD5"
"BTK","DDX58","ATAD5"
"BTK","ROR2","ATAD5"
"BTK","ABI1","ATAD5"
"BTK","IFIH1","ATAD5"
"BTK","TTI1","ATAD5"
"BTK","WDFY3","ATAD5"
"BTK","HOXB7","ATAD5"
"BTK","PIK3C3","ATAD5"
"BTK","RND1","ATAD5"
"BTK","STING1","ATAD5"
"BTK","SPEN","ATAD5"
"BTK","NFKB1","ATAD5"
"BTK","BLVRA","ATAD5"
"BTK","CLSPN","ATAD5"
"BTK","GRB7","ATAD5"
"BTK","BAZ1B","ATAD5"
"BTK","PPP1R14B","ATAD5"
"BTK","MAPK3","PSMA7"
"BTK","AKT3","PSMA7"
"BTK","PRKCQ","PSMA7"
"BTK","PRKG1","PSMA7"
"BTK","CCP110","PSMA7"
"BTK","CALM2","PSMA7"
"BTK","ERK1/2","PSMA7"
"BTK","LCK","PSMA7"
"BTK","WNK1","PSMA7"
"BTK","PDPK1","PSMA7"
"BTK","PRKCB","PSMA7"
"BTK","CyclinD/CDK4","PSMA7"
"BTK","MAP3K1","PSMA7"
"BTK","ITK","PSMA7"
"BTK","RPS6KA3","PSMA7"
"BTK","BCL3","PSMA7"
"BTK","DVL1","PSMA7"
"BTK","FZR1","PSMA7"
"BTK","VCPIP1","PSMA7"
"BTK","ATR","PSMA7"
"BTK","PTK6","PSMA7"
"BTK","IKBKE","PSMA7"
"BTK","CCND1","PSMA7"
"BTK","ILK","PSMA7"
"BTK","STAP1","PSMA7"
"BTK","PTPN7","PSMA7"
"BTK","CALM1","PSMA7"
"BTK","STK38","PSMA7"
"BTK","TLK1","PSMA7"
"BTK","RET","PSMA7"
"BTK","SHC1","PSMA7"
"BTK","GPSM3","PSMA7"
"BTK","MAPKAPK5","PSMA7"
"BTK","EPHA2","PSMA7"
"BTK","CDKN1B","PSMA7"
"BTK","CCR2","PSMA7"
"BTK","STIP1","PSMA7"
"BTK","ARRB2","PSMA7"
"BTK","TRAF3","PSMA7"
"BTK","INPP5D","PSMA7"
"BTK","CCNE1","PSMA7"
"BTK","TRPV1","PSMA7"
"BTK","BCL10","PSMA7"
"BTK","PIK3R6","PSMA7"
"BTK","KSR1","PSMA7"
"BTK","DDX58","PSMA7"
"BTK","MST1R","PSMA7"
"BTK","ROR2","PSMA7"
"BTK","ABI1","PSMA7"
"BTK","TTI1","PSMA7"
"BTK","WDFY3","PSMA7"
"BTK","GRB14","PSMA7"
"BTK","HOXB7","PSMA7"
"BTK","PIK3C3","PSMA7"
"BTK","RND1","PSMA7"
"BTK","STING1","PSMA7"
"BTK","CTDP1","PSMA7"
"BTK","BLVRA","PSMA7"
"BTK","GRB7","PSMA7"
"BTK","PLCG2","PSMA7"
"BTK","PLCG2","CEBPB"
"BTK","CHUK","BAZ1B"
"BTK","PTEN","BAZ1B"
"BTK","MTOR","BAZ1B"
"BTK","PRKG1","BAZ1B"
"BTK","CCP110","BAZ1B"
"BTK","RPS6K","BAZ1B"
"BTK","ERK1/2","BAZ1B"
"BTK","CDK9","BAZ1B"
"BTK","ABL1","BAZ1B"
"BTK","PDPK1","BAZ1B"
"BTK","SGK1","BAZ1B"
"BTK","MAP2K1","BAZ1B"
"BTK","PRKCZ","BAZ1B"
"BTK","CyclinD/CDK4","BAZ1B"
"BTK","MAP3K7","BAZ1B"
"BTK","IKBKB","BAZ1B"
"BTK","WWTR1","BAZ1B"
"BTK","DAPK1","BAZ1B"
"BTK","PXN","BAZ1B"
"BTK","LEPR","BAZ1B"
"BTK","ITK","BAZ1B"
"BTK","BCL3","BAZ1B"
"BTK","DVL1","BAZ1B"
"BTK","FZR1","BAZ1B"
"BTK","IKBKE","BAZ1B"
"BTK","CCND1","BAZ1B"
"BTK","ILK","BAZ1B"
"BTK","STAP1","BAZ1B"
"BTK","SPRED1","BAZ1B"
"BTK","PTPN7","BAZ1B"
"BTK","TLK1","BAZ1B"
"BTK","CDKN2A","BAZ1B"
"BTK","IKK-complex","BAZ1B"
"BTK","SHC1","BAZ1B"
"BTK","RELA","BAZ1B"
"BTK","EPHA2","BAZ1B"
"BTK","MAP3K8","BAZ1B"
"BTK","CDKN1B","BAZ1B"
"BTK","TEC","BAZ1B"
"BTK","VCP","BAZ1B"
"BTK","TMIGD2","BAZ1B"
"BTK","CCR2","BAZ1B"
"BTK","CRTC2","BAZ1B"
"BTK","CD28","BAZ1B"
"BTK","FRS2","BAZ1B"
"BTK","CCNE1","BAZ1B"
"BTK","SET","BAZ1B"
"BTK","PPP1R14A","BAZ1B"
"BTK","PIK3R6","BAZ1B"
"BTK","HDAC2","BAZ1B"
"BTK","DDX58","BAZ1B"
"BTK","UBXN2B","BAZ1B"
"BTK","WDFY3","BAZ1B"
"BTK","HOXB7","BAZ1B"
"BTK","PIK3C3","BAZ1B"
"BTK","STING1","BAZ1B"
"BTK","NFKB1","BAZ1B"
"BTK","MAPKAP1","BAZ1B"
"BTK","PLCG2","BAZ1B"
"BTK","PPP1R14B","BAZ1B"
"BTK","MAPK3","STAT2"
"BTK","AKT3","STAT2"
"BTK","AKT2","STAT2"
"BTK","PTEN","STAT2"
"BTK","MTOR","STAT2"
"BTK","AKT1","STAT2"
"BTK","RPS6K","STAT2"
"BTK","CALM2","STAT2"
"BTK","ERK1/2","STAT2"
"BTK","Gbeta","STAT2"
"BTK","CDK9","STAT2"
"BTK","ABL1","STAT2"
"BTK","SGK1","STAT2"
"BTK","MAP2K1","STAT2"
"BTK","PRKCB","STAT2"
"BTK","PRKCZ","STAT2"
"BTK","CyclinD/CDK4","STAT2"
"BTK","IKBKB","STAT2"
"BTK","WWTR1","STAT2"
"BTK","BCL3","STAT2"
"BTK","GRB2","STAT2"
"BTK","VCPIP1","STAT2"
"BTK","ATR","STAT2"
"BTK","IKBKE","STAT2"
"BTK","CCND1","STAT2"
"BTK","MEK1/2","STAT2"
"BTK","PTPN7","STAT2"
"BTK","STK38","STAT2"
"BTK","TLK1","STAT2"
"BTK","C9orf72","STAT2"
"BTK","CDKN2A","STAT2"
"BTK","RET","STAT2"
"BTK","DDX41","STAT2"
"BTK","EPHA2","STAT2"
"BTK","MAP3K8","STAT2"
"BTK","CDKN1B","STAT2"
"BTK","FBLIM1","STAT2"
"BTK","VCP","STAT2"
"BTK","TMIGD2","STAT2"
"BTK","CCR2","STAT2"
"BTK","STIP1","STAT2"
"BTK","ARRB2","STAT2"
"BTK","CRTC2","STAT2"
"BTK","INPP5D","STAT2"
"BTK","SET","STAT2"
"BTK","PIK3R6","STAT2"
"BTK","KSR1","STAT2"
"BTK","UBXN2B","STAT2"
"BTK","MST1R","STAT2"
"BTK","ABI1","STAT2"
"BTK","IFIH1","STAT2"
"BTK","RAD50","STAT2"
"BTK","GRB14","STAT2"
"BTK","HOXB7","STAT2"
"BTK","PIK3C3","STAT2"
"BTK","CTDP1","STAT2"
"BTK","TELO2","STAT2"
"BTK","BLVRA","STAT2"
"BTK","MAPKAP1","STAT2"
"BTK","PLCG2","STAT2"
"BTK","PABIR1","STAT2"
"BTK","MAPK3","PLCB1"
"BTK","AKT3","PLCB1"
"BTK","CHUK","PLCB1"
"BTK","AKT2","PLCB1"
"BTK","PTEN","PLCB1"
"BTK","AKT1","PLCB1"
"BTK","CCP110","PLCB1"
"BTK","RPS6K","PLCB1"
"BTK","ABL1","PLCB1"
"BTK","MAP2K1","PLCB1"
"BTK","MAP3K1","PLCB1"
"BTK","AKT","PLCB1"
"BTK","IKBKB","PLCB1"
"BTK","DOK1","PLCB1"
"BTK","MAP3K4","PLCB1"
"BTK","PXN","PLCB1"
"BTK","FGG","PLCB1"
"BTK","RPS6KA3","PLCB1"
"BTK","IKBKE","PLCB1"
"BTK","CCND1","PLCB1"
"BTK","STAP1","PLCB1"
"BTK","TBK1","PLCB1"
"BTK","SPRED1","PLCB1"
"BTK","PTPN7","PLCB1"
"BTK","FADD","PLCB1"
"BTK","STK38","PLCB1"
"BTK","TLK1","PLCB1"
"BTK","C9orf72","PLCB1"
"BTK","CDKN2A","PLCB1"
"BTK","MAP4K1","PLCB1"
"BTK","RPS6KA4","PLCB1"
"BTK","NTRK1","PLCB1"
"BTK","GPSM3","PLCB1"
"BTK","MAPKAPK5","PLCB1"
"BTK","EPHA2","PLCB1"
"BTK","MAP3K8","PLCB1"
"BTK","FBLIM1","PLCB1"
"BTK","TMIGD2","PLCB1"
"BTK","PSTPIP1","PLCB1"
"BTK","ARRB2","PLCB1"
"BTK","CRTC2","PLCB1"
"BTK","FRS2","PLCB1"
"BTK","CCNE1","PLCB1"
"BTK","PIK3CG","PLCB1"
"BTK","SH2B2","PLCB1"
"BTK","PPP1R14A","PLCB1"
"BTK","BCL10","PLCB1"
"BTK","MRE11","PLCB1"
"BTK","HDAC2","PLCB1"
"BTK","UBXN2B","PLCB1"
"BTK","ABI1","PLCB1"
"BTK","WDFY3","PLCB1"
"BTK","LRP6","PLCB1"
"BTK","GRB14","PLCB1"
"BTK","HOXB7","PLCB1"
"BTK","RND1","PLCB1"
"BTK","STING1","PLCB1"
"BTK","SPEN","PLCB1"
"BTK","NFKB1","PLCB1"
"BTK","CLSPN","PLCB1"
"BTK","PPP1R14B","PLCB1"
"BTK","PABIR1","PLCB1"
"BTK","MAPK3","KLF10"
"BTK","AKT3","KLF10"
"BTK","AKT2","KLF10"
"BTK","MTOR","KLF10"
"BTK","LCK","KLF10"
"BTK","CDK9","KLF10"
"BTK","RPS6KA5","KLF10"
"BTK","WNK1","KLF10"
"BTK","PDPK1","KLF10"
"BTK","MAP2K1","KLF10"
"BTK","PRKCG","KLF10"
"BTK","PRKCZ","KLF10"
"BTK","CyclinD/CDK4","KLF10"
"BTK","AKT","KLF10"
"BTK","IKBKB","KLF10"
"BTK","DOK1","KLF10"
"BTK","MAP3K4","KLF10"
"BTK","PXN","KLF10"
"BTK","FGG","KLF10"
"BTK","LEPR","KLF10"
"BTK","RPS6KA3","KLF10"
"BTK","BCL3","KLF10"
"BTK","DVL1","KLF10"
"BTK","GRB2","KLF10"
"BTK","VCPIP1","KLF10"
"BTK","ATR","KLF10"
"BTK","PTK6","KLF10"
"BTK","TBK1","KLF10"
"BTK","MEK1/2","KLF10"
"BTK","CALM1","KLF10"
"BTK","STK38","KLF10"
"BTK","TLK1","KLF10"
"BTK","C9orf72","KLF10"
"BTK","CDKN2A","KLF10"
"BTK","RET","KLF10"
"BTK","DDX41","KLF10"
"BTK","IKK-complex","KLF10"
"BTK","RPS6KA4","KLF10"
"BTK","GPSM3","KLF10"
"BTK","MAPKAPK5","KLF10"
"BTK","MAP3K8","KLF10"
"BTK","PTPRR","KLF10"
"BTK","CDKN1B","KLF10"
"BTK","GRIP1","KLF10"
"BTK","CCR2","KLF10"
"BTK","STIP1","KLF10"
"BTK","ARRB2","KLF10"
"BTK","TRAF3","KLF10"
"BTK","CRTC2","KLF10"
"BTK","CD28","KLF10"
"BTK","INPP5D","KLF10"
"BTK","FRS2","KLF10"
"BTK","CCNE1","KLF10"
"BTK","IMPDH2","KLF10"
"BTK","SET","KLF10"
"BTK","PIK3CG","KLF10"
"BTK","PPP1R14A","KLF10"
"BTK","BCL10","KLF10"
"BTK","MRE11","KLF10"
"BTK","KSR1","KLF10"
"BTK","DDX58","KLF10"
"BTK","ROR2","KLF10"
"BTK","ABI1","KLF10"
"BTK","RAD50","KLF10"
"BTK","HOXB7","KLF10"
"BTK","PIK3C3","KLF10"
"BTK","RND1","KLF10"
"BTK","STING1","KLF10"
"BTK","SPEN","KLF10"
"BTK","NFKB1","KLF10"
"BTK","CTDP1","KLF10"
"BTK","TELO2","KLF10"
"BTK","CLSPN","KLF10"
"BTK","MAPKAP1","KLF10"
"BTK","PLCG2","KLF10"
"BTK","RBL2","KLF10"
"BTK","PPP1R14B","KLF10"
"BTK","MAPK3","EPN1"
"BTK","AKT3","EPN1"
"BTK","CHUK","EPN1"
"BTK","AKT2","EPN1"
"BTK","PTEN","EPN1"
"BTK","CCP110","EPN1"
"BTK","CALM2","EPN1"
"BTK","ABL1","EPN1"
"BTK","RPS6KA5","EPN1"
"BTK","WNK1","EPN1"
"BTK","PDPK1","EPN1"
"BTK","MAP2K1","EPN1"
"BTK","PRKCG","EPN1"
"BTK","PRKCZ","EPN1"
"BTK","AKT","EPN1"
"BTK","IKBKB","EPN1"
"BTK","WWTR1","EPN1"
"BTK","MAP3K4","EPN1"
"BTK","ITK","EPN1"
"BTK","BCL3","EPN1"
"BTK","ATR","EPN1"
"BTK","PTK6","EPN1"
"BTK","IKBKE","EPN1"
"BTK","CCND1","EPN1"
"BTK","STAP1","EPN1"
"BTK","TBK1","EPN1"
"BTK","SPRED1","EPN1"
"BTK","MEK1/2","EPN1"
"BTK","CALM1","EPN1"
"BTK","TLK1","EPN1"
"BTK","C9orf72","EPN1"
"BTK","RET","EPN1"
"BTK","DDX41","EPN1"
"BTK","SHC1","EPN1"
"BTK","RPS6KA4","EPN1"
"BTK","GPSM3","EPN1"
"BTK","RELA","EPN1"
"BTK","EPHA2","EPN1"
"BTK","MAP3K8","EPN1"
"BTK","PTPRR","EPN1"
"BTK","CDKN1B","EPN1"
"BTK","VCP","EPN1"
"BTK","GRIP1","EPN1"
"BTK","PSTPIP1","EPN1"
"BTK","TRAF3","EPN1"
"BTK","CRTC2","EPN1"
"BTK","CD28","EPN1"
"BTK","INPP5D","EPN1"
"BTK","CCNE1","EPN1"
"BTK","IMPDH2","EPN1"
"BTK","SET","EPN1"
"BTK","PIK3CG","EPN1"
"BTK","TRPV1","EPN1"
"BTK","BCL10","EPN1"
"BTK","PIK3R6","EPN1"
"BTK","HDAC2","EPN1"
"BTK","KSR1","EPN1"
"BTK","DDX58","EPN1"
"BTK","UBXN2B","EPN1"
"BTK","MST1R","EPN1"
"BTK","ROR2","EPN1"
"BTK","ABI1","EPN1"
"BTK","IFIH1","EPN1"
"BTK","RAD50","EPN1"
"BTK","TTI1","EPN1"
"BTK","GRB14","EPN1"
"BTK","HOXB7","EPN1"
"BTK","RND1","EPN1"
"BTK","SPEN","EPN1"
"BTK","NFKB1","EPN1"
"BTK","CTDP1","EPN1"
"BTK","TELO2","EPN1"
"BTK","BLVRA","EPN1"
"BTK","CLSPN","EPN1"
"BTK","MAPKAP1","EPN1"
"BTK","BAZ1B","EPN1"
"BTK","PPP1R14B","EPN1"
"BTK","MAPK3","PIK3CD"
"BTK","PTEN","PIK3CD"
"BTK","PRKCQ","PIK3CD"
"BTK","MTOR","PIK3CD"
"BTK","PRKG1","PIK3CD"
"BTK","CALM2","PIK3CD"
"BTK","ERK1/2","PIK3CD"
"BTK","CDK9","PIK3CD"
"BTK","ABL1","PIK3CD"
"BTK","PDPK1","PIK3CD"
"BTK","MAP2K1","PIK3CD"
"BTK","PRKCZ","PIK3CD"
"BTK","MAP3K1","PIK3CD"
"BTK","MAP3K7","PIK3CD"
"BTK","IKBKB","PIK3CD"
"BTK","DAPK1","PIK3CD"
"BTK","ITK","PIK3CD"
"BTK","BCL3","PIK3CD"
"BTK","FZR1","PIK3CD"
"BTK","GRB2","PIK3CD"
"BTK","VCPIP1","PIK3CD"
"BTK","ATR","PIK3CD"
"BTK","SGK3","PIK3CD"
"BTK","CCND1","PIK3CD"
"BTK","SPRED1","PIK3CD"
"BTK","TLK1","PIK3CD"
"BTK","CDKN2A","PIK3CD"
"BTK","RPS6KA4","PIK3CD"
"BTK","NTRK1","PIK3CD"
"BTK","RELA","PIK3CD"
"BTK","CDKN1B","PIK3CD"
"BTK","GRIP1","PIK3CD"
"BTK","TMIGD2","PIK3CD"
"BTK","PSTPIP1","PIK3CD"
"BTK","ARRB2","PIK3CD"
"BTK","CRTC2","PIK3CD"
"BTK","CD28","PIK3CD"
"BTK","SET","PIK3CD"
"BTK","PIK3CG","PIK3CD"
"BTK","SH2B2","PIK3CD"
"BTK","TRPV1","PIK3CD"
"BTK","BCL10","PIK3CD"
"BTK","MRE11","PIK3CD"
"BTK","ABI1","PIK3CD"
"BTK","IFIH1","PIK3CD"
"BTK","TTI1","PIK3CD"
"BTK","LRP6","PIK3CD"
"BTK","SPEN","PIK3CD"
"BTK","BLVRA","PIK3CD"
"BTK","BAZ1B","PIK3CD"
"BTK","RBL2","PIK3CD"
"BTK","AKT3","CLOCK"
"BTK","CHUK","CLOCK"
"BTK","PRKCQ","CLOCK"
"BTK","RPS6K","CLOCK"
"BTK","Gbeta","CLOCK"
"BTK","MAP2K1","CLOCK"
"BTK","PRKCG","CLOCK"
"BTK","PRKCZ","CLOCK"
"BTK","MAP3K1","CLOCK"
"BTK","AKT","CLOCK"
"BTK","IKBKB","CLOCK"
"BTK","DOK1","CLOCK"
"BTK","DAPK1","CLOCK"
"BTK","RPS6KA3","CLOCK"
"BTK","DVL1","CLOCK"
"BTK","ATR","CLOCK"
"BTK","IKBKE","CLOCK"
"BTK","ILK","CLOCK"
"BTK","TBK1","CLOCK"
"BTK","STK38","CLOCK"
"BTK","TLK1","CLOCK"
"BTK","NTRK1","CLOCK"
"BTK","RELA","CLOCK"
"BTK","MAPKAPK5","CLOCK"
"BTK","MAP3K8","CLOCK"
"BTK","PSTPIP1","CLOCK"
"BTK","INPP5D","CLOCK"
"BTK","FRS2","CLOCK"
"BTK","IMPDH2","CLOCK"
"BTK","SET","CLOCK"
"BTK","PIK3CG","CLOCK"
"BTK","PPP1R14A","CLOCK"
"BTK","DDX58","CLOCK"
"BTK","ROR2","CLOCK"
"BTK","ABI1","CLOCK"
"BTK","IFIH1","CLOCK"
"BTK","TTI1","CLOCK"
"BTK","PIK3C3","CLOCK"
"BTK","SPEN","CLOCK"
"BTK","NFKB1","CLOCK"
"BTK","TELO2","CLOCK"
"BTK","GRB7","CLOCK"
"BTK","PLCG2","CLOCK"
"BTK","PABIR1","CLOCK"
"BTK","RPS6K","NCF1"
"BTK","LCK","NCF1"
"BTK","ABL1","NCF1"
"BTK","RPS6KA5","NCF1"
"BTK","WNK1","NCF1"
"BTK","SGK1","NCF1"
"BTK","PRKCB","NCF1"
"BTK","PRKCG","NCF1"
"BTK","PRKCZ","NCF1"
"BTK","CyclinD/CDK4","NCF1"
"BTK","MAP3K7","NCF1"
"BTK","AKT","NCF1"
"BTK","DOK1","NCF1"
"BTK","MAP3K4","NCF1"
"BTK","DAPK1","NCF1"
"BTK","LEPR","NCF1"
"BTK","ITK","NCF1"
"BTK","RPS6KA3","NCF1"
"BTK","BCL3","NCF1"
"BTK","GRB2","NCF1"
"BTK","VCPIP1","NCF1"
"BTK","ATR","NCF1"
"BTK","ILK","NCF1"
"BTK","STAP1","NCF1"
"BTK","MEK1/2","NCF1"
"BTK","TLK1","NCF1"
"BTK","CDKN2A","NCF1"
"BTK","MAP4K1","NCF1"
"BTK","RET","NCF1"
"BTK","DDX41","NCF1"
"BTK","SHC1","NCF1"
"BTK","NTRK1","NCF1"
"BTK","GPSM3","NCF1"
"BTK","EPHA2","NCF1"
"BTK","MAP3K8","NCF1"
"BTK","CDKN1B","NCF1"
"BTK","TEC","NCF1"
"BTK","VCP","NCF1"
"BTK","GRIP1","NCF1"
"BTK","CCR2","NCF1"
"BTK","PSTPIP1","NCF1"
"BTK","ARRB2","NCF1"
"BTK","TRAF3","NCF1"
"BTK","CRTC2","NCF1"
"BTK","CD28","NCF1"
"BTK","INPP5D","NCF1"
"BTK","CCNE1","NCF1"
"BTK","SH2B2","NCF1"
"BTK","TRPV1","NCF1"
"BTK","BCL10","NCF1"
"BTK","PIK3R6","NCF1"
"BTK","HDAC2","NCF1"
"BTK","KSR1","NCF1"
"BTK","UBXN2B","NCF1"
"BTK","ROR2","NCF1"
"BTK","IFIH1","NCF1"
"BTK","WDFY3","NCF1"
"BTK","LRP6","NCF1"
"BTK","PIK3C3","NCF1"
"BTK","STING1","NCF1"
"BTK","NFKB1","NCF1"
"BTK","CTDP1","NCF1"
"BTK","TELO2","NCF1"
"BTK","BLVRA","NCF1"
"BTK","CLSPN","NCF1"
"BTK","MAPKAP1","NCF1"
"BTK","PLCG2","NCF1"
"BTK","RBL2","NCF1"
"BTK","PPP1R14B","NCF1"
"BTK","PABIR1","NCF1"
"BTK","MAPK3","PLCG2"
"BTK","PRKCQ","PLCG2"
"BTK","PRKG1","PLCG2"
"BTK","ERK1/2","PLCG2"
"BTK","Gbeta","PLCG2"
"BTK","RPS6KA5","PLCG2"
"BTK","SGK1","PLCG2"
"BTK","PRKCG","PLCG2"
"BTK","AKT","PLCG2"
"BTK","DAPK1","PLCG2"
"BTK","LEPR","PLCG2"
"BTK","BCL3","PLCG2"
"BTK","GRB2","PLCG2"
"BTK","SGK3","PLCG2"
"BTK","MAP4K1","PLCG2"
"BTK","RET","PLCG2"
"BTK","SHC1","PLCG2"
"BTK","NTRK1","PLCG2"
"BTK","RELA","PLCG2"
"BTK","EPHA2","PLCG2"
"BTK","PTPRR","PLCG2"
"BTK","TMIGD2","PLCG2"
"BTK","CCR2","PLCG2"
"BTK","STIP1","PLCG2"
"BTK","PSTPIP1","PLCG2"
"BTK","CD28","PLCG2"
"BTK","CCNE1","PLCG2"
"BTK","SH2B2","PLCG2"
"BTK","BCL10","PLCG2"
"BTK","RUNX2","PLCG2"
"BTK","RAD9A","PLCG2"
"BTK","MAPKAP1","PLCG2"
"BTK","GRB7","PLCG2"
"BTK","BAZ1B","PLCG2"
"BTK","MAPK3","RBL2"
"BTK","CHUK","RBL2"
"BTK","AKT2","RBL2"
"BTK","PRKCQ","RBL2"
"BTK","AKT1","RBL2"
"BTK","PRKG1","RBL2"
"BTK","CCP110","RBL2"
"BTK","RPS6K","RBL2"
"BTK","CALM2","RBL2"
"BTK","Gbeta","RBL2"
"BTK","ABL1","RBL2"
"BTK","RPS6KA5","RBL2"
"BTK","WNK1","RBL2"
"BTK","MAP2K1","RBL2"
"BTK","PRKCG","RBL2"
"BTK","PRKCZ","RBL2"
"BTK","CyclinD/CDK4","RBL2"
"BTK","MAP3K7","RBL2"
"BTK","WWTR1","RBL2"
"BTK","DOK1","RBL2"
"BTK","MAP3K4","RBL2"
"BTK","FGG","RBL2"
"BTK","LEPR","RBL2"
"BTK","BCL3","RBL2"
"BTK","DVL1","RBL2"
"BTK","FZR1","RBL2"
"BTK","GRB2","RBL2"
"BTK","VCPIP1","RBL2"
"BTK","ATR","RBL2"
"BTK","SGK3","RBL2"
"BTK","PTK6","RBL2"
"BTK","IKBKE","RBL2"
"BTK","CCND1","RBL2"
"BTK","ILK","RBL2"
"BTK","STAP1","RBL2"
"BTK","MEK1/2","RBL2"
"BTK","PTPN7","RBL2"
"BTK","CALM1","RBL2"
"BTK","FADD","RBL2"
"BTK","TLK1","RBL2"
"BTK","C9orf72","RBL2"
"BTK","IKK-complex","RBL2"
"BTK","NTRK1","RBL2"
"BTK","MAPKAPK5","RBL2"
"BTK","PTPRR","RBL2"
"BTK","VCP","RBL2"
"BTK","TMIGD2","RBL2"
"BTK","PSTPIP1","RBL2"
"BTK","ARRB2","RBL2"
"BTK","TRAF3","RBL2"
"BTK","CRTC2","RBL2"
"BTK","FRS2","RBL2"
"BTK","PIK3CG","RBL2"
"BTK","BCL10","RBL2"
"BTK","MRE11","RBL2"
"BTK","KSR1","RBL2"
"BTK","IFIH1","RBL2"
"BTK","TTI1","RBL2"
"BTK","LRP6","RBL2"
"BTK","STING1","RBL2"
"BTK","TELO2","RBL2"
"BTK","CLSPN","RBL2"
"BTK","GRB7","RBL2"
"BTK","BAZ1B","RBL2"
"BTK","PPP1R14B","RBL2"
"BTK","PABIR1","RBL2"
"BTK","PTEN","PPP1R14B"
"BTK","PRKCQ","PPP1R14B"
"BTK","MTOR","PPP1R14B"
"BTK","AKT1","PPP1R14B"
"BTK","CCP110","PPP1R14B"
"BTK","RPS6K","PPP1R14B"
"BTK","CALM2","PPP1R14B"
"BTK","WNK1","PPP1R14B"
"BTK","PDPK1","PPP1R14B"
"BTK","MAP2K1","PPP1R14B"
"BTK","PRKCG","PPP1R14B"
"BTK","MAP3K4","PPP1R14B"
"BTK","ITK","PPP1R14B"
"BTK","BCL3","PPP1R14B"
"BTK","PTK6","PPP1R14B"
"BTK","SPRED1","PPP1R14B"
"BTK","CALM1","PPP1R14B"
"BTK","DDX41","PPP1R14B"
"BTK","SHC1","PPP1R14B"
"BTK","RPS6KA4","PPP1R14B"
"BTK","NTRK1","PPP1R14B"
"BTK","GRIP1","PPP1R14B"
"BTK","TMIGD2","PPP1R14B"
"BTK","CRTC2","PPP1R14B"
"BTK","FRS2","PPP1R14B"
"BTK","TRPV1","PPP1R14B"
"BTK","BCL10","PPP1R14B"
"BTK","MRE11","PPP1R14B"
"BTK","HDAC2","PPP1R14B"
"BTK","MST1R","PPP1R14B"
"BTK","ROR2","PPP1R14B"
"BTK","ABI1","PPP1R14B"
"BTK","IFIH1","PPP1R14B"
"BTK","RAD50","PPP1R14B"
"BTK","WDFY3","PPP1R14B"
"BTK","GRB14","PPP1R14B"
"BTK","SPEN","PPP1R14B"
"BTK","TELO2","PPP1R14B"
"BTK","CLSPN","PPP1R14B"
"BTK","GRB7","PPP1R14B"
"BTK","BAZ1B","PPP1R14B"
"BTK","PLCG2","PPP1R14B"
"BTK","PABIR1","PPP1R14B"
"BTK","MAPK3","PABIR1"
"BTK","AKT1","PABIR1"
"BTK","ERK1/2","PABIR1"
"BTK","LCK","PABIR1"
"BTK","MAP3K7","PABIR1"
"BTK","AKT","PABIR1"
"BTK","DOK1","PABIR1"
"BTK","MAP3K4","PABIR1"
"BTK","PXN","PABIR1"
"BTK","FGG","PABIR1"
"BTK","BCL3","PABIR1"
"BTK","VCPIP1","PABIR1"
"BTK","CCND1","PABIR1"
"BTK","SPRED1","PABIR1"
"BTK","C9orf72","PABIR1"
"BTK","CDKN2A","PABIR1"
"BTK","DDX41","PABIR1"
"BTK","SHC1","PABIR1"
"BTK","RPS6KA4","PABIR1"
"BTK","RELA","PABIR1"
"BTK","MAP3K8","PABIR1"
"BTK","PTPRR","PABIR1"
"BTK","CDKN1B","PABIR1"
"BTK","TEC","PABIR1"
"BTK","GRIP1","PABIR1"
"BTK","TMIGD2","PABIR1"
"BTK","PIK3CG","PABIR1"
"BTK","SH2B2","PABIR1"
"BTK","PPP1R14A","PABIR1"
"BTK","MRE11","PABIR1"
"BTK","HDAC2","PABIR1"
"BTK","KSR1","PABIR1"
"BTK","ROR2","PABIR1"
"BTK","RAD50","PABIR1"
"BTK","LRP6","PABIR1"
"BTK","GRB14","PABIR1"
"BTK","HOXB7","PABIR1"
"BTK","NFKB1","PABIR1"
"BTK","BLVRA","PABIR1"
"BTK","CLSPN","PABIR1"
"BTK","MAPKAP1","PABIR1"
"BTK","AKT3","PITX1"
"BTK","AKT2","PITX1"
"BTK","PRKCQ","PITX1"
"BTK","AKT1","PITX1"
"BTK","CCP110","PITX1"
"BTK","CALM2","PITX1"
"BTK","CDK9","PITX1"
"BTK","SGK1","PITX1"
"BTK","PRKCG","PITX1"
"BTK","PRKCZ","PITX1"
"BTK","MAP3K1","PITX1"
"BTK","IKBKB","PITX1"
"BTK","WWTR1","PITX1"
"BTK","DOK1","PITX1"
"BTK","MAP3K4","PITX1"
"BTK","DAPK1","PITX1"
"BTK","LEPR","PITX1"
"BTK","ITK","PITX1"
"BTK","RPS6KA3","PITX1"
"BTK","DVL1","PITX1"
"BTK","FZR1","PITX1"
"BTK","GRB2","PITX1"
"BTK","VCPIP1","PITX1"
"BTK","PTK6","PITX1"
"BTK","IKBKE","PITX1"
"BTK","CCND1","PITX1"
"BTK","ILK","PITX1"
"BTK","STAP1","PITX1"
"BTK","TBK1","PITX1"
"BTK","SPRED1","PITX1"
"BTK","PTPN7","PITX1"
"BTK","CALM1","PITX1"
"BTK","FADD","PITX1"
"BTK","C9orf72","PITX1"
"BTK","EPHA2","PITX1"
"BTK","PTPRR","PITX1"
"BTK","CDKN1B","PITX1"
"BTK","VCP","PITX1"
"BTK","GRIP1","PITX1"
"BTK","TMIGD2","PITX1"
"BTK","STIP1","PITX1"
"BTK","PSTPIP1","PITX1"
"BTK","TRAF3","PITX1"
"BTK","FRS2","PITX1"
"BTK","SET","PITX1"
"BTK","TRPV1","PITX1"
"BTK","PPP1R14A","PITX1"
"BTK","PIK3R6","PITX1"
"BTK","MRE11","PITX1"
"BTK","HDAC2","PITX1"
"BTK","KSR1","PITX1"
"BTK","DDX58","PITX1"
"BTK","ROR2","PITX1"
"BTK","RAD50","PITX1"
"BTK","WDFY3","PITX1"
"BTK","GRB14","PITX1"
"BTK","PIK3C3","PITX1"
"BTK","STING1","PITX1"
"BTK","NFKB1","PITX1"
"BTK","TELO2","PITX1"
"BTK","BAZ1B","PITX1"
"BTK","RBL2","PITX1"
"BTK","MAPK3","VTN"
"BTK","AKT3","VTN"
"BTK","AKT1","VTN"
"BTK","PRKG1","VTN"
"BTK","RPS6K","VTN"
"BTK","ERK1/2","VTN"
"BTK","Gbeta","VTN"
"BTK","LCK","VTN"
"BTK","ABL1","VTN"
"BTK","RPS6KA5","VTN"
"BTK","PDPK1","VTN"
"BTK","MAP3K1","VTN"
"BTK","MAP3K7","VTN"
"BTK","DAPK1","VTN"
"BTK","PXN","VTN"
"BTK","FGG","VTN"
"BTK","LEPR","VTN"
"BTK","DVL1","VTN"
"BTK","FZR1","VTN"
"BTK","GRB2","VTN"
"BTK","ATR","VTN"
"BTK","CCND1","VTN"
"BTK","ILK","VTN"
"BTK","STAP1","VTN"
"BTK","TBK1","VTN"
"BTK","SPRED1","VTN"
"BTK","MEK1/2","VTN"
"BTK","PTPN7","VTN"
"BTK","CALM1","VTN"
"BTK","FADD","VTN"
"BTK","STK38","VTN"
"BTK","C9orf72","VTN"
"BTK","MAP4K1","VTN"
"BTK","DDX41","VTN"
"BTK","IKK-complex","VTN"
"BTK","SHC1","VTN"
"BTK","NTRK1","VTN"
"BTK","GPSM3","VTN"
"BTK","MAPKAPK5","VTN"
"BTK","EPHA2","VTN"
"BTK","MAP3K8","VTN"
"BTK","PTPRR","VTN"
"BTK","CDKN1B","VTN"
"BTK","VCP","VTN"
"BTK","GRIP1","VTN"
"BTK","CCR2","VTN"
"BTK","STIP1","VTN"
"BTK","INPP5D","VTN"
"BTK","PIK3CG","VTN"
"BTK","SH2B2","VTN"
"BTK","MRE11","VTN"
"BTK","UBXN2B","VTN"
"BTK","MST1R","VTN"
"BTK","ROR2","VTN"
"BTK","IFIH1","VTN"
"BTK","TTI1","VTN"
"BTK","WDFY3","VTN"
"BTK","PIK3C3","VTN"
"BTK","RND1","VTN"
"BTK","SPEN","VTN"
"BTK","NFKB1","VTN"
"BTK","BAZ1B","VTN"
"BTK","PLCG2","VTN"
"BTK","AKT3","Tubulin"
"BTK","PRKCQ","Tubulin"
"BTK","ERK1/2","Tubulin"
"BTK","WNK1","Tubulin"
"BTK","SGK1","Tubulin"
"BTK","PRKCB","Tubulin"
"BTK","CyclinD/CDK4","Tubulin"
"BTK","MAP3K1","Tubulin"
"BTK","MAP3K7","Tubulin"
"BTK","IKBKB","Tubulin"
"BTK","DOK1","Tubulin"
"BTK","MAP3K4","Tubulin"
"BTK","SGK3","Tubulin"
"BTK","PTK6","Tubulin"
"BTK","CCND1","Tubulin"
"BTK","TBK1","Tubulin"
"BTK","SPRED1","Tubulin"
"BTK","MEK1/2","Tubulin"
"BTK","STK38","Tubulin"
"BTK","CDKN2A","Tubulin"
"BTK","DDX41","Tubulin"
"BTK","IKK-complex","Tubulin"
"BTK","SHC1","Tubulin"
"BTK","MAPKAPK5","Tubulin"
"BTK","CDKN1B","Tubulin"
"BTK","ARRB2","Tubulin"
"BTK","CRTC2","Tubulin"
"BTK","INPP5D","Tubulin"
"BTK","CCNE1","Tubulin"
"BTK","SH2B2","Tubulin"
"BTK","PPP1R14A","Tubulin"
"BTK","PIK3R6","Tubulin"
"BTK","UBXN2B","Tubulin"
"BTK","ROR2","Tubulin"
"BTK","ABI1","Tubulin"
"BTK","IFIH1","Tubulin"
"BTK","TTI1","Tubulin"
"BTK","PIK3C3","Tubulin"
"BTK","RND1","Tubulin"
"BTK","NFKB1","Tubulin"
"BTK","BAZ1B","Tubulin"
"BTK","PABIR1","Tubulin"
"BTK","RET","POLR2A"
"BTK","AKT3","EZR"
"BTK","CHUK","EZR"
"BTK","AKT2","EZR"
"BTK","PTEN","EZR"
"BTK","PRKG1","EZR"
"BTK","CCP110","EZR"
"BTK","Gbeta","EZR"
"BTK","SGK1","EZR"
"BTK","PRKCZ","EZR"
"BTK","MAP3K1","EZR"
"BTK","MAP3K7","EZR"
"BTK","AKT","EZR"
"BTK","DAPK1","EZR"
"BTK","PXN","EZR"
"BTK","LEPR","EZR"
"BTK","RPS6KA3","EZR"
"BTK","DVL1","EZR"
"BTK","GRB2","EZR"
"BTK","VCPIP1","EZR"
"BTK","ATR","EZR"
"BTK","SGK3","EZR"
"BTK","IKBKE","EZR"
"BTK","STAP1","EZR"
"BTK","TBK1","EZR"
"BTK","SPRED1","EZR"
"BTK","MEK1/2","EZR"
"BTK","CALM1","EZR"
"BTK","FADD","EZR"
"BTK","STK38","EZR"
"BTK","TLK1","EZR"
"BTK","CDKN2A","EZR"
"BTK","MAP4K1","EZR"
"BTK","RET","EZR"
"BTK","DDX41","EZR"
"BTK","GPSM3","EZR"
"BTK","MAPKAPK5","EZR"
"BTK","MAP3K8","EZR"
"BTK","PTPRR","EZR"
"BTK","TEC","EZR"
"BTK","VCP","EZR"
"BTK","ARRB2","EZR"
"BTK","TRAF3","EZR"
"BTK","CCNE1","EZR"
"BTK","IMPDH2","EZR"
"BTK","PPP1R14A","EZR"
"BTK","BCL10","EZR"
"BTK","PIK3R6","EZR"
"BTK","MRE11","EZR"
"BTK","WDFY3","EZR"
"BTK","GRB14","EZR"
"BTK","HOXB7","EZR"
"BTK","RND1","EZR"
"BTK","STING1","EZR"
"BTK","SPEN","EZR"
"BTK","NFKB1","EZR"
"BTK","CTDP1","EZR"
"BTK","BLVRA","EZR"
"BTK","CLSPN","EZR"
"BTK","MAPKAP1","EZR"
"BTK","GRB7","EZR"
"BTK","BAZ1B","EZR"
"BTK","PLCG2","EZR"
"BTK","RBL2","EZR"
"BTK","PPP1R14B","EZR"
"BTK","MAPK3","ATF2"
"BTK","CHUK","ATF2"
"BTK","PTEN","ATF2"
"BTK","PRKCQ","ATF2"
"BTK","PRKG1","ATF2"
"BTK","CCP110","ATF2"
"BTK","ERK1/2","ATF2"
"BTK","LCK","ATF2"
"BTK","CDK9","ATF2"
"BTK","ABL1","ATF2"
"BTK","RPS6KA5","ATF2"
"BTK","PDPK1","ATF2"
"BTK","SGK1","ATF2"
"BTK","MAP2K1","ATF2"
"BTK","PRKCB","ATF2"
"BTK","CyclinD/CDK4","ATF2"
"BTK","MAP3K7","ATF2"
"BTK","AKT","ATF2"
"BTK","WWTR1","ATF2"
"BTK","DOK1","ATF2"
"BTK","PXN","ATF2"
"BTK","ITK","ATF2"
"BTK","RPS6KA3","ATF2"
"BTK","BCL3","ATF2"
"BTK","DVL1","ATF2"
"BTK","FZR1","ATF2"
"BTK","VCPIP1","ATF2"
"BTK","SGK3","ATF2"
"BTK","IKBKE","ATF2"
"BTK","CCND1","ATF2"
"BTK","ILK","ATF2"
"BTK","STAP1","ATF2"
"BTK","TBK1","ATF2"
"BTK","SPRED1","ATF2"
"BTK","MEK1/2","ATF2"
"BTK","CALM1","ATF2"
"BTK","FADD","ATF2"
"BTK","TLK1","ATF2"
"BTK","CDKN2A","ATF2"
"BTK","MAP4K1","ATF2"
"BTK","DDX41","ATF2"
"BTK","IKK-complex","ATF2"
"BTK","SHC1","ATF2"
"BTK","NTRK1","ATF2"
"BTK","MAPKAPK5","ATF2"
"BTK","CDKN1B","ATF2"
"BTK","TEC","ATF2"
"BTK","VCP","ATF2"
"BTK","TMIGD2","ATF2"
"BTK","ARRB2","ATF2"
"BTK","TRAF3","ATF2"
"BTK","CRTC2","ATF2"
"BTK","CD28","ATF2"
"BTK","INPP5D","ATF2"
"BTK","CCNE1","ATF2"
"BTK","IMPDH2","ATF2"
"BTK","PIK3CG","ATF2"
"BTK","TRPV1","ATF2"
"BTK","MST1R","ATF2"
"BTK","TTI1","ATF2"
"BTK","HOXB7","ATF2"
"BTK","PIK3C3","ATF2"
"BTK","STING1","ATF2"
"BTK","SPEN","ATF2"
"BTK","NFKB1","ATF2"
"BTK","TELO2","ATF2"
"BTK","BLVRA","ATF2"
"BTK","CLSPN","ATF2"
"BTK","MAPKAP1","ATF2"
"BTK","AKT3","CHAT"
"BTK","MTOR","CHAT"
"BTK","AKT1","CHAT"
"BTK","PRKG1","CHAT"
"BTK","RPS6K","CHAT"
"BTK","LCK","CHAT"
"BTK","CDK9","CHAT"
"BTK","PRKCB","CHAT"
"BTK","PRKCG","CHAT"
"BTK","CyclinD/CDK4","CHAT"
"BTK","MAP3K1","CHAT"
"BTK","DOK1","CHAT"
"BTK","DVL1","CHAT"
"BTK","FZR1","CHAT"
"BTK","PTK6","CHAT"
"BTK","IKBKE","CHAT"
"BTK","CCND1","CHAT"
"BTK","TBK1","CHAT"
"BTK","FADD","CHAT"
"BTK","C9orf72","CHAT"
"BTK","MAP4K1","CHAT"
"BTK","DDX41","CHAT"
"BTK","SHC1","CHAT"
"BTK","RPS6KA4","CHAT"
"BTK","NTRK1","CHAT"
"BTK","EPHA2","CHAT"
"BTK","MAP3K8","CHAT"
"BTK","PTPRR","CHAT"
"BTK","VCP","CHAT"
"BTK","TMIGD2","CHAT"
"BTK","CRTC2","CHAT"
"BTK","CD28","CHAT"
"BTK","INPP5D","CHAT"
"BTK","FRS2","CHAT"
"BTK","SET","CHAT"
"BTK","PPP1R14A","CHAT"
"BTK","BCL10","CHAT"
"BTK","MRE11","CHAT"
"BTK","HDAC2","CHAT"
"BTK","KSR1","CHAT"
"BTK","DDX58","CHAT"
"BTK","MST1R","CHAT"
"BTK","ROR2","CHAT"
"BTK","IFIH1","CHAT"
"BTK","TTI1","CHAT"
"BTK","LRP6","CHAT"
"BTK","GRB14","CHAT"
"BTK","RND1","CHAT"
"BTK","STING1","CHAT"
"BTK","BLVRA","CHAT"
"BTK","GRB7","CHAT"
"BTK","BAZ1B","CHAT"
"BTK","PLCG2","CHAT"
"BTK","AKT1","OCLN"
"BTK","CCP110","OCLN"
"BTK","CALM2","OCLN"
"BTK","Gbeta","OCLN"
"BTK","CDK9","OCLN"
"BTK","WNK1","OCLN"
"BTK","PDPK1","OCLN"
"BTK","MAP2K1","OCLN"
"BTK","PRKCG","OCLN"
"BTK","PRKCZ","OCLN"
"BTK","MAP3K7","OCLN"
"BTK","WWTR1","OCLN"
"BTK","DOK1","OCLN"
"BTK","MAP3K4","OCLN"
"BTK","DAPK1","OCLN"
"BTK","PXN","OCLN"
"BTK","FGG","OCLN"
"BTK","RPS6KA3","OCLN"
"BTK","BCL3","OCLN"
"BTK","DVL1","OCLN"
"BTK","FZR1","OCLN"
"BTK","GRB2","OCLN"
"BTK","VCPIP1","OCLN"
"BTK","ATR","OCLN"
"BTK","PTK6","OCLN"
"BTK","IKBKE","OCLN"
"BTK","ILK","OCLN"
"BTK","PTPN7","OCLN"
"BTK","FADD","OCLN"
"BTK","STK38","OCLN"
"BTK","TLK1","OCLN"
"BTK","C9orf72","OCLN"
"BTK","MAP4K1","OCLN"
"BTK","RET","OCLN"
"BTK","IKK-complex","OCLN"
"BTK","SHC1","OCLN"
"BTK","RPS6KA4","OCLN"
"BTK","NTRK1","OCLN"
"BTK","GPSM3","OCLN"
"BTK","RELA","OCLN"
"BTK","MAPKAPK5","OCLN"
"BTK","EPHA2","OCLN"
"BTK","MAP3K8","OCLN"
"BTK","CDKN1B","OCLN"
"BTK","VCP","OCLN"
"BTK","STIP1","OCLN"
"BTK","PSTPIP1","OCLN"
"BTK","TRAF3","OCLN"
"BTK","CRTC2","OCLN"
"BTK","INPP5D","OCLN"
"BTK","SET","OCLN"
"BTK","PIK3CG","OCLN"
"BTK","TRPV1","OCLN"
"BTK","PPP1R14A","OCLN"
"BTK","BCL10","OCLN"
"BTK","PIK3R6","OCLN"
"BTK","MRE11","OCLN"
"BTK","HDAC2","OCLN"
"BTK","DDX58","OCLN"
"BTK","MST1R","OCLN"
"BTK","ROR2","OCLN"
"BTK","RAD50","OCLN"
"BTK","WDFY3","OCLN"
"BTK","HOXB7","OCLN"
"BTK","PIK3C3","OCLN"
"BTK","RND1","OCLN"
"BTK","STING1","OCLN"
"BTK","SPEN","OCLN"
"BTK","NFKB1","OCLN"
"BTK","CTDP1","OCLN"
"BTK","TELO2","OCLN"
"BTK","BLVRA","OCLN"
"BTK","CLSPN","OCLN"
"BTK","MAPKAP1","OCLN"
"BTK","GRB7","OCLN"
"BTK","BAZ1B","OCLN"
"BTK","PLCG2","OCLN"
"BTK","RBL2","OCLN"
"BTK","PABIR1","OCLN"
"BTK","CHUK","CETN3"
"BTK","AKT2","CETN3"
"BTK","PTEN","CETN3"
"BTK","PRKCQ","CETN3"
"BTK","AKT1","CETN3"
"BTK","PRKG1","CETN3"
"BTK","RPS6K","CETN3"
"BTK","CALM2","CETN3"
"BTK","ERK1/2","CETN3"
"BTK","LCK","CETN3"
"BTK","CDK9","CETN3"
"BTK","ABL1","CETN3"
"BTK","RPS6KA5","CETN3"
"BTK","WNK1","CETN3"
"BTK","PDPK1","CETN3"
"BTK","PRKCG","CETN3"
"BTK","MAP3K7","CETN3"
"BTK","AKT","CETN3"
"BTK","IKBKB","CETN3"
"BTK","MAP3K4","CETN3"
"BTK","DAPK1","CETN3"
"BTK","RPS6KA3","CETN3"
"BTK","BCL3","CETN3"
"BTK","DVL1","CETN3"
"BTK","GRB2","CETN3"
"BTK","VCPIP1","CETN3"
"BTK","ATR","CETN3"
"BTK","SGK3","CETN3"
"BTK","CCND1","CETN3"
"BTK","ILK","CETN3"
"BTK","STAP1","CETN3"
"BTK","TBK1","CETN3"
"BTK","SPRED1","CETN3"
"BTK","MEK1/2","CETN3"
"BTK","PTPN7","CETN3"
"BTK","CALM1","CETN3"
"BTK","STK38","CETN3"
"BTK","TLK1","CETN3"
"BTK","C9orf72","CETN3"
"BTK","MAP4K1","CETN3"
"BTK","RET","CETN3"
"BTK","DDX41","CETN3"
"BTK","SHC1","CETN3"
"BTK","RPS6KA4","CETN3"
"BTK","RELA","CETN3"
"BTK","MAP3K8","CETN3"
"BTK","CDKN1B","CETN3"
"BTK","FBLIM1","CETN3"
"BTK","GRIP1","CETN3"
"BTK","CCR2","CETN3"
"BTK","STIP1","CETN3"
"BTK","TRAF3","CETN3"
"BTK","CRTC2","CETN3"
"BTK","INPP5D","CETN3"
"BTK","FRS2","CETN3"
"BTK","IMPDH2","CETN3"
"BTK","SH2B2","CETN3"
"BTK","TRPV1","CETN3"
"BTK","PPP1R14A","CETN3"
"BTK","PIK3R6","CETN3"
"BTK","MRE11","CETN3"
"BTK","KSR1","CETN3"
"BTK","DDX58","CETN3"
"BTK","MST1R","CETN3"
"BTK","ABI1","CETN3"
"BTK","IFIH1","CETN3"
"BTK","TTI1","CETN3"
"BTK","WDFY3","CETN3"
"BTK","LRP6","CETN3"
"BTK","GRB14","CETN3"
"BTK","HOXB7","CETN3"
"BTK","PIK3C3","CETN3"
"BTK","RND1","CETN3"
"BTK","SPEN","CETN3"
"BTK","NFKB1","CETN3"
"BTK","TELO2","CETN3"
"BTK","BLVRA","CETN3"
"BTK","CLSPN","CETN3"
"BTK","MAPKAP1","CETN3"
"BTK","GRB7","CETN3"
"BTK","BAZ1B","CETN3"
"BTK","RBL2","CETN3"
"BTK","PPP1R14B","CETN3"
"BTK","PABIR1","CETN3"
"BTK","MAPK3","NCR2"
"BTK","AKT3","NCR2"
"BTK","CHUK","NCR2"
"BTK","AKT2","NCR2"
"BTK","RPS6K","NCR2"
"BTK","CALM2","NCR2"
"BTK","ERK1/2","NCR2"
"BTK","LCK","NCR2"
"BTK","CDK9","NCR2"
"BTK","ABL1","NCR2"
"BTK","RPS6KA5","NCR2"
"BTK","MAP2K1","NCR2"
"BTK","PRKCB","NCR2"
"BTK","CyclinD/CDK4","NCR2"
"BTK","DAPK1","NCR2"
"BTK","FGG","NCR2"
"BTK","LEPR","NCR2"
"BTK","ITK","NCR2"
"BTK","BCL3","NCR2"
"BTK","DVL1","NCR2"
"BTK","FZR1","NCR2"
"BTK","VCPIP1","NCR2"
"BTK","ATR","NCR2"
"BTK","STAP1","NCR2"
"BTK","PTPN7","NCR2"
"BTK","CALM1","NCR2"
"BTK","STK38","NCR2"
"BTK","C9orf72","NCR2"
"BTK","RET","NCR2"
"BTK","DDX41","NCR2"
"BTK","IKK-complex","NCR2"
"BTK","SHC1","NCR2"
"BTK","RPS6KA4","NCR2"
"BTK","RELA","NCR2"
"BTK","CCR2","NCR2"
"BTK","TRAF3","NCR2"
"BTK","PIK3CG","NCR2"
"BTK","BCL10","NCR2"
"BTK","MST1R","NCR2"
"BTK","ROR2","NCR2"
"BTK","WDFY3","NCR2"
"BTK","LRP6","NCR2"
"BTK","GRB14","NCR2"
"BTK","PIK3C3","NCR2"
"BTK","SPEN","NCR2"
"BTK","NFKB1","NCR2"
"BTK","CTDP1","NCR2"
"BTK","BLVRA","NCR2"
"BTK","MAPKAP1","NCR2"
"BTK","GRB7","NCR2"
"BTK","MAPK3","ARHGEF2"
"BTK","PRKG1","ARHGEF2"
"BTK","CCP110","ARHGEF2"
"BTK","CALM2","ARHGEF2"
"BTK","CDK9","ARHGEF2"
"BTK","ABL1","ARHGEF2"
"BTK","SGK1","ARHGEF2"
"BTK","PRKCG","ARHGEF2"
"BTK","MAP3K1","ARHGEF2"
"BTK","MAP3K7","ARHGEF2"
"BTK","AKT","ARHGEF2"
"BTK","PXN","ARHGEF2"
"BTK","RPS6KA3","ARHGEF2"
"BTK","BCL3","ARHGEF2"
"BTK","ATR","ARHGEF2"
"BTK","IKBKE","ARHGEF2"
"BTK","CCND1","ARHGEF2"
"BTK","ILK","ARHGEF2"
"BTK","TBK1","ARHGEF2"
"BTK","MEK1/2","ARHGEF2"
"BTK","STK38","ARHGEF2"
"BTK","MAP4K1","ARHGEF2"
"BTK","RPS6KA4","ARHGEF2"
"BTK","GPSM3","ARHGEF2"
"BTK","RELA","ARHGEF2"
"BTK","MAPKAPK5","ARHGEF2"
"BTK","MAP3K8","ARHGEF2"
"BTK","TMIGD2","ARHGEF2"
"BTK","PSTPIP1","ARHGEF2"
"BTK","TRAF3","ARHGEF2"
"BTK","FRS2","ARHGEF2"
"BTK","CCNE1","ARHGEF2"
"BTK","IMPDH2","ARHGEF2"
"BTK","SH2B2","ARHGEF2"
"BTK","BCL10","ARHGEF2"
"BTK","PIK3R6","ARHGEF2"
"BTK","DDX58","ARHGEF2"
"BTK","MST1R","ARHGEF2"
"BTK","ABI1","ARHGEF2"
"BTK","GRB14","ARHGEF2"
"BTK","TELO2","ARHGEF2"
"BTK","GRB7","ARHGEF2"
"BTK","PLCG2","ARHGEF2"
"BTK","AKT3","TUBG1"
"BTK","AKT1","TUBG1"
"BTK","PRKG1","TUBG1"
"BTK","CCP110","TUBG1"
"BTK","RPS6K","TUBG1"
"BTK","ERK1/2","TUBG1"
"BTK","Gbeta","TUBG1"
"BTK","LCK","TUBG1"
"BTK","MAP2K1","TUBG1"
"BTK","PRKCB","TUBG1"
"BTK","PRKCZ","TUBG1"
"BTK","MAP3K1","TUBG1"
"BTK","FGG","TUBG1"
"BTK","BCL3","TUBG1"
"BTK","FZR1","TUBG1"
"BTK","PTK6","TUBG1"
"BTK","CCND1","TUBG1"
"BTK","FADD","TUBG1"
"BTK","C9orf72","TUBG1"
"BTK","DDX41","TUBG1"
"BTK","NTRK1","TUBG1"
"BTK","MAP3K8","TUBG1"
"BTK","PTPRR","TUBG1"
"BTK","CDKN1B","TUBG1"
"BTK","FBLIM1","TUBG1"
"BTK","TEC","TUBG1"
"BTK","TMIGD2","TUBG1"
"BTK","CCR2","TUBG1"
"BTK","STIP1","TUBG1"
"BTK","PSTPIP1","TUBG1"
"BTK","TRAF3","TUBG1"
"BTK","FRS2","TUBG1"
"BTK","CCNE1","TUBG1"
"BTK","IMPDH2","TUBG1"
"BTK","SET","TUBG1"
"BTK","SH2B2","TUBG1"
"BTK","TRPV1","TUBG1"
"BTK","MRE11","TUBG1"
"BTK","ROR2","TUBG1"
"BTK","LRP6","TUBG1"
"BTK","GRB14","TUBG1"
"BTK","HOXB7","TUBG1"
"BTK","PIK3C3","TUBG1"
"BTK","RND1","TUBG1"
"BTK","STING1","TUBG1"
"BTK","CTDP1","TUBG1"
"BTK","BLVRA","TUBG1"
"BTK","CLSPN","TUBG1"
"BTK","MAPKAP1","TUBG1"
"BTK","BAZ1B","TUBG1"
"BTK","PPP1R14B","TUBG1"
"BTK","PABIR1","TUBG1"
"BTK","AKT3","STAT3"
"BTK","MTOR","STAT3"
"BTK","AKT1","STAT3"
"BTK","PRKG1","STAT3"
"BTK","RPS6K","STAT3"
"BTK","CALM2","STAT3"
"BTK","ERK1/2","STAT3"
"BTK","LCK","STAT3"
"BTK","WNK1","STAT3"
"BTK","PDPK1","STAT3"
"BTK","MAP2K1","STAT3"
"BTK","PRKCZ","STAT3"
"BTK","AKT","STAT3"
"BTK","IKBKB","STAT3"
"BTK","WWTR1","STAT3"
"BTK","DOK1","STAT3"
"BTK","MAP3K4","STAT3"
"BTK","PXN","STAT3"
"BTK","FGG","STAT3"
"BTK","RPS6KA3","STAT3"
"BTK","BCL3","STAT3"
"BTK","GRB2","STAT3"
"BTK","ATR","STAT3"
"BTK","IKBKE","STAT3"
"BTK","TBK1","STAT3"
"BTK","SPRED1","STAT3"
"BTK","PTPN7","STAT3"
"BTK","CALM1","STAT3"
"BTK","FADD","STAT3"
"BTK","STK38","STAT3"
"BTK","RET","STAT3"
"BTK","IKK-complex","STAT3"
"BTK","SHC1","STAT3"
"BTK","NTRK1","STAT3"
"BTK","MAPKAPK5","STAT3"
"BTK","EPHA2","STAT3"
"BTK","FBLIM1","STAT3"
"BTK","VCP","STAT3"
"BTK","CCR2","STAT3"
"BTK","STIP1","STAT3"
"BTK","CRTC2","STAT3"
"BTK","INPP5D","STAT3"
"BTK","FRS2","STAT3"
"BTK","CCNE1","STAT3"
"BTK","IMPDH2","STAT3"
"BTK","SET","STAT3"
"BTK","PIK3CG","STAT3"
"BTK","SH2B2","STAT3"
"BTK","PPP1R14A","STAT3"
"BTK","PIK3R6","STAT3"
"BTK","MRE11","STAT3"
"BTK","HDAC2","STAT3"
"BTK","DDX58","STAT3"
"BTK","MST1R","STAT3"
"BTK","IFIH1","STAT3"
"BTK","TTI1","STAT3"
"BTK","LRP6","STAT3"
"BTK","HOXB7","STAT3"
"BTK","RND1","STAT3"
"BTK","STING1","STAT3"
"BTK","SPEN","STAT3"
"BTK","NFKB1","STAT3"
"BTK","CTDP1","STAT3"
"BTK","TELO2","STAT3"
"BTK","BLVRA","STAT3"
"BTK","CLSPN","STAT3"
"BTK","MAPKAP1","STAT3"
"BTK","PPP1R14B","STAT3"
"BTK","MAPK3","SOS1"
"BTK","AKT3","SOS1"
"BTK","PRKCQ","SOS1"
"BTK","MTOR","SOS1"
"BTK","AKT1","SOS1"
"BTK","PRKG1","SOS1"
"BTK","CCP110","SOS1"
"BTK","CALM2","SOS1"
"BTK","ERK1/2","SOS1"
"BTK","Gbeta","SOS1"
"BTK","LCK","SOS1"
"BTK","CDK9","SOS1"
"BTK","PDPK1","SOS1"
"BTK","SGK1","SOS1"
"BTK","MAP2K1","SOS1"
"BTK","PRKCB","SOS1"
"BTK","PRKCG","SOS1"
"BTK","PRKCZ","SOS1"
"BTK","CyclinD/CDK4","SOS1"
"BTK","MAP3K1","SOS1"
"BTK","AKT","SOS1"
"BTK","IKBKB","SOS1"
"BTK","DOK1","SOS1"
"BTK","DAPK1","SOS1"
"BTK","LEPR","SOS1"
"BTK","RPS6KA3","SOS1"
"BTK","BCL3","SOS1"
"BTK","ATR","SOS1"
"BTK","ILK","SOS1"
"BTK","STAP1","SOS1"
"BTK","STK38","SOS1"
"BTK","CDKN2A","SOS1"
"BTK","MAP4K1","SOS1"
"BTK","DDX41","SOS1"
"BTK","CDKN1B","SOS1"
"BTK","FBLIM1","SOS1"
"BTK","STIP1","SOS1"
"BTK","PSTPIP1","SOS1"
"BTK","CRTC2","SOS1"
"BTK","CD28","SOS1"
"BTK","FRS2","SOS1"
"BTK","CCNE1","SOS1"
"BTK","SET","SOS1"
"BTK","PIK3CG","SOS1"
"BTK","TRPV1","SOS1"
"BTK","ABI1","SOS1"
"BTK","WDFY3","SOS1"
"BTK","LRP6","SOS1"
"BTK","GRB14","SOS1"
"BTK","HOXB7","SOS1"
"BTK","PIK3C3","SOS1"
"BTK","RND1","SOS1"
"BTK","SPEN","SOS1"
"BTK","NFKB1","SOS1"
"BTK","TELO2","SOS1"
"BTK","CLSPN","SOS1"
"BTK","GRB7","SOS1"
"BTK","RBL2","SOS1"
"BTK","PPP1R14B","SOS1"
"BTK","MAPK3","CASP2"
"BTK","AKT3","CASP2"
"BTK","CHUK","CASP2"
"BTK","AKT2","CASP2"
"BTK","PTEN","CASP2"
"BTK","PRKCQ","CASP2"
"BTK","MTOR","CASP2"
"BTK","AKT1","CASP2"
"BTK","RPS6K","CASP2"
"BTK","ERK1/2","CASP2"
"BTK","Gbeta","CASP2"
"BTK","LCK","CASP2"
"BTK","CDK9","CASP2"
"BTK","RPS6KA5","CASP2"
"BTK","WNK1","CASP2"
"BTK","PDPK1","CASP2"
"BTK","SGK1","CASP2"
"BTK","MAP2K1","CASP2"
"BTK","PRKCG","CASP2"
"BTK","PRKCZ","CASP2"
"BTK","CyclinD/CDK4","CASP2"
"BTK","MAP3K1","CASP2"
"BTK","MAP3K7","CASP2"
"BTK","IKBKB","CASP2"
"BTK","WWTR1","CASP2"
"BTK","DOK1","CASP2"
"BTK","MAP3K4","CASP2"
"BTK","DAPK1","CASP2"
"BTK","PXN","CASP2"
"BTK","LEPR","CASP2"
"BTK","ITK","CASP2"
"BTK","RPS6KA3","CASP2"
"BTK","BCL3","CASP2"
"BTK","FZR1","CASP2"
"BTK","VCPIP1","CASP2"
"BTK","ATR","CASP2"
"BTK","CCND1","CASP2"
"BTK","ILK","CASP2"
"BTK","SPRED1","CASP2"
"BTK","MEK1/2","CASP2"
"BTK","STK38","CASP2"
"BTK","TLK1","CASP2"
"BTK","MAP4K1","CASP2"
"BTK","RET","CASP2"
"BTK","RPS6KA4","CASP2"
"BTK","NTRK1","CASP2"
"BTK","GPSM3","CASP2"
"BTK","RELA","CASP2"
"BTK","MAPKAPK5","CASP2"
"BTK","EPHA2","CASP2"
"BTK","MAP3K8","CASP2"
"BTK","CDKN1B","CASP2"
"BTK","TEC","CASP2"
"BTK","GRIP1","CASP2"
"BTK","TMIGD2","CASP2"
"BTK","CCR2","CASP2"
"BTK","PSTPIP1","CASP2"
"BTK","ARRB2","CASP2"
"BTK","CRTC2","CASP2"
"BTK","INPP5D","CASP2"
"BTK","IMPDH2","CASP2"
"BTK","SET","CASP2"
"BTK","PIK3CG","CASP2"
"BTK","TRPV1","CASP2"
"BTK","PPP1R14A","CASP2"
"BTK","BCL10","CASP2"
"BTK","HDAC2","CASP2"
"BTK","DDX58","CASP2"
"BTK","MST1R","CASP2"
"BTK","ROR2","CASP2"
"BTK","ABI1","CASP2"
"BTK","LRP6","CASP2"
"BTK","RND1","CASP2"
"BTK","CLSPN","CASP2"
"BTK","MAPKAP1","CASP2"
"BTK","PABIR1","CASP2"
"BTK","AKT2","CFTR"
"BTK","PTEN","CFTR"
"BTK","AKT1","CFTR"
"BTK","PRKG1","CFTR"
"BTK","CALM2","CFTR"
"BTK","Gbeta","CFTR"
"BTK","LCK","CFTR"
"BTK","SGK1","CFTR"
"BTK","IKBKB","CFTR"
"BTK","WWTR1","CFTR"
"BTK","MAP3K4","CFTR"
"BTK","FGG","CFTR"
"BTK","RPS6KA3","CFTR"
"BTK","GRB2","CFTR"
"BTK","ATR","CFTR"
"BTK","SGK3","CFTR"
"BTK","CCND1","CFTR"
"BTK","ILK","CFTR"
"BTK","MEK1/2","CFTR"
"BTK","FADD","CFTR"
"BTK","STK38","CFTR"
"BTK","MAP4K1","CFTR"
"BTK","RET","CFTR"
"BTK","DDX41","CFTR"
"BTK","GPSM3","CFTR"
"BTK","MAPKAPK5","CFTR"
"BTK","PTPRR","CFTR"
"BTK","GRIP1","CFTR"
"BTK","PSTPIP1","CFTR"
"BTK","CD28","CFTR"
"BTK","PPP1R14A","CFTR"
"BTK","DDX58","CFTR"
"BTK","ABI1","CFTR"
"BTK","WDFY3","CFTR"
"BTK","GRB14","CFTR"
"BTK","RND1","CFTR"
"BTK","STING1","CFTR"
"BTK","SPEN","CFTR"
"BTK","NFKB1","CFTR"
"BTK","TELO2","CFTR"
"BTK","GRB7","CFTR"
"BTK","BAZ1B","CFTR"
"BTK","PABIR1","CFTR"
"BTK","MAPK3","URI1"
"BTK","AKT3","URI1"
"BTK","AKT2","URI1"
"BTK","CCP110","URI1"
"BTK","RPS6K","URI1"
"BTK","ERK1/2","URI1"
"BTK","RPS6KA5","URI1"
"BTK","MAP2K1","URI1"
"BTK","PRKCG","URI1"
"BTK","CyclinD/CDK4","URI1"
"BTK","MAP3K1","URI1"
"BTK","AKT","URI1"
"BTK","IKBKB","URI1"
"BTK","PXN","URI1"
"BTK","FGG","URI1"
"BTK","LEPR","URI1"
"BTK","ITK","URI1"
"BTK","BCL3","URI1"
"BTK","DVL1","URI1"
"BTK","CCND1","URI1"
"BTK","ILK","URI1"
"BTK","TBK1","URI1"
"BTK","MEK1/2","URI1"
"BTK","C9orf72","URI1"
"BTK","RET","URI1"
"BTK","RPS6KA4","URI1"
"BTK","GPSM3","URI1"
"BTK","FBLIM1","URI1"
"BTK","CCR2","URI1"
"BTK","ARRB2","URI1"
"BTK","CD28","URI1"
"BTK","IMPDH2","URI1"
"BTK","SH2B2","URI1"
"BTK","BCL10","URI1"
"BTK","KSR1","URI1"
"BTK","ROR2","URI1"
"BTK","WDFY3","URI1"
"BTK","LRP6","URI1"
"BTK","GRB14","URI1"
"BTK","NFKB1","URI1"
"BTK","CTDP1","URI1"
"BTK","TELO2","URI1"
"BTK","BLVRA","URI1"
"BTK","GRB7","URI1"
"BTK","BAZ1B","URI1"
"BTK","PABIR1","URI1"
"BTK","CHUK","TK1"
"BTK","AKT2","TK1"
"BTK","PTEN","TK1"
"BTK","AKT1","TK1"
"BTK","CALM2","TK1"
"BTK","ERK1/2","TK1"
"BTK","Gbeta","TK1"
"BTK","PDPK1","TK1"
"BTK","PRKCB","TK1"
"BTK","MAP3K1","TK1"
"BTK","MAP3K7","TK1"
"BTK","MAP3K4","TK1"
"BTK","DAPK1","TK1"
"BTK","FGG","TK1"
"BTK","FZR1","TK1"
"BTK","ATR","TK1"
"BTK","SPRED1","TK1"
"BTK","PTPN7","TK1"
"BTK","CALM1","TK1"
"BTK","STK38","TK1"
"BTK","RELA","TK1"
"BTK","VCP","TK1"
"BTK","TMIGD2","TK1"
"BTK","CCR2","TK1"
"BTK","STIP1","TK1"
"BTK","PSTPIP1","TK1"
"BTK","ARRB2","TK1"
"BTK","SH2B2","TK1"
"BTK","TRPV1","TK1"
"BTK","PPP1R14A","TK1"
"BTK","DDX58","TK1"
"BTK","RAD50","TK1"
"BTK","TTI1","TK1"
"BTK","HOXB7","TK1"
"BTK","PIK3C3","TK1"
"BTK","SPEN","TK1"
"BTK","CTDP1","TK1"
"BTK","TELO2","TK1"
"BTK","BLVRA","TK1"
"BTK","BAZ1B","TK1"
"BTK","PPP1R14B","TK1"
"BTK","PABIR1","TK1"
"BTK","MAPK3","STAT5A"
"BTK","CHUK","STAT5A"
"BTK","PTEN","STAT5A"
"BTK","MTOR","STAT5A"
"BTK","AKT1","STAT5A"
"BTK","PRKG1","STAT5A"
"BTK","RPS6K","STAT5A"
"BTK","MAP2K1","STAT5A"
"BTK","PRKCG","STAT5A"
"BTK","WWTR1","STAT5A"
"BTK","FGG","STAT5A"
"BTK","LEPR","STAT5A"
"BTK","RPS6KA3","STAT5A"
"BTK","BCL3","STAT5A"
"BTK","DVL1","STAT5A"
"BTK","GRB2","STAT5A"
"BTK","IKBKE","STAT5A"
"BTK","STAP1","STAT5A"
"BTK","CALM1","STAT5A"
"BTK","FADD","STAT5A"
"BTK","C9orf72","STAT5A"
"BTK","RPS6KA4","STAT5A"
"BTK","NTRK1","STAT5A"
"BTK","CDKN1B","STAT5A"
"BTK","CCR2","STAT5A"
"BTK","STIP1","STAT5A"
"BTK","CRTC2","STAT5A"
"BTK","CCNE1","STAT5A"
"BTK","SH2B2","STAT5A"
"BTK","DDX58","STAT5A"
"BTK","UBXN2B","STAT5A"
"BTK","ROR2","STAT5A"
"BTK","TTI1","STAT5A"
"BTK","HOXB7","STAT5A"
"BTK","PIK3C3","STAT5A"
"BTK","RND1","STAT5A"
"BTK","SPEN","STAT5A"
"BTK","PPP1R14B","STAT5A"
"BTK","CHUK","PFN1"
"BTK","PRKG1","PFN1"
"BTK","CALM2","PFN1"
"BTK","ERK1/2","PFN1"
"BTK","CDK9","PFN1"
"BTK","RPS6KA5","PFN1"
"BTK","PDPK1","PFN1"
"BTK","MAP2K1","PFN1"
"BTK","PRKCG","PFN1"
"BTK","CyclinD/CDK4","PFN1"
"BTK","IKBKB","PFN1"
"BTK","PXN","PFN1"
"BTK","LEPR","PFN1"
"BTK","ITK","PFN1"
"BTK","DVL1","PFN1"
"BTK","GRB2","PFN1"
"BTK","VCPIP1","PFN1"
"BTK","ATR","PFN1"
"BTK","PTK6","PFN1"
"BTK","IKBKE","PFN1"
"BTK","CCND1","PFN1"
"BTK","STAP1","PFN1"
"BTK","TBK1","PFN1"
"BTK","SPRED1","PFN1"
"BTK","STK38","PFN1"
"BTK","CDKN2A","PFN1"
"BTK","SHC1","PFN1"
"BTK","MAPKAPK5","PFN1"
"BTK","VCP","PFN1"
"BTK","CCR2","PFN1"
"BTK","STIP1","PFN1"
"BTK","PSTPIP1","PFN1"
"BTK","ARRB2","PFN1"
"BTK","TRAF3","PFN1"
"BTK","CRTC2","PFN1"
"BTK","CCNE1","PFN1"
"BTK","PIK3CG","PFN1"
"BTK","SH2B2","PFN1"
"BTK","TRPV1","PFN1"
"BTK","BCL10","PFN1"
"BTK","KSR1","PFN1"
"BTK","DDX58","PFN1"
"BTK","UBXN2B","PFN1"
"BTK","MST1R","PFN1"
"BTK","ROR2","PFN1"
"BTK","TTI1","PFN1"
"BTK","MAPKAP1","PFN1"
"BTK","BAZ1B","PFN1"
"BTK","PPP1R14B","PFN1"
"BTK","CHUK","AM/b2 integrin"
"BTK","PTEN","AM/b2 integrin"
"BTK","AKT1","AM/b2 integrin"
"BTK","RPS6K","AM/b2 integrin"
"BTK","ERK1/2","AM/b2 integrin"
"BTK","LCK","AM/b2 integrin"
"BTK","CDK9","AM/b2 integrin"
"BTK","ABL1","AM/b2 integrin"
"BTK","PDPK1","AM/b2 integrin"
"BTK","MAP2K1","AM/b2 integrin"
"BTK","PRKCG","AM/b2 integrin"
"BTK","PRKCZ","AM/b2 integrin"
"BTK","CyclinD/CDK4","AM/b2 integrin"
"BTK","MAP3K4","AM/b2 integrin"
"BTK","DAPK1","AM/b2 integrin"
"BTK","FGG","AM/b2 integrin"
"BTK","BCL3","AM/b2 integrin"
"BTK","DVL1","AM/b2 integrin"
"BTK","FZR1","AM/b2 integrin"
"BTK","GRB2","AM/b2 integrin"
"BTK","SGK3","AM/b2 integrin"
"BTK","PTK6","AM/b2 integrin"
"BTK","IKBKE","AM/b2 integrin"
"BTK","CCND1","AM/b2 integrin"
"BTK","ILK","AM/b2 integrin"
"BTK","STAP1","AM/b2 integrin"
"BTK","TBK1","AM/b2 integrin"
"BTK","SPRED1","AM/b2 integrin"
"BTK","MEK1/2","AM/b2 integrin"
"BTK","PTPN7","AM/b2 integrin"
"BTK","STK38","AM/b2 integrin"
"BTK","CDKN2A","AM/b2 integrin"
"BTK","RET","AM/b2 integrin"
"BTK","SHC1","AM/b2 integrin"
"BTK","RPS6KA4","AM/b2 integrin"
"BTK","NTRK1","AM/b2 integrin"
"BTK","RELA","AM/b2 integrin"
"BTK","MAPKAPK5","AM/b2 integrin"
"BTK","EPHA2","AM/b2 integrin"
"BTK","PTPRR","AM/b2 integrin"
"BTK","TMIGD2","AM/b2 integrin"
"BTK","CCR2","AM/b2 integrin"
"BTK","STIP1","AM/b2 integrin"
"BTK","ARRB2","AM/b2 integrin"
"BTK","TRAF3","AM/b2 integrin"
"BTK","CD28","AM/b2 integrin"
"BTK","CCNE1","AM/b2 integrin"
"BTK","SET","AM/b2 integrin"
"BTK","PIK3CG","AM/b2 integrin"
"BTK","TRPV1","AM/b2 integrin"
"BTK","PPP1R14A","AM/b2 integrin"
"BTK","BCL10","AM/b2 integrin"
"BTK","PIK3R6","AM/b2 integrin"
"BTK","HDAC2","AM/b2 integrin"
"BTK","KSR1","AM/b2 integrin"
"BTK","UBXN2B","AM/b2 integrin"
"BTK","MST1R","AM/b2 integrin"
"BTK","ROR2","AM/b2 integrin"
"BTK","IFIH1","AM/b2 integrin"
"BTK","LRP6","AM/b2 integrin"
"BTK","GRB14","AM/b2 integrin"
"BTK","PIK3C3","AM/b2 integrin"
"BTK","RND1","AM/b2 integrin"
"BTK","NFKB1","AM/b2 integrin"
"BTK","TELO2","AM/b2 integrin"
"BTK","BLVRA","AM/b2 integrin"
"BTK","MAPKAP1","AM/b2 integrin"
"BTK","BAZ1B","AM/b2 integrin"
"BTK","MAPK3","A6/b1 integrin"
"BTK","AKT3","A6/b1 integrin"
"BTK","MTOR","A6/b1 integrin"
"BTK","PRKG1","A6/b1 integrin"
"BTK","CCP110","A6/b1 integrin"
"BTK","ERK1/2","A6/b1 integrin"
"BTK","Gbeta","A6/b1 integrin"
"BTK","LCK","A6/b1 integrin"
"BTK","CDK9","A6/b1 integrin"
"BTK","RPS6KA5","A6/b1 integrin"
"BTK","WNK1","A6/b1 integrin"
"BTK","PDPK1","A6/b1 integrin"
"BTK","SGK1","A6/b1 integrin"
"BTK","CyclinD/CDK4","A6/b1 integrin"
"BTK","MAP3K1","A6/b1 integrin"
"BTK","MAP3K7","A6/b1 integrin"
"BTK","AKT","A6/b1 integrin"
"BTK","IKBKB","A6/b1 integrin"
"BTK","DOK1","A6/b1 integrin"
"BTK","PXN","A6/b1 integrin"
"BTK","FGG","A6/b1 integrin"
"BTK","BCL3","A6/b1 integrin"
"BTK","DVL1","A6/b1 integrin"
"BTK","GRB2","A6/b1 integrin"
"BTK","VCPIP1","A6/b1 integrin"
"BTK","PTK6","A6/b1 integrin"
"BTK","IKBKE","A6/b1 integrin"
"BTK","CCND1","A6/b1 integrin"
"BTK","ILK","A6/b1 integrin"
"BTK","CALM1","A6/b1 integrin"
"BTK","STK38","A6/b1 integrin"
"BTK","C9orf72","A6/b1 integrin"
"BTK","MAP4K1","A6/b1 integrin"
"BTK","IKK-complex","A6/b1 integrin"
"BTK","SHC1","A6/b1 integrin"
"BTK","RPS6KA4","A6/b1 integrin"
"BTK","NTRK1","A6/b1 integrin"
"BTK","EPHA2","A6/b1 integrin"
"BTK","MAP3K8","A6/b1 integrin"
"BTK","PTPRR","A6/b1 integrin"
"BTK","CDKN1B","A6/b1 integrin"
"BTK","FBLIM1","A6/b1 integrin"
"BTK","VCP","A6/b1 integrin"
"BTK","GRIP1","A6/b1 integrin"
"BTK","TMIGD2","A6/b1 integrin"
"BTK","CCR2","A6/b1 integrin"
"BTK","STIP1","A6/b1 integrin"
"BTK","ARRB2","A6/b1 integrin"
"BTK","CD28","A6/b1 integrin"
"BTK","FRS2","A6/b1 integrin"
"BTK","CCNE1","A6/b1 integrin"
"BTK","IMPDH2","A6/b1 integrin"
"BTK","SET","A6/b1 integrin"
"BTK","PIK3CG","A6/b1 integrin"
"BTK","TRPV1","A6/b1 integrin"
"BTK","PIK3R6","A6/b1 integrin"
"BTK","UBXN2B","A6/b1 integrin"
"BTK","RAD50","A6/b1 integrin"
"BTK","GRB14","A6/b1 integrin"
"BTK","SPEN","A6/b1 integrin"
"BTK","GRB7","A6/b1 integrin"
"BTK","RBL2","A6/b1 integrin"
"BTK","AKT3","GNAZ"
"BTK","AKT2","GNAZ"
"BTK","Gbeta","GNAZ"
"BTK","CDK9","GNAZ"
"BTK","ABL1","GNAZ"
"BTK","PRKCG","GNAZ"
"BTK","MAP3K1","GNAZ"
"BTK","AKT","GNAZ"
"BTK","IKBKB","GNAZ"
"BTK","DAPK1","GNAZ"
"BTK","FGG","GNAZ"
"BTK","LEPR","GNAZ"
"BTK","BCL3","GNAZ"
"BTK","DVL1","GNAZ"
"BTK","GRB2","GNAZ"
"BTK","ILK","GNAZ"
"BTK","STAP1","GNAZ"
"BTK","MEK1/2","GNAZ"
"BTK","CALM1","GNAZ"
"BTK","MAP4K1","GNAZ"
"BTK","GPSM3","GNAZ"
"BTK","MAP3K8","GNAZ"
"BTK","PTPRR","GNAZ"
"BTK","CDKN1B","GNAZ"
"BTK","FBLIM1","GNAZ"
"BTK","VCP","GNAZ"
"BTK","GRIP1","GNAZ"
"BTK","TMIGD2","GNAZ"
"BTK","CCR2","GNAZ"
"BTK","STIP1","GNAZ"
"BTK","ARRB2","GNAZ"
"BTK","CRTC2","GNAZ"
"BTK","FRS2","GNAZ"
"BTK","IMPDH2","GNAZ"
"BTK","PIK3CG","GNAZ"
"BTK","TRPV1","GNAZ"
"BTK","BCL10","GNAZ"
"BTK","PIK3R6","GNAZ"
"BTK","MRE11","GNAZ"
"BTK","HDAC2","GNAZ"
"BTK","KSR1","GNAZ"
"BTK","MST1R","GNAZ"
"BTK","WDFY3","GNAZ"
"BTK","GRB14","GNAZ"
"BTK","HOXB7","GNAZ"
"BTK","SPEN","GNAZ"
"BTK","NFKB1","GNAZ"
"BTK","CTDP1","GNAZ"
"BTK","TELO2","GNAZ"
"BTK","BLVRA","GNAZ"
"BTK","MAPKAP1","GNAZ"
"BTK","GRB7","GNAZ"
"BTK","BAZ1B","GNAZ"
"BTK","PLCG2","GNAZ"
"BTK","RBL2","GNAZ"
"BTK","AKT3","Av/b3 integrin"
"BTK","CHUK","Av/b3 integrin"
"BTK","AKT2","Av/b3 integrin"
"BTK","PTEN","Av/b3 integrin"
"BTK","PRKCQ","Av/b3 integrin"
"BTK","MTOR","Av/b3 integrin"
"BTK","AKT1","Av/b3 integrin"
"BTK","PRKG1","Av/b3 integrin"
"BTK","RPS6K","Av/b3 integrin"
"BTK","CALM2","Av/b3 integrin"
"BTK","Gbeta","Av/b3 integrin"
"BTK","CDK9","Av/b3 integrin"
"BTK","RPS6KA5","Av/b3 integrin"
"BTK","SGK1","Av/b3 integrin"
"BTK","PRKCZ","Av/b3 integrin"
"BTK","MAP3K4","Av/b3 integrin"
"BTK","DAPK1","Av/b3 integrin"
"BTK","BCL3","Av/b3 integrin"
"BTK","DVL1","Av/b3 integrin"
"BTK","ATR","Av/b3 integrin"
"BTK","CCND1","Av/b3 integrin"
"BTK","PTPN7","Av/b3 integrin"
"BTK","CALM1","Av/b3 integrin"
"BTK","STK38","Av/b3 integrin"
"BTK","C9orf72","Av/b3 integrin"
"BTK","RET","Av/b3 integrin"
"BTK","RPS6KA4","Av/b3 integrin"
"BTK","GPSM3","Av/b3 integrin"
"BTK","MAPKAPK5","Av/b3 integrin"
"BTK","EPHA2","Av/b3 integrin"
"BTK","CDKN1B","Av/b3 integrin"
"BTK","TMIGD2","Av/b3 integrin"
"BTK","CCR2","Av/b3 integrin"
"BTK","STIP1","Av/b3 integrin"
"BTK","PSTPIP1","Av/b3 integrin"
"BTK","CRTC2","Av/b3 integrin"
"BTK","CD28","Av/b3 integrin"
"BTK","SET","Av/b3 integrin"
"BTK","SH2B2","Av/b3 integrin"
"BTK","TRPV1","Av/b3 integrin"
"BTK","MRE11","Av/b3 integrin"
"BTK","RAD50","Av/b3 integrin"
"BTK","HOXB7","Av/b3 integrin"
"BTK","RND1","Av/b3 integrin"
"BTK","CTDP1","Av/b3 integrin"
"BTK","TELO2","Av/b3 integrin"
"BTK","BLVRA","Av/b3 integrin"
"BTK","MAPKAP1","Av/b3 integrin"
"BTK","RBL2","Av/b3 integrin"
"BTK","PPP1R14B","Av/b3 integrin"
"BTK","CALM2","FOXO4"
"BTK","Gbeta","FOXO4"
"BTK","ABL1","FOXO4"
"BTK","WNK1","FOXO4"
"BTK","PRKCG","FOXO4"
"BTK","PRKCZ","FOXO4"
"BTK","CyclinD/CDK4","FOXO4"
"BTK","DOK1","FOXO4"
"BTK","MAP3K4","FOXO4"
"BTK","PXN","FOXO4"
"BTK","LEPR","FOXO4"
"BTK","RPS6KA3","FOXO4"
"BTK","DVL1","FOXO4"
"BTK","ATR","FOXO4"
"BTK","SGK3","FOXO4"
"BTK","PTK6","FOXO4"
"BTK","IKBKE","FOXO4"
"BTK","CCND1","FOXO4"
"BTK","ILK","FOXO4"
"BTK","STAP1","FOXO4"
"BTK","MEK1/2","FOXO4"
"BTK","TLK1","FOXO4"
"BTK","C9orf72","FOXO4"
"BTK","CDKN2A","FOXO4"
"BTK","MAP4K1","FOXO4"
"BTK","RET","FOXO4"
"BTK","IKK-complex","FOXO4"
"BTK","RELA","FOXO4"
"BTK","MAPKAPK5","FOXO4"
"BTK","EPHA2","FOXO4"
"BTK","MAP3K8","FOXO4"
"BTK","PTPRR","FOXO4"
"BTK","CDKN1B","FOXO4"
"BTK","FBLIM1","FOXO4"
"BTK","VCP","FOXO4"
"BTK","CCR2","FOXO4"
"BTK","PSTPIP1","FOXO4"
"BTK","CD28","FOXO4"
"BTK","CCNE1","FOXO4"
"BTK","IMPDH2","FOXO4"
"BTK","MRE11","FOXO4"
"BTK","HDAC2","FOXO4"
"BTK","KSR1","FOXO4"
"BTK","MST1R","FOXO4"
"BTK","ROR2","FOXO4"
"BTK","IFIH1","FOXO4"
"BTK","TTI1","FOXO4"
"BTK","LRP6","FOXO4"
"BTK","GRB14","FOXO4"
"BTK","HOXB7","FOXO4"
"BTK","CTDP1","FOXO4"
"BTK","GRB7","FOXO4"
"BTK","RBL2","FOXO4"
"BTK","PABIR1","FOXO4"
"BTK","CHUK","RGS16"
"BTK","MTOR","RGS16"
"BTK","CALM2","RGS16"
"BTK","ERK1/2","RGS16"
"BTK","Gbeta","RGS16"
"BTK","LCK","RGS16"
"BTK","CDK9","RGS16"
"BTK","WNK1","RGS16"
"BTK","PDPK1","RGS16"
"BTK","MAP2K1","RGS16"
"BTK","PRKCG","RGS16"
"BTK","MAP3K7","RGS16"
"BTK","AKT","RGS16"
"BTK","IKBKB","RGS16"
"BTK","WWTR1","RGS16"
"BTK","DOK1","RGS16"
"BTK","MAP3K4","RGS16"
"BTK","ITK","RGS16"
"BTK","DVL1","RGS16"
"BTK","FZR1","RGS16"
"BTK","VCPIP1","RGS16"
"BTK","ILK","RGS16"
"BTK","STAP1","RGS16"
"BTK","TBK1","RGS16"
"BTK","SPRED1","RGS16"
"BTK","MEK1/2","RGS16"
"BTK","PTPN7","RGS16"
"BTK","CALM1","RGS16"
"BTK","STK38","RGS16"
"BTK","C9orf72","RGS16"
"BTK","CDKN2A","RGS16"
"BTK","MAP4K1","RGS16"
"BTK","DDX41","RGS16"
"BTK","SHC1","RGS16"
"BTK","RPS6KA4","RGS16"
"BTK","GPSM3","RGS16"
"BTK","PTPRR","RGS16"
"BTK","CDKN1B","RGS16"
"BTK","FBLIM1","RGS16"
"BTK","VCP","RGS16"
"BTK","GRIP1","RGS16"
"BTK","TMIGD2","RGS16"
"BTK","STIP1","RGS16"
"BTK","INPP5D","RGS16"
"BTK","FRS2","RGS16"
"BTK","SET","RGS16"
"BTK","HDAC2","RGS16"
"BTK","UBXN2B","RGS16"
"BTK","GRB14","RGS16"
"BTK","RND1","RGS16"
"BTK","NFKB1","RGS16"
"BTK","PABIR1","RGS16"
"BTK","MAPK3","IKZF1"
"BTK","AKT3","IKZF1"
"BTK","MTOR","IKZF1"
"BTK","RPS6K","IKZF1"
"BTK","CDK9","IKZF1"
"BTK","PDPK1","IKZF1"
"BTK","PRKCB","IKZF1"
"BTK","PRKCZ","IKZF1"
"BTK","CyclinD/CDK4","IKZF1"
"BTK","MAP3K7","IKZF1"
"BTK","RPS6KA3","IKZF1"
"BTK","SGK3","IKZF1"
"BTK","CCND1","IKZF1"
"BTK","PTPN7","IKZF1"
"BTK","FADD","IKZF1"
"BTK","TLK1","IKZF1"
"BTK","C9orf72","IKZF1"
"BTK","CDKN2A","IKZF1"
"BTK","MAP4K1","IKZF1"
"BTK","RET","IKZF1"
"BTK","DDX41","IKZF1"
"BTK","IKK-complex","IKZF1"
"BTK","SHC1","IKZF1"
"BTK","RPS6KA4","IKZF1"
"BTK","MAPKAPK5","IKZF1"
"BTK","PTPRR","IKZF1"
"BTK","CDKN1B","IKZF1"
"BTK","FBLIM1","IKZF1"
"BTK","TMIGD2","IKZF1"
"BTK","PSTPIP1","IKZF1"
"BTK","TRAF3","IKZF1"
"BTK","INPP5D","IKZF1"
"BTK","CCNE1","IKZF1"
"BTK","SH2B2","IKZF1"
"BTK","TRPV1","IKZF1"
"BTK","PPP1R14A","IKZF1"
"BTK","BCL10","IKZF1"
"BTK","MRE11","IKZF1"
"BTK","KSR1","IKZF1"
"BTK","UBXN2B","IKZF1"
"BTK","MST1R","IKZF1"
"BTK","ABI1","IKZF1"
"BTK","IFIH1","IKZF1"
"BTK","WDFY3","IKZF1"
"BTK","LRP6","IKZF1"
"BTK","GRB14","IKZF1"
"BTK","RND1","IKZF1"
"BTK","STING1","IKZF1"
"BTK","SPEN","IKZF1"
"BTK","BLVRA","IKZF1"
"BTK","MAPKAP1","IKZF1"
"BTK","GRB7","IKZF1"
"BTK","RBL2","IKZF1"
"BTK","PPP1R14B","IKZF1"
"BTK","PABIR1","IKZF1"
"BTK","AKT2","NRGN"
"BTK","PTEN","NRGN"
"BTK","PRKCQ","NRGN"
"BTK","MTOR","NRGN"
"BTK","PRKG1","NRGN"
"BTK","CCP110","NRGN"
"BTK","Gbeta","NRGN"
"BTK","ABL1","NRGN"
"BTK","WNK1","NRGN"
"BTK","SGK1","NRGN"
"BTK","PRKCB","NRGN"
"BTK","PRKCG","NRGN"
"BTK","PRKCZ","NRGN"
"BTK","CyclinD/CDK4","NRGN"
"BTK","MAP3K1","NRGN"
"BTK","MAP3K7","NRGN"
"BTK","IKBKB","NRGN"
"BTK","WWTR1","NRGN"
"BTK","DOK1","NRGN"
"BTK","MAP3K4","NRGN"
"BTK","PXN","NRGN"
"BTK","FGG","NRGN"
"BTK","LEPR","NRGN"
"BTK","RPS6KA3","NRGN"
"BTK","BCL3","NRGN"
"BTK","DVL1","NRGN"
"BTK","GRB2","NRGN"
"BTK","ATR","NRGN"
"BTK","SGK3","NRGN"
"BTK","PTK6","NRGN"
"BTK","CCND1","NRGN"
"BTK","STAP1","NRGN"
"BTK","MEK1/2","NRGN"
"BTK","CALM1","NRGN"
"BTK","STK38","NRGN"
"BTK","C9orf72","NRGN"
"BTK","MAP4K1","NRGN"
"BTK","RET","NRGN"
"BTK","DDX41","NRGN"
"BTK","IKK-complex","NRGN"
"BTK","SHC1","NRGN"
"BTK","RPS6KA4","NRGN"
"BTK","NTRK1","NRGN"
"BTK","GPSM3","NRGN"
"BTK","MAP3K8","NRGN"
"BTK","CDKN1B","NRGN"
"BTK","VCP","NRGN"
"BTK","STIP1","NRGN"
"BTK","PSTPIP1","NRGN"
"BTK","ARRB2","NRGN"
"BTK","TRAF3","NRGN"
"BTK","CRTC2","NRGN"
"BTK","INPP5D","NRGN"
"BTK","FRS2","NRGN"
"BTK","CCNE1","NRGN"
"BTK","IMPDH2","NRGN"
"BTK","SET","NRGN"
"BTK","PPP1R14A","NRGN"
"BTK","BCL10","NRGN"
"BTK","PIK3R6","NRGN"
"BTK","MRE11","NRGN"
"BTK","HDAC2","NRGN"
"BTK","KSR1","NRGN"
"BTK","DDX58","NRGN"
"BTK","UBXN2B","NRGN"
"BTK","ROR2","NRGN"
"BTK","ABI1","NRGN"
"BTK","RAD50","NRGN"
"BTK","WDFY3","NRGN"
"BTK","LRP6","NRGN"
"BTK","GRB14","NRGN"
"BTK","PIK3C3","NRGN"
"BTK","SPEN","NRGN"
"BTK","NFKB1","NRGN"
"BTK","TELO2","NRGN"
"BTK","BLVRA","NRGN"
"BTK","CLSPN","NRGN"
"BTK","PLCG2","NRGN"
"BTK","RBL2","NRGN"
"BTK","PTEN","ADD1"
"BTK","PRKCQ","ADD1"
"BTK","MTOR","ADD1"
"BTK","RPS6K","ADD1"
"BTK","CALM2","ADD1"
"BTK","ERK1/2","ADD1"
"BTK","LCK","ADD1"
"BTK","CDK9","ADD1"
"BTK","ABL1","ADD1"
"BTK","RPS6KA5","ADD1"
"BTK","WNK1","ADD1"
"BTK","PDPK1","ADD1"
"BTK","SGK1","ADD1"
"BTK","MAP2K1","ADD1"
"BTK","CyclinD/CDK4","ADD1"
"BTK","AKT","ADD1"
"BTK","IKBKB","ADD1"
"BTK","MAP3K4","ADD1"
"BTK","PXN","ADD1"
"BTK","LEPR","ADD1"
"BTK","RPS6KA3","ADD1"
"BTK","BCL3","ADD1"
"BTK","FZR1","ADD1"
"BTK","GRB2","ADD1"
"BTK","VCPIP1","ADD1"
"BTK","ATR","ADD1"
"BTK","SGK3","ADD1"
"BTK","IKBKE","ADD1"
"BTK","CCND1","ADD1"
"BTK","STAP1","ADD1"
"BTK","MEK1/2","ADD1"
"BTK","PTPN7","ADD1"
"BTK","STK38","ADD1"
"BTK","MAP4K1","ADD1"
"BTK","RET","ADD1"
"BTK","DDX41","ADD1"
"BTK","SHC1","ADD1"
"BTK","RPS6KA4","ADD1"
"BTK","NTRK1","ADD1"
"BTK","GPSM3","ADD1"
"BTK","RELA","ADD1"
"BTK","MAPKAPK5","ADD1"
"BTK","CDKN1B","ADD1"
"BTK","FBLIM1","ADD1"
"BTK","VCP","ADD1"
"BTK","GRIP1","ADD1"
"BTK","STIP1","ADD1"
"BTK","PSTPIP1","ADD1"
"BTK","ARRB2","ADD1"
"BTK","TRAF3","ADD1"
"BTK","CRTC2","ADD1"
"BTK","FRS2","ADD1"
"BTK","CCNE1","ADD1"
"BTK","SET","ADD1"
"BTK","SH2B2","ADD1"
"BTK","PPP1R14A","ADD1"
"BTK","PIK3R6","ADD1"
"BTK","KSR1","ADD1"
"BTK","DDX58","ADD1"
"BTK","IFIH1","ADD1"
"BTK","RAD50","ADD1"
"BTK","WDFY3","ADD1"
"BTK","GRB14","ADD1"
"BTK","PIK3C3","ADD1"
"BTK","NFKB1","ADD1"
"BTK","TELO2","ADD1"
"BTK","BLVRA","ADD1"
"BTK","MAPKAP1","ADD1"
"BTK","MAPK3","MEF2D"
"BTK","AKT3","MEF2D"
"BTK","CHUK","MEF2D"
"BTK","PRKCQ","MEF2D"
"BTK","CCP110","MEF2D"
"BTK","CALM2","MEF2D"
"BTK","LCK","MEF2D"
"BTK","RPS6KA5","MEF2D"
"BTK","PDPK1","MEF2D"
"BTK","PRKCB","MEF2D"
"BTK","PRKCG","MEF2D"
"BTK","DOK1","MEF2D"
"BTK","MAP3K4","MEF2D"
"BTK","DAPK1","MEF2D"
"BTK","ITK","MEF2D"
"BTK","BCL3","MEF2D"
"BTK","GRB2","MEF2D"
"BTK","VCPIP1","MEF2D"
"BTK","SGK3","MEF2D"
"BTK","CCND1","MEF2D"
"BTK","ILK","MEF2D"
"BTK","TBK1","MEF2D"
"BTK","PTPN7","MEF2D"
"BTK","STK38","MEF2D"
"BTK","MAP4K1","MEF2D"
"BTK","SHC1","MEF2D"
"BTK","NTRK1","MEF2D"
"BTK","MAPKAPK5","MEF2D"
"BTK","EPHA2","MEF2D"
"BTK","MAP3K8","MEF2D"
"BTK","PTPRR","MEF2D"
"BTK","FBLIM1","MEF2D"
"BTK","TEC","MEF2D"
"BTK","CCR2","MEF2D"
"BTK","TRAF3","MEF2D"
"BTK","FRS2","MEF2D"
"BTK","TRPV1","MEF2D"
"BTK","PPP1R14A","MEF2D"
"BTK","PIK3R6","MEF2D"
"BTK","UBXN2B","MEF2D"
"BTK","IFIH1","MEF2D"
"BTK","RAD50","MEF2D"
"BTK","TTI1","MEF2D"
"BTK","LRP6","MEF2D"
"BTK","PIK3C3","MEF2D"
"BTK","RND1","MEF2D"
"BTK","TELO2","MEF2D"
"BTK","BLVRA","MEF2D"
"BTK","CLSPN","MEF2D"
"BTK","MAPKAP1","MEF2D"
"BTK","PLCG2","MEF2D"
"BTK","RBL2","MEF2D"
"BTK","AKT2","LCP2"
"BTK","PTEN","LCP2"
"BTK","MTOR","LCP2"
"BTK","PRKG1","LCP2"
"BTK","RPS6KA5","LCP2"
"BTK","MAP2K1","LCP2"
"BTK","PRKCG","LCP2"
"BTK","WWTR1","LCP2"
"BTK","FGG","LCP2"
"BTK","RPS6KA3","LCP2"
"BTK","PTK6","LCP2"
"BTK","IKBKE","LCP2"
"BTK","CCND1","LCP2"
"BTK","ILK","LCP2"
"BTK","STAP1","LCP2"
"BTK","TBK1","LCP2"
"BTK","PTPN7","LCP2"
"BTK","CALM1","LCP2"
"BTK","FADD","LCP2"
"BTK","STK38","LCP2"
"BTK","TLK1","LCP2"
"BTK","C9orf72","LCP2"
"BTK","DDX41","LCP2"
"BTK","IKK-complex","LCP2"
"BTK","SHC1","LCP2"
"BTK","RPS6KA4","LCP2"
"BTK","NTRK1","LCP2"
"BTK","MAPKAPK5","LCP2"
"BTK","MAP3K8","LCP2"
"BTK","PTPRR","LCP2"
"BTK","VCP","LCP2"
"BTK","CCR2","LCP2"
"BTK","STIP1","LCP2"
"BTK","CD28","LCP2"
"BTK","FRS2","LCP2"
"BTK","CCNE1","LCP2"
"BTK","IMPDH2","LCP2"
"BTK","SH2B2","LCP2"
"BTK","BCL10","LCP2"
"BTK","PIK3R6","LCP2"
"BTK","ROR2","LCP2"
"BTK","TTI1","LCP2"
"BTK","WDFY3","LCP2"
"BTK","LRP6","LCP2"
"BTK","GRB14","LCP2"
"BTK","HOXB7","LCP2"
"BTK","PIK3C3","LCP2"
"BTK","RND1","LCP2"
"BTK","SPEN","LCP2"
"BTK","NFKB1","LCP2"
"BTK","CTDP1","LCP2"
"BTK","BLVRA","LCP2"
"BTK","BAZ1B","LCP2"
"BTK","PLCG2","LCP2"
"BTK","PPP1R14B","LCP2"
"BTK","PABIR1","LCP2"
"BTK","AKT2","ITGB3"
"BTK","MTOR","ITGB3"
"BTK","CCP110","ITGB3"
"BTK","CALM2","ITGB3"
"BTK","ERK1/2","ITGB3"
"BTK","Gbeta","ITGB3"
"BTK","CDK9","ITGB3"
"BTK","PRKCB","ITGB3"
"BTK","MAP3K1","ITGB3"
"BTK","MAP3K7","ITGB3"
"BTK","IKBKB","ITGB3"
"BTK","DAPK1","ITGB3"
"BTK","PXN","ITGB3"
"BTK","BCL3","ITGB3"
"BTK","FZR1","ITGB3"
"BTK","VCPIP1","ITGB3"
"BTK","ATR","ITGB3"
"BTK","IKBKE","ITGB3"
"BTK","CCND1","ITGB3"
"BTK","ILK","ITGB3"
"BTK","TBK1","ITGB3"
"BTK","MEK1/2","ITGB3"
"BTK","PTPN7","ITGB3"
"BTK","TLK1","ITGB3"
"BTK","C9orf72","ITGB3"
"BTK","IKK-complex","ITGB3"
"BTK","RPS6KA4","ITGB3"
"BTK","GPSM3","ITGB3"
"BTK","RELA","ITGB3"
"BTK","MAPKAPK5","ITGB3"
"BTK","EPHA2","ITGB3"
"BTK","CDKN1B","ITGB3"
"BTK","FBLIM1","ITGB3"
"BTK","TEC","ITGB3"
"BTK","CCR2","ITGB3"
"BTK","PSTPIP1","ITGB3"
"BTK","ARRB2","ITGB3"
"BTK","CD28","ITGB3"
"BTK","INPP5D","ITGB3"
"BTK","FRS2","ITGB3"
"BTK","CCNE1","ITGB3"
"BTK","SET","ITGB3"
"BTK","PPP1R14A","ITGB3"
"BTK","MRE11","ITGB3"
"BTK","HDAC2","ITGB3"
"BTK","KSR1","ITGB3"
"BTK","ABI1","ITGB3"
"BTK","TTI1","ITGB3"
"BTK","WDFY3","ITGB3"
"BTK","LRP6","ITGB3"
"BTK","HOXB7","ITGB3"
"BTK","PIK3C3","ITGB3"
"BTK","STING1","ITGB3"
"BTK","NFKB1","ITGB3"
"BTK","TELO2","ITGB3"
"BTK","CLSPN","ITGB3"
"BTK","GRB7","ITGB3"
"BTK","PABIR1","ITGB3"
"BTK","CHUK","PFKFB2"
"BTK","AKT2","PFKFB2"
"BTK","PRKCQ","PFKFB2"
"BTK","MTOR","PFKFB2"
"BTK","RPS6K","PFKFB2"
"BTK","ERK1/2","PFKFB2"
"BTK","RPS6KA5","PFKFB2"
"BTK","PDPK1","PFKFB2"
"BTK","MAP3K1","PFKFB2"
"BTK","WWTR1","PFKFB2"
"BTK","MAP3K4","PFKFB2"
"BTK","FGG","PFKFB2"
"BTK","LEPR","PFKFB2"
"BTK","DVL1","PFKFB2"
"BTK","FZR1","PFKFB2"
"BTK","GRB2","PFKFB2"
"BTK","ATR","PFKFB2"
"BTK","SGK3","PFKFB2"
"BTK","PTK6","PFKFB2"
"BTK","CCND1","PFKFB2"
"BTK","SPRED1","PFKFB2"
"BTK","FADD","PFKFB2"
"BTK","STK38","PFKFB2"
"BTK","CDKN2A","PFKFB2"
"BTK","IKK-complex","PFKFB2"
"BTK","SHC1","PFKFB2"
"BTK","RPS6KA4","PFKFB2"
"BTK","PTPRR","PFKFB2"
"BTK","TEC","PFKFB2"
"BTK","VCP","PFKFB2"
"BTK","GRIP1","PFKFB2"
"BTK","TMIGD2","PFKFB2"
"BTK","PSTPIP1","PFKFB2"
"BTK","ARRB2","PFKFB2"
"BTK","CD28","PFKFB2"
"BTK","INPP5D","PFKFB2"
"BTK","CCNE1","PFKFB2"
"BTK","PIK3CG","PFKFB2"
"BTK","SH2B2","PFKFB2"
"BTK","TRPV1","PFKFB2"
"BTK","PPP1R14A","PFKFB2"
"BTK","MRE11","PFKFB2"
"BTK","KSR1","PFKFB2"
"BTK","ROR2","PFKFB2"
"BTK","IFIH1","PFKFB2"
"BTK","TTI1","PFKFB2"
"BTK","GRB14","PFKFB2"
"BTK","HOXB7","PFKFB2"
"BTK","RND1","PFKFB2"
"BTK","SPEN","PFKFB2"
"BTK","NFKB1","PFKFB2"
"BTK","TELO2","PFKFB2"
"BTK","BLVRA","PFKFB2"
"BTK","CLSPN","PFKFB2"
"BTK","RBL2","PFKFB2"
"BTK","AKT3","AQP4"
"BTK","AKT2","AQP4"
"BTK","MTOR","AQP4"
"BTK","AKT1","AQP4"
"BTK","PRKG1","AQP4"
"BTK","CCP110","AQP4"
"BTK","CALM2","AQP4"
"BTK","ERK1/2","AQP4"
"BTK","ABL1","AQP4"
"BTK","SGK1","AQP4"
"BTK","PRKCZ","AQP4"
"BTK","WWTR1","AQP4"
"BTK","RPS6KA3","AQP4"
"BTK","GRB2","AQP4"
"BTK","ATR","AQP4"
"BTK","PTK6","AQP4"
"BTK","ILK","AQP4"
"BTK","STAP1","AQP4"
"BTK","CALM1","AQP4"
"BTK","FADD","AQP4"
"BTK","STK38","AQP4"
"BTK","TLK1","AQP4"
"BTK","CDKN2A","AQP4"
"BTK","MAP4K1","AQP4"
"BTK","RET","AQP4"
"BTK","RELA","AQP4"
"BTK","MAPKAPK5","AQP4"
"BTK","MAP3K8","AQP4"
"BTK","CDKN1B","AQP4"
"BTK","ARRB2","AQP4"
"BTK","INPP5D","AQP4"
"BTK","CCNE1","AQP4"
"BTK","SH2B2","AQP4"
"BTK","BCL10","AQP4"
"BTK","DDX58","AQP4"
"BTK","ROR2","AQP4"
"BTK","RND1","AQP4"
"BTK","SPEN","AQP4"
"BTK","NFKB1","AQP4"
"BTK","BLVRA","AQP4"
"BTK","PABIR1","AQP4"
"BTK","CHUK","FOXO"
"BTK","PTEN","FOXO"
"BTK","PRKCQ","FOXO"
"BTK","Gbeta","FOXO"
"BTK","CDK9","FOXO"
"BTK","MAP2K1","FOXO"
"BTK","PRKCB","FOXO"
"BTK","PRKCG","FOXO"
"BTK","CyclinD/CDK4","FOXO"
"BTK","MAP3K1","FOXO"
"BTK","MAP3K7","FOXO"
"BTK","IKBKB","FOXO"
"BTK","DAPK1","FOXO"
"BTK","FGG","FOXO"
"BTK","ITK","FOXO"
"BTK","RPS6KA3","FOXO"
"BTK","BCL3","FOXO"
"BTK","DVL1","FOXO"
"BTK","ATR","FOXO"
"BTK","PTK6","FOXO"
"BTK","SPRED1","FOXO"
"BTK","PTPN7","FOXO"
"BTK","CALM1","FOXO"
"BTK","C9orf72","FOXO"
"BTK","CDKN2A","FOXO"
"BTK","IKK-complex","FOXO"
"BTK","RPS6KA4","FOXO"
"BTK","NTRK1","FOXO"
"BTK","GPSM3","FOXO"
"BTK","EPHA2","FOXO"
"BTK","PTPRR","FOXO"
"BTK","CDKN1B","FOXO"
"BTK","VCP","FOXO"
"BTK","STIP1","FOXO"
"BTK","PSTPIP1","FOXO"
"BTK","ARRB2","FOXO"
"BTK","FRS2","FOXO"
"BTK","IMPDH2","FOXO"
"BTK","PIK3CG","FOXO"
"BTK","SH2B2","FOXO"
"BTK","TRPV1","FOXO"
"BTK","DDX58","FOXO"
"BTK","ABI1","FOXO"
"BTK","LRP6","FOXO"
"BTK","HOXB7","FOXO"
"BTK","PIK3C3","FOXO"
"BTK","RND1","FOXO"
"BTK","TELO2","FOXO"
"BTK","BLVRA","FOXO"
"BTK","RBL2","FOXO"
"BTK","PRKCB","HSPB8"
"BTK","CyclinD/CDK4","HSPB8"
"BTK","MAP3K1","HSPB8"
"BTK","IKBKB","HSPB8"
"BTK","WWTR1","HSPB8"
"BTK","DOK1","HSPB8"
"BTK","RPS6KA3","HSPB8"
"BTK","FZR1","HSPB8"
"BTK","IKBKE","HSPB8"
"BTK","CCND1","HSPB8"
"BTK","ILK","HSPB8"
"BTK","STAP1","HSPB8"
"BTK","SPRED1","HSPB8"
"BTK","PTPN7","HSPB8"
"BTK","FADD","HSPB8"
"BTK","TLK1","HSPB8"
"BTK","C9orf72","HSPB8"
"BTK","DDX41","HSPB8"
"BTK","TEC","HSPB8"
"BTK","TMIGD2","HSPB8"
"BTK","SET","HSPB8"
"BTK","PIK3CG","HSPB8"
"BTK","SH2B2","HSPB8"
"BTK","TRPV1","HSPB8"
"BTK","PPP1R14A","HSPB8"
"BTK","BCL10","HSPB8"
"BTK","KSR1","HSPB8"
"BTK","DDX58","HSPB8"
"BTK","UBXN2B","HSPB8"
"BTK","MST1R","HSPB8"
"BTK","ROR2","HSPB8"
"BTK","IFIH1","HSPB8"
"BTK","RAD50","HSPB8"
"BTK","TTI1","HSPB8"
"BTK","GRB14","HSPB8"
"BTK","RND1","HSPB8"
"BTK","SPEN","HSPB8"
"BTK","NFKB1","HSPB8"
"BTK","CLSPN","HSPB8"
"BTK","PLCG2","HSPB8"
"BTK","PABIR1","HSPB8"
"BTK","AKT3","POU3F1"
"BTK","PTEN","POU3F1"
"BTK","PRKCQ","POU3F1"
"BTK","AKT1","POU3F1"
"BTK","PRKG1","POU3F1"
"BTK","CALM2","POU3F1"
"BTK","ERK1/2","POU3F1"
"BTK","PRKCG","POU3F1"
"BTK","PRKCZ","POU3F1"
"BTK","CyclinD/CDK4","POU3F1"
"BTK","MAP3K1","POU3F1"
"BTK","MAP3K7","POU3F1"
"BTK","IKBKB","POU3F1"
"BTK","DOK1","POU3F1"
"BTK","MAP3K4","POU3F1"
"BTK","DAPK1","POU3F1"
"BTK","FGG","POU3F1"
"BTK","BCL3","POU3F1"
"BTK","DVL1","POU3F1"
"BTK","FZR1","POU3F1"
"BTK","GRB2","POU3F1"
"BTK","VCPIP1","POU3F1"
"BTK","IKBKE","POU3F1"
"BTK","STAP1","POU3F1"
"BTK","MEK1/2","POU3F1"
"BTK","CALM1","POU3F1"
"BTK","FADD","POU3F1"
"BTK","STK38","POU3F1"
"BTK","C9orf72","POU3F1"
"BTK","DDX41","POU3F1"
"BTK","IKK-complex","POU3F1"
"BTK","SHC1","POU3F1"
"BTK","RPS6KA4","POU3F1"
"BTK","RELA","POU3F1"
"BTK","MAPKAPK5","POU3F1"
"BTK","EPHA2","POU3F1"
"BTK","PTPRR","POU3F1"
"BTK","CDKN1B","POU3F1"
"BTK","FBLIM1","POU3F1"
"BTK","TEC","POU3F1"
"BTK","VCP","POU3F1"
"BTK","GRIP1","POU3F1"
"BTK","TMIGD2","POU3F1"
"BTK","CCR2","POU3F1"
"BTK","STIP1","POU3F1"
"BTK","PSTPIP1","POU3F1"
"BTK","ARRB2","POU3F1"
"BTK","TRAF3","POU3F1"
"BTK","CRTC2","POU3F1"
"BTK","CD28","POU3F1"
"BTK","INPP5D","POU3F1"
"BTK","FRS2","POU3F1"
"BTK","CCNE1","POU3F1"
"BTK","SET","POU3F1"
"BTK","PIK3CG","POU3F1"
"BTK","SH2B2","POU3F1"
"BTK","HDAC2","POU3F1"
"BTK","DDX58","POU3F1"
"BTK","UBXN2B","POU3F1"
"BTK","MST1R","POU3F1"
"BTK","ROR2","POU3F1"
"BTK","ABI1","POU3F1"
"BTK","RAD50","POU3F1"
"BTK","TTI1","POU3F1"
"BTK","WDFY3","POU3F1"
"BTK","HOXB7","POU3F1"
"BTK","PIK3C3","POU3F1"
"BTK","SPEN","POU3F1"
"BTK","NFKB1","POU3F1"
"BTK","TELO2","POU3F1"
"BTK","GRB7","POU3F1"
"BTK","BAZ1B","POU3F1"
"BTK","PPP1R14B","POU3F1"
"BTK","MAPK3","COPS6"
"BTK","AKT3","COPS6"
"BTK","PRKCQ","COPS6"
"BTK","MTOR","COPS6"
"BTK","AKT1","COPS6"
"BTK","PRKG1","COPS6"
"BTK","CCP110","COPS6"
"BTK","CALM2","COPS6"
"BTK","ERK1/2","COPS6"
"BTK","LCK","COPS6"
"BTK","CDK9","COPS6"
"BTK","ABL1","COPS6"
"BTK","RPS6KA5","COPS6"
"BTK","WNK1","COPS6"
"BTK","SGK1","COPS6"
"BTK","MAP2K1","COPS6"
"BTK","PRKCB","COPS6"
"BTK","PRKCG","COPS6"
"BTK","PRKCZ","COPS6"
"BTK","MAP3K7","COPS6"
"BTK","IKBKB","COPS6"
"BTK","WWTR1","COPS6"
"BTK","DOK1","COPS6"
"BTK","MAP3K4","COPS6"
"BTK","DAPK1","COPS6"
"BTK","PXN","COPS6"
"BTK","FGG","COPS6"
"BTK","LEPR","COPS6"
"BTK","RPS6KA3","COPS6"
"BTK","BCL3","COPS6"
"BTK","DVL1","COPS6"
"BTK","FZR1","COPS6"
"BTK","GRB2","COPS6"
"BTK","VCPIP1","COPS6"
"BTK","ATR","COPS6"
"BTK","SGK3","COPS6"
"BTK","PTK6","COPS6"
"BTK","IKBKE","COPS6"
"BTK","CCND1","COPS6"
"BTK","STAP1","COPS6"
"BTK","TBK1","COPS6"
"BTK","SPRED1","COPS6"
"BTK","PTPN7","COPS6"
"BTK","STK38","COPS6"
"BTK","TLK1","COPS6"
"BTK","C9orf72","COPS6"
"BTK","CDKN2A","COPS6"
"BTK","MAP4K1","COPS6"
"BTK","DDX41","COPS6"
"BTK","IKK-complex","COPS6"
"BTK","RPS6KA4","COPS6"
"BTK","NTRK1","COPS6"
"BTK","MAPKAPK5","COPS6"
"BTK","MAP3K8","COPS6"
"BTK","CDKN1B","COPS6"
"BTK","VCP","COPS6"
"BTK","GRIP1","COPS6"
"BTK","TMIGD2","COPS6"
"BTK","STIP1","COPS6"
"BTK","PSTPIP1","COPS6"
"BTK","ARRB2","COPS6"
"BTK","CD28","COPS6"
"BTK","INPP5D","COPS6"
"BTK","FRS2","COPS6"
"BTK","CCNE1","COPS6"
"BTK","SET","COPS6"
"BTK","PIK3CG","COPS6"
"BTK","SH2B2","COPS6"
"BTK","PPP1R14A","COPS6"
"BTK","PIK3R6","COPS6"
"BTK","KSR1","COPS6"
"BTK","DDX58","COPS6"
"BTK","ROR2","COPS6"
"BTK","ABI1","COPS6"
"BTK","RAD50","COPS6"
"BTK","WDFY3","COPS6"
"BTK","LRP6","COPS6"
"BTK","HOXB7","COPS6"
"BTK","PIK3C3","COPS6"
"BTK","RND1","COPS6"
"BTK","STING1","COPS6"
"BTK","SPEN","COPS6"
"BTK","CTDP1","COPS6"
"BTK","TELO2","COPS6"
"BTK","BLVRA","COPS6"
"BTK","CLSPN","COPS6"
"BTK","MAPKAP1","COPS6"
"BTK","GRB7","COPS6"
"BTK","BAZ1B","COPS6"
"BTK","PLCG2","COPS6"
"BTK","PABIR1","COPS6"
"BTK","MAPK3","ITGB7"
"BTK","CHUK","ITGB7"
"BTK","AKT2","ITGB7"
"BTK","PTEN","ITGB7"
"BTK","PRKCQ","ITGB7"
"BTK","AKT1","ITGB7"
"BTK","PRKG1","ITGB7"
"BTK","CCP110","ITGB7"
"BTK","RPS6K","ITGB7"
"BTK","Gbeta","ITGB7"
"BTK","LCK","ITGB7"
"BTK","RPS6KA5","ITGB7"
"BTK","WNK1","ITGB7"
"BTK","PRKCG","ITGB7"
"BTK","PRKCZ","ITGB7"
"BTK","CyclinD/CDK4","ITGB7"
"BTK","MAP3K1","ITGB7"
"BTK","MAP3K7","ITGB7"
"BTK","AKT","ITGB7"
"BTK","WWTR1","ITGB7"
"BTK","DOK1","ITGB7"
"BTK","MAP3K4","ITGB7"
"BTK","DAPK1","ITGB7"
"BTK","PXN","ITGB7"
"BTK","FGG","ITGB7"
"BTK","LEPR","ITGB7"
"BTK","ITK","ITGB7"
"BTK","RPS6KA3","ITGB7"
"BTK","BCL3","ITGB7"
"BTK","FZR1","ITGB7"
"BTK","GRB2","ITGB7"
"BTK","VCPIP1","ITGB7"
"BTK","ATR","ITGB7"
"BTK","SGK3","ITGB7"
"BTK","PTK6","ITGB7"
"BTK","IKBKE","ITGB7"
"BTK","CCND1","ITGB7"
"BTK","ILK","ITGB7"
"BTK","STAP1","ITGB7"
"BTK","TBK1","ITGB7"
"BTK","SPRED1","ITGB7"
"BTK","PTPN7","ITGB7"
"BTK","FADD","ITGB7"
"BTK","C9orf72","ITGB7"
"BTK","CDKN2A","ITGB7"
"BTK","RET","ITGB7"
"BTK","IKK-complex","ITGB7"
"BTK","SHC1","ITGB7"
"BTK","RPS6KA4","ITGB7"
"BTK","NTRK1","ITGB7"
"BTK","GPSM3","ITGB7"
"BTK","MAPKAPK5","ITGB7"
"BTK","EPHA2","ITGB7"
"BTK","PTPRR","ITGB7"
"BTK","FBLIM1","ITGB7"
"BTK","TEC","ITGB7"
"BTK","GRIP1","ITGB7"
"BTK","TMIGD2","ITGB7"
"BTK","CCR2","ITGB7"
"BTK","PSTPIP1","ITGB7"
"BTK","ARRB2","ITGB7"
"BTK","CRTC2","ITGB7"
"BTK","CD28","ITGB7"
"BTK","CCNE1","ITGB7"
"BTK","PIK3CG","ITGB7"
"BTK","SH2B2","ITGB7"
"BTK","TRPV1","ITGB7"
"BTK","PPP1R14A","ITGB7"
"BTK","BCL10","ITGB7"
"BTK","PIK3R6","ITGB7"
"BTK","MRE11","ITGB7"
"BTK","KSR1","ITGB7"
"BTK","DDX58","ITGB7"
"BTK","UBXN2B","ITGB7"
"BTK","MST1R","ITGB7"
"BTK","ABI1","ITGB7"
"BTK","IFIH1","ITGB7"
"BTK","RAD50","ITGB7"
"BTK","LRP6","ITGB7"
"BTK","GRB14","ITGB7"
"BTK","PIK3C3","ITGB7"
"BTK","STING1","ITGB7"
"BTK","SPEN","ITGB7"
"BTK","CTDP1","ITGB7"
"BTK","TELO2","ITGB7"
"BTK","CLSPN","ITGB7"
"BTK","GRB7","ITGB7"
"BTK","BAZ1B","ITGB7"
"BTK","PLCG2","ITGB7"
"BTK","PABIR1","ITGB7"
"BTK","MAPK3","PPARA"
"BTK","AKT2","PPARA"
"BTK","PRKCQ","PPARA"
"BTK","MTOR","PPARA"
"BTK","AKT1","PPARA"
"BTK","PRKG1","PPARA"
"BTK","RPS6K","PPARA"
"BTK","CALM2","PPARA"
"BTK","ERK1/2","PPARA"
"BTK","CDK9","PPARA"
"BTK","RPS6KA5","PPARA"
"BTK","SGK1","PPARA"
"BTK","MAP2K1","PPARA"
"BTK","PRKCB","PPARA"
"BTK","AKT","PPARA"
"BTK","WWTR1","PPARA"
"BTK","DOK1","PPARA"
"BTK","DAPK1","PPARA"
"BTK","PXN","PPARA"
"BTK","ITK","PPARA"
"BTK","RPS6KA3","PPARA"
"BTK","FZR1","PPARA"
"BTK","GRB2","PPARA"
"BTK","VCPIP1","PPARA"
"BTK","ATR","PPARA"
"BTK","SGK3","PPARA"
"BTK","ILK","PPARA"
"BTK","MEK1/2","PPARA"
"BTK","PTPN7","PPARA"
"BTK","FADD","PPARA"
"BTK","TLK1","PPARA"
"BTK","C9orf72","PPARA"
"BTK","CDKN2A","PPARA"
"BTK","MAP4K1","PPARA"
"BTK","IKK-complex","PPARA"
"BTK","RELA","PPARA"
"BTK","PTPRR","PPARA"
"BTK","FBLIM1","PPARA"
"BTK","GRIP1","PPARA"
"BTK","CCR2","PPARA"
"BTK","PSTPIP1","PPARA"
"BTK","ARRB2","PPARA"
"BTK","TRAF3","PPARA"
"BTK","CD28","PPARA"
"BTK","INPP5D","PPARA"
"BTK","FRS2","PPARA"
"BTK","CCNE1","PPARA"
"BTK","SET","PPARA"
"BTK","BCL10","PPARA"
"BTK","MRE11","PPARA"
"BTK","HDAC2","PPARA"
"BTK","ROR2","PPARA"
"BTK","IFIH1","PPARA"
"BTK","TTI1","PPARA"
"BTK","WDFY3","PPARA"
"BTK","GRB14","PPARA"
"BTK","STING1","PPARA"
"BTK","SPEN","PPARA"
"BTK","BLVRA","PPARA"
"BTK","CLSPN","PPARA"
"BTK","PLCG2","PPARA"
"BTK","RBL2","PPARA"
"BTK","PABIR1","PPARA"
"BTK","MAPK3","PDE4B"
"BTK","AKT3","PDE4B"
"BTK","CHUK","PDE4B"
"BTK","PRKCQ","PDE4B"
"BTK","ERK1/2","PDE4B"
"BTK","PDPK1","PDE4B"
"BTK","SGK1","PDE4B"
"BTK","MAP2K1","PDE4B"
"BTK","PRKCB","PDE4B"
"BTK","MAP3K1","PDE4B"
"BTK","MAP3K7","PDE4B"
"BTK","DOK1","PDE4B"
"BTK","PXN","PDE4B"
"BTK","ITK","PDE4B"
"BTK","BCL3","PDE4B"
"BTK","GRB2","PDE4B"
"BTK","ATR","PDE4B"
"BTK","CCND1","PDE4B"
"BTK","PTPN7","PDE4B"
"BTK","STK38","PDE4B"
"BTK","TLK1","PDE4B"
"BTK","C9orf72","PDE4B"
"BTK","CDKN2A","PDE4B"
"BTK","DDX41","PDE4B"
"BTK","SHC1","PDE4B"
"BTK","NTRK1","PDE4B"
"BTK","GPSM3","PDE4B"
"BTK","RELA","PDE4B"
"BTK","EPHA2","PDE4B"
"BTK","PTPRR","PDE4B"
"BTK","GRIP1","PDE4B"
"BTK","STIP1","PDE4B"
"BTK","PSTPIP1","PDE4B"
"BTK","TRAF3","PDE4B"
"BTK","CRTC2","PDE4B"
"BTK","FRS2","PDE4B"
"BTK","CCNE1","PDE4B"
"BTK","SET","PDE4B"
"BTK","SH2B2","PDE4B"
"BTK","PPP1R14A","PDE4B"
"BTK","PIK3R6","PDE4B"
"BTK","MRE11","PDE4B"
"BTK","HDAC2","PDE4B"
"BTK","KSR1","PDE4B"
"BTK","DDX58","PDE4B"
"BTK","UBXN2B","PDE4B"
"BTK","MST1R","PDE4B"
"BTK","ABI1","PDE4B"
"BTK","IFIH1","PDE4B"
"BTK","TTI1","PDE4B"
"BTK","LRP6","PDE4B"
"BTK","GRB14","PDE4B"
"BTK","PIK3C3","PDE4B"
"BTK","RND1","PDE4B"
"BTK","SPEN","PDE4B"
"BTK","TELO2","PDE4B"
"BTK","BLVRA","PDE4B"
"BTK","CLSPN","PDE4B"
"BTK","BAZ1B","PDE4B"
"BTK","RBL2","PDE4B"
"BTK","PABIR1","PDE4B"
"BTK","AKT3","FLNC"
"BTK","CHUK","FLNC"
"BTK","PRKCQ","FLNC"
"BTK","MTOR","FLNC"
"BTK","AKT1","FLNC"
"BTK","RPS6K","FLNC"
"BTK","CALM2","FLNC"
"BTK","LCK","FLNC"
"BTK","CDK9","FLNC"
"BTK","ABL1","FLNC"
"BTK","RPS6KA5","FLNC"
"BTK","PDPK1","FLNC"
"BTK","SGK1","FLNC"
"BTK","MAP2K1","FLNC"
"BTK","PRKCB","FLNC"
"BTK","PRKCG","FLNC"
"BTK","CyclinD/CDK4","FLNC"
"BTK","AKT","FLNC"
"BTK","IKBKB","FLNC"
"BTK","WWTR1","FLNC"
"BTK","DOK1","FLNC"
"BTK","DAPK1","FLNC"
"BTK","PXN","FLNC"
"BTK","FZR1","FLNC"
"BTK","VCPIP1","FLNC"
"BTK","SGK3","FLNC"
"BTK","PTK6","FLNC"
"BTK","CCND1","FLNC"
"BTK","ILK","FLNC"
"BTK","STAP1","FLNC"
"BTK","SPRED1","FLNC"
"BTK","MEK1/2","FLNC"
"BTK","FADD","FLNC"
"BTK","TLK1","FLNC"
"BTK","C9orf72","FLNC"
"BTK","CDKN2A","FLNC"
"BTK","RPS6KA4","FLNC"
"BTK","NTRK1","FLNC"
"BTK","MAPKAPK5","FLNC"
"BTK","MAP3K8","FLNC"
"BTK","CDKN1B","FLNC"
"BTK","FBLIM1","FLNC"
"BTK","TMIGD2","FLNC"
"BTK","PSTPIP1","FLNC"
"BTK","INPP5D","FLNC"
"BTK","FRS2","FLNC"
"BTK","CCNE1","FLNC"
"BTK","IMPDH2","FLNC"
"BTK","SET","FLNC"
"BTK","SH2B2","FLNC"
"BTK","PPP1R14A","FLNC"
"BTK","BCL10","FLNC"
"BTK","DDX58","FLNC"
"BTK","UBXN2B","FLNC"
"BTK","MST1R","FLNC"
"BTK","ROR2","FLNC"
"BTK","ABI1","FLNC"
"BTK","IFIH1","FLNC"
"BTK","TTI1","FLNC"
"BTK","LRP6","FLNC"
"BTK","RND1","FLNC"
"BTK","STING1","FLNC"
"BTK","SPEN","FLNC"
"BTK","TELO2","FLNC"
"BTK","BLVRA","FLNC"
"BTK","CLSPN","FLNC"
"BTK","MAPKAP1","FLNC"
"BTK","MAPK3","SPTBN1"
"BTK","AKT2","SPTBN1"
"BTK","PRKCQ","SPTBN1"
"BTK","PRKG1","SPTBN1"
"BTK","CCP110","SPTBN1"
"BTK","RPS6K","SPTBN1"
"BTK","ERK1/2","SPTBN1"
"BTK","ABL1","SPTBN1"
"BTK","MAP2K1","SPTBN1"
"BTK","CyclinD/CDK4","SPTBN1"
"BTK","MAP3K1","SPTBN1"
"BTK","MAP3K7","SPTBN1"
"BTK","AKT","SPTBN1"
"BTK","IKBKB","SPTBN1"
"BTK","WWTR1","SPTBN1"
"BTK","DOK1","SPTBN1"
"BTK","MAP3K4","SPTBN1"
"BTK","DAPK1","SPTBN1"
"BTK","FGG","SPTBN1"
"BTK","LEPR","SPTBN1"
"BTK","ITK","SPTBN1"
"BTK","BCL3","SPTBN1"
"BTK","FZR1","SPTBN1"
"BTK","ATR","SPTBN1"
"BTK","PTK6","SPTBN1"
"BTK","CCND1","SPTBN1"
"BTK","STAP1","SPTBN1"
"BTK","SPRED1","SPTBN1"
"BTK","MEK1/2","SPTBN1"
"BTK","PTPN7","SPTBN1"
"BTK","CALM1","SPTBN1"
"BTK","FADD","SPTBN1"
"BTK","STK38","SPTBN1"
"BTK","TLK1","SPTBN1"
"BTK","C9orf72","SPTBN1"
"BTK","CDKN2A","SPTBN1"
"BTK","SHC1","SPTBN1"
"BTK","NTRK1","SPTBN1"
"BTK","GPSM3","SPTBN1"
"BTK","MAP3K8","SPTBN1"
"BTK","PTPRR","SPTBN1"
"BTK","CDKN1B","SPTBN1"
"BTK","FBLIM1","SPTBN1"
"BTK","TEC","SPTBN1"
"BTK","GRIP1","SPTBN1"
"BTK","TMIGD2","SPTBN1"
"BTK","CCR2","SPTBN1"
"BTK","STIP1","SPTBN1"
"BTK","PSTPIP1","SPTBN1"
"BTK","CD28","SPTBN1"
"BTK","INPP5D","SPTBN1"
"BTK","FRS2","SPTBN1"
"BTK","CCNE1","SPTBN1"
"BTK","IMPDH2","SPTBN1"
"BTK","SET","SPTBN1"
"BTK","PIK3CG","SPTBN1"
"BTK","SH2B2","SPTBN1"
"BTK","PPP1R14A","SPTBN1"
"BTK","BCL10","SPTBN1"
"BTK","MRE11","SPTBN1"
"BTK","KSR1","SPTBN1"
"BTK","DDX58","SPTBN1"
"BTK","UBXN2B","SPTBN1"
"BTK","MST1R","SPTBN1"
"BTK","ROR2","SPTBN1"
"BTK","RAD50","SPTBN1"
"BTK","WDFY3","SPTBN1"
"BTK","LRP6","SPTBN1"
"BTK","GRB14","SPTBN1"
"BTK","HOXB7","SPTBN1"
"BTK","PIK3C3","SPTBN1"
"BTK","RND1","SPTBN1"
"BTK","STING1","SPTBN1"
"BTK","SPEN","SPTBN1"
"BTK","NFKB1","SPTBN1"
"BTK","CTDP1","SPTBN1"
"BTK","BLVRA","SPTBN1"
"BTK","AKT2","ELK1"
"BTK","PTEN","ELK1"
"BTK","PRKCQ","ELK1"
"BTK","AKT1","ELK1"
"BTK","PRKG1","ELK1"
"BTK","CCP110","ELK1"
"BTK","CALM2","ELK1"
"BTK","ERK1/2","ELK1"
"BTK","ABL1","ELK1"
"BTK","SGK1","ELK1"
"BTK","PRKCB","ELK1"
"BTK","PRKCZ","ELK1"
"BTK","AKT","ELK1"
"BTK","IKBKB","ELK1"
"BTK","WWTR1","ELK1"
"BTK","DOK1","ELK1"
"BTK","DAPK1","ELK1"
"BTK","FGG","ELK1"
"BTK","ITK","ELK1"
"BTK","BCL3","ELK1"
"BTK","FZR1","ELK1"
"BTK","ATR","ELK1"
"BTK","CCND1","ELK1"
"BTK","STAP1","ELK1"
"BTK","TBK1","ELK1"
"BTK","PTPN7","ELK1"
"BTK","CALM1","ELK1"
"BTK","STK38","ELK1"
"BTK","C9orf72","ELK1"
"BTK","CDKN2A","ELK1"
"BTK","MAP4K1","ELK1"
"BTK","RET","ELK1"
"BTK","DDX41","ELK1"
"BTK","NTRK1","ELK1"
"BTK","GPSM3","ELK1"
"BTK","RELA","ELK1"
"BTK","MAPKAPK5","ELK1"
"BTK","EPHA2","ELK1"
"BTK","CDKN1B","ELK1"
"BTK","FBLIM1","ELK1"
"BTK","TEC","ELK1"
"BTK","VCP","ELK1"
"BTK","GRIP1","ELK1"
"BTK","CCR2","ELK1"
"BTK","PSTPIP1","ELK1"
"BTK","ARRB2","ELK1"
"BTK","CRTC2","ELK1"
"BTK","SH2B2","ELK1"
"BTK","TRPV1","ELK1"
"BTK","BCL10","ELK1"
"BTK","PIK3R6","ELK1"
"BTK","MRE11","ELK1"
"BTK","HDAC2","ELK1"
"BTK","DDX58","ELK1"
"BTK","MST1R","ELK1"
"BTK","ROR2","ELK1"
"BTK","RAD50","ELK1"
"BTK","TTI1","ELK1"
"BTK","WDFY3","ELK1"
"BTK","LRP6","ELK1"
"BTK","SPEN","ELK1"
"BTK","NFKB1","ELK1"
"BTK","BLVRA","ELK1"
"BTK","GRB7","ELK1"
"BTK","BAZ1B","ELK1"
"BTK","PLCG2","ELK1"
"BTK","RBL2","ELK1"
"BTK","PPP1R14B","ELK1"
"BTK","PABIR1","ELK1"
"BTK","AKT3","MFF"
"BTK","AKT2","MFF"
"BTK","PTEN","MFF"
"BTK","PRKCQ","MFF"
"BTK","MTOR","MFF"
"BTK","PRKG1","MFF"
"BTK","CCP110","MFF"
"BTK","RPS6K","MFF"
"BTK","ERK1/2","MFF"
"BTK","Gbeta","MFF"
"BTK","LCK","MFF"
"BTK","ABL1","MFF"
"BTK","PDPK1","MFF"
"BTK","MAP2K1","MFF"
"BTK","CyclinD/CDK4","MFF"
"BTK","AKT","MFF"
"BTK","IKBKB","MFF"
"BTK","MAP3K4","MFF"
"BTK","DAPK1","MFF"
"BTK","PXN","MFF"
"BTK","RPS6KA3","MFF"
"BTK","BCL3","MFF"
"BTK","FZR1","MFF"
"BTK","GRB2","MFF"
"BTK","VCPIP1","MFF"
"BTK","ATR","MFF"
"BTK","SGK3","MFF"
"BTK","PTK6","MFF"
"BTK","IKBKE","MFF"
"BTK","STAP1","MFF"
"BTK","TBK1","MFF"
"BTK","SPRED1","MFF"
"BTK","MEK1/2","MFF"
"BTK","PTPN7","MFF"
"BTK","CALM1","MFF"
"BTK","STK38","MFF"
"BTK","TLK1","MFF"
"BTK","C9orf72","MFF"
"BTK","RET","MFF"
"BTK","IKK-complex","MFF"
"BTK","SHC1","MFF"
"BTK","NTRK1","MFF"
"BTK","GPSM3","MFF"
"BTK","MAP3K8","MFF"
"BTK","FBLIM1","MFF"
"BTK","TEC","MFF"
"BTK","GRIP1","MFF"
"BTK","STIP1","MFF"
"BTK","TRAF3","MFF"
"BTK","CRTC2","MFF"
"BTK","INPP5D","MFF"
"BTK","FRS2","MFF"
"BTK","SET","MFF"
"BTK","PIK3CG","MFF"
"BTK","BCL10","MFF"
"BTK","MST1R","MFF"
"BTK","ROR2","MFF"
"BTK","ABI1","MFF"
"BTK","IFIH1","MFF"
"BTK","RAD50","MFF"
"BTK","WDFY3","MFF"
"BTK","GRB14","MFF"
"BTK","HOXB7","MFF"
"BTK","PIK3C3","MFF"
"BTK","RND1","MFF"
"BTK","STING1","MFF"
"BTK","SPEN","MFF"
"BTK","TELO2","MFF"
"BTK","BLVRA","MFF"
"BTK","MAPKAP1","MFF"
"BTK","GRB7","MFF"
"BTK","PPP1R14B","MFF"
"BTK","AKT3","MAFA"
"BTK","PTEN","MAFA"
"BTK","MTOR","MAFA"
"BTK","AKT1","MAFA"
"BTK","PRKG1","MAFA"
"BTK","RPS6K","MAFA"
"BTK","RPS6KA5","MAFA"
"BTK","MAP2K1","MAFA"
"BTK","AKT","MAFA"
"BTK","IKBKB","MAFA"
"BTK","MAP3K4","MAFA"
"BTK","PXN","MAFA"
"BTK","RPS6KA3","MAFA"
"BTK","FZR1","MAFA"
"BTK","GRB2","MAFA"
"BTK","VCPIP1","MAFA"
"BTK","SGK3","MAFA"
"BTK","IKBKE","MAFA"
"BTK","CCND1","MAFA"
"BTK","MEK1/2","MAFA"
"BTK","MAP4K1","MAFA"
"BTK","RET","MAFA"
"BTK","IKK-complex","MAFA"
"BTK","NTRK1","MAFA"
"BTK","GPSM3","MAFA"
"BTK","RELA","MAFA"
"BTK","PTPRR","MAFA"
"BTK","TEC","MAFA"
"BTK","TMIGD2","MAFA"
"BTK","CCR2","MAFA"
"BTK","STIP1","MAFA"
"BTK","CD28","MAFA"
"BTK","IMPDH2","MAFA"
"BTK","HDAC2","MAFA"
"BTK","DDX58","MAFA"
"BTK","MST1R","MAFA"
"BTK","ABI1","MAFA"
"BTK","WDFY3","MAFA"
"BTK","PIK3C3","MAFA"
"BTK","CTDP1","MAFA"
"BTK","CLSPN","MAFA"
"BTK","MAPKAP1","MAFA"
"BTK","BAZ1B","MAFA"
"BTK","PPP1R14B","MAFA"
"BTK","CHUK","THOC5"
"BTK","AKT2","THOC5"
"BTK","PTEN","THOC5"
"BTK","MTOR","THOC5"
"BTK","AKT1","THOC5"
"BTK","CCP110","THOC5"
"BTK","CDK9","THOC5"
"BTK","RPS6KA5","THOC5"
"BTK","PDPK1","THOC5"
"BTK","SGK1","THOC5"
"BTK","MAP2K1","THOC5"
"BTK","PRKCZ","THOC5"
"BTK","CyclinD/CDK4","THOC5"
"BTK","MAP3K7","THOC5"
"BTK","AKT","THOC5"
"BTK","MAP3K4","THOC5"
"BTK","DAPK1","THOC5"
"BTK","RPS6KA3","THOC5"
"BTK","DVL1","THOC5"
"BTK","ATR","THOC5"
"BTK","SGK3","THOC5"
"BTK","ILK","THOC5"
"BTK","STAP1","THOC5"
"BTK","TBK1","THOC5"
"BTK","MEK1/2","THOC5"
"BTK","PTPN7","THOC5"
"BTK","CALM1","THOC5"
"BTK","TLK1","THOC5"
"BTK","CDKN2A","THOC5"
"BTK","DDX41","THOC5"
"BTK","RELA","THOC5"
"BTK","CDKN1B","THOC5"
"BTK","GRIP1","THOC5"
"BTK","TMIGD2","THOC5"
"BTK","CCR2","THOC5"
"BTK","STIP1","THOC5"
"BTK","ARRB2","THOC5"
"BTK","TRAF3","THOC5"
"BTK","CD28","THOC5"
"BTK","FRS2","THOC5"
"BTK","IMPDH2","THOC5"
"BTK","TRPV1","THOC5"
"BTK","PPP1R14A","THOC5"
"BTK","PIK3R6","THOC5"
"BTK","DDX58","THOC5"
"BTK","UBXN2B","THOC5"
"BTK","ABI1","THOC5"
"BTK","IFIH1","THOC5"
"BTK","TTI1","THOC5"
"BTK","WDFY3","THOC5"
"BTK","LRP6","THOC5"
"BTK","GRB14","THOC5"
"BTK","RND1","THOC5"
"BTK","SPEN","THOC5"
"BTK","CTDP1","THOC5"
"BTK","TELO2","THOC5"
"BTK","MAPKAP1","THOC5"
"BTK","RBL2","THOC5"
"BTK","PPP1R14B","THOC5"
"BTK","PABIR1","THOC5"
"BTK","MAPK3","GSTP1"
"BTK","CHUK","GSTP1"
"BTK","PTEN","GSTP1"
"BTK","PRKG1","GSTP1"
"BTK","CCP110","GSTP1"
"BTK","CALM2","GSTP1"
"BTK","ERK1/2","GSTP1"
"BTK","Gbeta","GSTP1"
"BTK","ABL1","GSTP1"
"BTK","RPS6KA5","GSTP1"
"BTK","WNK1","GSTP1"
"BTK","SGK1","GSTP1"
"BTK","PRKCB","GSTP1"
"BTK","AKT","GSTP1"
"BTK","IKBKB","GSTP1"
"BTK","DOK1","GSTP1"
"BTK","DAPK1","GSTP1"
"BTK","PXN","GSTP1"
"BTK","ITK","GSTP1"
"BTK","BCL3","GSTP1"
"BTK","DVL1","GSTP1"
"BTK","FZR1","GSTP1"
"BTK","ATR","GSTP1"
"BTK","PTK6","GSTP1"
"BTK","ILK","GSTP1"
"BTK","STAP1","GSTP1"
"BTK","CALM1","GSTP1"
"BTK","STK38","GSTP1"
"BTK","C9orf72","GSTP1"
"BTK","RET","GSTP1"
"BTK","DDX41","GSTP1"
"BTK","IKK-complex","GSTP1"
"BTK","RPS6KA4","GSTP1"
"BTK","NTRK1","GSTP1"
"BTK","PTPRR","GSTP1"
"BTK","FBLIM1","GSTP1"
"BTK","VCP","GSTP1"
"BTK","GRIP1","GSTP1"
"BTK","TMIGD2","GSTP1"
"BTK","ARRB2","GSTP1"
"BTK","TRAF3","GSTP1"
"BTK","CRTC2","GSTP1"
"BTK","CD28","GSTP1"
"BTK","INPP5D","GSTP1"
"BTK","FRS2","GSTP1"
"BTK","IMPDH2","GSTP1"
"BTK","SET","GSTP1"
"BTK","PIK3CG","GSTP1"
"BTK","SH2B2","GSTP1"
"BTK","PPP1R14A","GSTP1"
"BTK","PIK3R6","GSTP1"
"BTK","MRE11","GSTP1"
"BTK","KSR1","GSTP1"
"BTK","DDX58","GSTP1"
"BTK","ABI1","GSTP1"
"BTK","TTI1","GSTP1"
"BTK","WDFY3","GSTP1"
"BTK","GRB14","GSTP1"
"BTK","RND1","GSTP1"
"BTK","SPEN","GSTP1"
"BTK","NFKB1","GSTP1"
"BTK","CTDP1","GSTP1"
"BTK","CLSPN","GSTP1"
"BTK","BAZ1B","GSTP1"
"BTK","PLCG2","GSTP1"
"BTK","MAPK3","IREB2"
"BTK","PRKCQ","IREB2"
"BTK","AKT1","IREB2"
"BTK","PRKG1","IREB2"
"BTK","CCP110","IREB2"
"BTK","RPS6K","IREB2"
"BTK","CALM2","IREB2"
"BTK","ERK1/2","IREB2"
"BTK","Gbeta","IREB2"
"BTK","CDK9","IREB2"
"BTK","ABL1","IREB2"
"BTK","RPS6KA5","IREB2"
"BTK","PDPK1","IREB2"
"BTK","PRKCG","IREB2"
"BTK","PRKCZ","IREB2"
"BTK","CyclinD/CDK4","IREB2"
"BTK","MAP3K1","IREB2"
"BTK","MAP3K7","IREB2"
"BTK","DOK1","IREB2"
"BTK","PXN","IREB2"
"BTK","ITK","IREB2"
"BTK","BCL3","IREB2"
"BTK","FZR1","IREB2"
"BTK","VCPIP1","IREB2"
"BTK","STAP1","IREB2"
"BTK","PTPN7","IREB2"
"BTK","MAP4K1","IREB2"
"BTK","RET","IREB2"
"BTK","SHC1","IREB2"
"BTK","NTRK1","IREB2"
"BTK","RELA","IREB2"
"BTK","EPHA2","IREB2"
"BTK","MAP3K8","IREB2"
"BTK","VCP","IREB2"
"BTK","TMIGD2","IREB2"
"BTK","STIP1","IREB2"
"BTK","PSTPIP1","IREB2"
"BTK","INPP5D","IREB2"
"BTK","SH2B2","IREB2"
"BTK","PPP1R14A","IREB2"
"BTK","BCL10","IREB2"
"BTK","MRE11","IREB2"
"BTK","UBXN2B","IREB2"
"BTK","MST1R","IREB2"
"BTK","RAD50","IREB2"
"BTK","LRP6","IREB2"
"BTK","PIK3C3","IREB2"
"BTK","RND1","IREB2"
"BTK","STING1","IREB2"
"BTK","SPEN","IREB2"
"BTK","CTDP1","IREB2"
"BTK","TELO2","IREB2"
"BTK","GRB7","IREB2"
"BTK","PLCG2","IREB2"
"BTK","PABIR1","IREB2"
"BTK","MAPK3","GATA4"
"BTK","AKT3","GATA4"
"BTK","CCP110","GATA4"
"BTK","CALM2","GATA4"
"BTK","Gbeta","GATA4"
"BTK","LCK","GATA4"
"BTK","ABL1","GATA4"
"BTK","SGK1","GATA4"
"BTK","PRKCB","GATA4"
"BTK","PRKCZ","GATA4"
"BTK","IKBKB","GATA4"
"BTK","DOK1","GATA4"
"BTK","MAP3K4","GATA4"
"BTK","DAPK1","GATA4"
"BTK","FGG","GATA4"
"BTK","RPS6KA3","GATA4"
"BTK","BCL3","GATA4"
"BTK","DVL1","GATA4"
"BTK","FZR1","GATA4"
"BTK","GRB2","GATA4"
"BTK","VCPIP1","GATA4"
"BTK","ATR","GATA4"
"BTK","IKBKE","GATA4"
"BTK","CCND1","GATA4"
"BTK","ILK","GATA4"
"BTK","STAP1","GATA4"
"BTK","TBK1","GATA4"
"BTK","SPRED1","GATA4"
"BTK","CALM1","GATA4"
"BTK","FADD","GATA4"
"BTK","STK38","GATA4"
"BTK","TLK1","GATA4"
"BTK","C9orf72","GATA4"
"BTK","RET","GATA4"
"BTK","IKK-complex","GATA4"
"BTK","SHC1","GATA4"
"BTK","RELA","GATA4"
"BTK","MAP3K8","GATA4"
"BTK","PTPRR","GATA4"
"BTK","FBLIM1","GATA4"
"BTK","GRIP1","GATA4"
"BTK","CCR2","GATA4"
"BTK","STIP1","GATA4"
"BTK","PSTPIP1","GATA4"
"BTK","TRAF3","GATA4"
"BTK","CRTC2","GATA4"
"BTK","FRS2","GATA4"
"BTK","CCNE1","GATA4"
"BTK","SH2B2","GATA4"
"BTK","KSR1","GATA4"
"BTK","DDX58","GATA4"
"BTK","UBXN2B","GATA4"
"BTK","MST1R","GATA4"
"BTK","ROR2","GATA4"
"BTK","ABI1","GATA4"
"BTK","IFIH1","GATA4"
"BTK","TTI1","GATA4"
"BTK","WDFY3","GATA4"
"BTK","LRP6","GATA4"
"BTK","GRB14","GATA4"
"BTK","HOXB7","GATA4"
"BTK","SPEN","GATA4"
"BTK","NFKB1","GATA4"
"BTK","CTDP1","GATA4"
"BTK","TELO2","GATA4"
"BTK","BLVRA","GATA4"
"BTK","BAZ1B","GATA4"
"BTK","PPP1R14B","GATA4"
"BTK","AKT3","GLI1"
"BTK","AKT2","GLI1"
"BTK","PTEN","GLI1"
"BTK","PRKCQ","GLI1"
"BTK","AKT1","GLI1"
"BTK","CALM2","GLI1"
"BTK","ERK1/2","GLI1"
"BTK","Gbeta","GLI1"
"BTK","ABL1","GLI1"
"BTK","PDPK1","GLI1"
"BTK","SGK1","GLI1"
"BTK","MAP2K1","GLI1"
"BTK","PRKCB","GLI1"
"BTK","PRKCG","GLI1"
"BTK","PRKCZ","GLI1"
"BTK","CyclinD/CDK4","GLI1"
"BTK","MAP3K1","GLI1"
"BTK","MAP3K7","GLI1"
"BTK","IKBKB","GLI1"
"BTK","WWTR1","GLI1"
"BTK","MAP3K4","GLI1"
"BTK","DVL1","GLI1"
"BTK","VCPIP1","GLI1"
"BTK","ATR","GLI1"
"BTK","PTK6","GLI1"
"BTK","IKBKE","GLI1"
"BTK","CCND1","GLI1"
"BTK","STAP1","GLI1"
"BTK","TBK1","GLI1"
"BTK","CALM1","GLI1"
"BTK","C9orf72","GLI1"
"BTK","MAP4K1","GLI1"
"BTK","DDX41","GLI1"
"BTK","NTRK1","GLI1"
"BTK","RELA","GLI1"
"BTK","MAPKAPK5","GLI1"
"BTK","MAP3K8","GLI1"
"BTK","CDKN1B","GLI1"
"BTK","TEC","GLI1"
"BTK","GRIP1","GLI1"
"BTK","CCR2","GLI1"
"BTK","ARRB2","GLI1"
"BTK","FRS2","GLI1"
"BTK","CCNE1","GLI1"
"BTK","IMPDH2","GLI1"
"BTK","PIK3CG","GLI1"
"BTK","SH2B2","GLI1"
"BTK","TRPV1","GLI1"
"BTK","PPP1R14A","GLI1"
"BTK","BCL10","GLI1"
"BTK","PIK3R6","GLI1"
"BTK","MRE11","GLI1"
"BTK","HDAC2","GLI1"
"BTK","KSR1","GLI1"
"BTK","UBXN2B","GLI1"
"BTK","MST1R","GLI1"
"BTK","ROR2","GLI1"
"BTK","ABI1","GLI1"
"BTK","IFIH1","GLI1"
"BTK","TTI1","GLI1"
"BTK","LRP6","GLI1"
"BTK","GRB14","GLI1"
"BTK","HOXB7","GLI1"
"BTK","PIK3C3","GLI1"
"BTK","RND1","GLI1"
"BTK","STING1","GLI1"
"BTK","NFKB1","GLI1"
"BTK","CTDP1","GLI1"
"BTK","BLVRA","GLI1"
"BTK","CLSPN","GLI1"
"BTK","MAPKAP1","GLI1"
"BTK","BAZ1B","GLI1"
"BTK","RBL2","GLI1"
"BTK","PABIR1","GLI1"
"BTK","CHUK","ESPL1"
"BTK","AKT2","ESPL1"
"BTK","PTEN","ESPL1"
"BTK","MTOR","ESPL1"
"BTK","AKT1","ESPL1"
"BTK","PRKG1","ESPL1"
"BTK","CALM2","ESPL1"
"BTK","ERK1/2","ESPL1"
"BTK","Gbeta","ESPL1"
"BTK","CDK9","ESPL1"
"BTK","ABL1","ESPL1"
"BTK","RPS6KA5","ESPL1"
"BTK","WNK1","ESPL1"
"BTK","PDPK1","ESPL1"
"BTK","SGK1","ESPL1"
"BTK","MAP2K1","ESPL1"
"BTK","PRKCG","ESPL1"
"BTK","PRKCZ","ESPL1"
"BTK","MAP3K7","ESPL1"
"BTK","WWTR1","ESPL1"
"BTK","DOK1","ESPL1"
"BTK","MAP3K4","ESPL1"
"BTK","DAPK1","ESPL1"
"BTK","FGG","ESPL1"
"BTK","LEPR","ESPL1"
"BTK","ITK","ESPL1"
"BTK","RPS6KA3","ESPL1"
"BTK","BCL3","ESPL1"
"BTK","DVL1","ESPL1"
"BTK","FZR1","ESPL1"
"BTK","GRB2","ESPL1"
"BTK","VCPIP1","ESPL1"
"BTK","ATR","ESPL1"
"BTK","SGK3","ESPL1"
"BTK","PTK6","ESPL1"
"BTK","IKBKE","ESPL1"
"BTK","CCND1","ESPL1"
"BTK","ILK","ESPL1"
"BTK","STAP1","ESPL1"
"BTK","PTPN7","ESPL1"
"BTK","FADD","ESPL1"
"BTK","STK38","ESPL1"
"BTK","TLK1","ESPL1"
"BTK","C9orf72","ESPL1"
"BTK","MAP4K1","ESPL1"
"BTK","RET","ESPL1"
"BTK","DDX41","ESPL1"
"BTK","RPS6KA4","ESPL1"
"BTK","NTRK1","ESPL1"
"BTK","GPSM3","ESPL1"
"BTK","EPHA2","ESPL1"
"BTK","MAP3K8","ESPL1"
"BTK","FBLIM1","ESPL1"
"BTK","VCP","ESPL1"
"BTK","GRIP1","ESPL1"
"BTK","ARRB2","ESPL1"
"BTK","INPP5D","ESPL1"
"BTK","TRPV1","ESPL1"
"BTK","PPP1R14A","ESPL1"
"BTK","KSR1","ESPL1"
"BTK","ROR2","ESPL1"
"BTK","RAD50","ESPL1"
"BTK","TTI1","ESPL1"
"BTK","WDFY3","ESPL1"
"BTK","GRB14","ESPL1"
"BTK","PIK3C3","ESPL1"
"BTK","RND1","ESPL1"
"BTK","TELO2","ESPL1"
"BTK","PPP1R14B","ESPL1"
"BTK","PABIR1","ESPL1"
"BTK","PLCG2","DNMT1"
"BTK","CHUK","RANBP3"
"BTK","AKT2","RANBP3"
"BTK","PTEN","RANBP3"
"BTK","PRKG1","RANBP3"
"BTK","CALM2","RANBP3"
"BTK","LCK","RANBP3"
"BTK","CDK9","RANBP3"
"BTK","ABL1","RANBP3"
"BTK","RPS6KA5","RANBP3"
"BTK","PDPK1","RANBP3"
"BTK","PRKCG","RANBP3"
"BTK","CyclinD/CDK4","RANBP3"
"BTK","IKBKB","RANBP3"
"BTK","WWTR1","RANBP3"
"BTK","DOK1","RANBP3"
"BTK","BCL3","RANBP3"
"BTK","FZR1","RANBP3"
"BTK","VCPIP1","RANBP3"
"BTK","ATR","RANBP3"
"BTK","CCND1","RANBP3"
"BTK","STAP1","RANBP3"
"BTK","PTPN7","RANBP3"
"BTK","C9orf72","RANBP3"
"BTK","RET","RANBP3"
"BTK","DDX41","RANBP3"
"BTK","SHC1","RANBP3"
"BTK","RELA","RANBP3"
"BTK","MAPKAPK5","RANBP3"
"BTK","EPHA2","RANBP3"
"BTK","MAP3K8","RANBP3"
"BTK","CDKN1B","RANBP3"
"BTK","FBLIM1","RANBP3"
"BTK","TEC","RANBP3"
"BTK","GRIP1","RANBP3"
"BTK","PSTPIP1","RANBP3"
"BTK","IMPDH2","RANBP3"
"BTK","SET","RANBP3"
"BTK","SH2B2","RANBP3"
"BTK","TRPV1","RANBP3"
"BTK","BCL10","RANBP3"
"BTK","HDAC2","RANBP3"
"BTK","KSR1","RANBP3"
"BTK","UBXN2B","RANBP3"
"BTK","MST1R","RANBP3"
"BTK","ROR2","RANBP3"
"BTK","WDFY3","RANBP3"
"BTK","GRB14","RANBP3"
"BTK","HOXB7","RANBP3"
"BTK","PIK3C3","RANBP3"
"BTK","RND1","RANBP3"
"BTK","STING1","RANBP3"
"BTK","SPEN","RANBP3"
"BTK","CTDP1","RANBP3"
"BTK","TELO2","RANBP3"
"BTK","BLVRA","RANBP3"
"BTK","MAPKAP1","RANBP3"
"BTK","GRB7","RANBP3"
"BTK","BAZ1B","RANBP3"
"BTK","RBL2","RANBP3"
"BTK","PPP1R14B","RANBP3"
"BTK","CHUK","GLO1"
"BTK","AKT2","GLO1"
"BTK","PRKCQ","GLO1"
"BTK","MTOR","GLO1"
"BTK","LCK","GLO1"
"BTK","CDK9","GLO1"
"BTK","SGK1","GLO1"
"BTK","MAP2K1","GLO1"
"BTK","PRKCG","GLO1"
"BTK","MAP3K7","GLO1"
"BTK","AKT","GLO1"
"BTK","MAP3K4","GLO1"
"BTK","LEPR","GLO1"
"BTK","ITK","GLO1"
"BTK","BCL3","GLO1"
"BTK","VCPIP1","GLO1"
"BTK","ATR","GLO1"
"BTK","SGK3","GLO1"
"BTK","PTK6","GLO1"
"BTK","STAP1","GLO1"
"BTK","TBK1","GLO1"
"BTK","MEK1/2","GLO1"
"BTK","PTPN7","GLO1"
"BTK","FADD","GLO1"
"BTK","STK38","GLO1"
"BTK","DDX41","GLO1"
"BTK","IKK-complex","GLO1"
"BTK","NTRK1","GLO1"
"BTK","RELA","GLO1"
"BTK","MAP3K8","GLO1"
"BTK","PTPRR","GLO1"
"BTK","FBLIM1","GLO1"
"BTK","CCR2","GLO1"
"BTK","STIP1","GLO1"
"BTK","CD28","GLO1"
"BTK","INPP5D","GLO1"
"BTK","SH2B2","GLO1"
"BTK","BCL10","GLO1"
"BTK","PIK3R6","GLO1"
"BTK","HDAC2","GLO1"
"BTK","KSR1","GLO1"
"BTK","ABI1","GLO1"
"BTK","TTI1","GLO1"
"BTK","WDFY3","GLO1"
"BTK","GRB14","GLO1"
"BTK","HOXB7","GLO1"
"BTK","RND1","GLO1"
"BTK","CTDP1","GLO1"
"BTK","CLSPN","GLO1"
"BTK","MAPK3","MCM4"
"BTK","AKT3","MCM4"
"BTK","AKT2","MCM4"
"BTK","AKT1","MCM4"
"BTK","CCP110","MCM4"
"BTK","RPS6K","MCM4"
"BTK","Gbeta","MCM4"
"BTK","WNK1","MCM4"
"BTK","PDPK1","MCM4"
"BTK","SGK1","MCM4"
"BTK","MAP2K1","MCM4"
"BTK","PRKCG","MCM4"
"BTK","AKT","MCM4"
"BTK","ITK","MCM4"
"BTK","FZR1","MCM4"
"BTK","GRB2","MCM4"
"BTK","ATR","MCM4"
"BTK","PTK6","MCM4"
"BTK","ILK","MCM4"
"BTK","STAP1","MCM4"
"BTK","TBK1","MCM4"
"BTK","SPRED1","MCM4"
"BTK","MEK1/2","MCM4"
"BTK","PTPN7","MCM4"
"BTK","CALM1","MCM4"
"BTK","FADD","MCM4"
"BTK","STK38","MCM4"
"BTK","TLK1","MCM4"
"BTK","C9orf72","MCM4"
"BTK","CDKN2A","MCM4"
"BTK","NTRK1","MCM4"
"BTK","MAPKAPK5","MCM4"
"BTK","MAP3K8","MCM4"
"BTK","CDKN1B","MCM4"
"BTK","FBLIM1","MCM4"
"BTK","VCP","MCM4"
"BTK","GRIP1","MCM4"
"BTK","TMIGD2","MCM4"
"BTK","STIP1","MCM4"
"BTK","PSTPIP1","MCM4"
"BTK","CRTC2","MCM4"
"BTK","FRS2","MCM4"
"BTK","IMPDH2","MCM4"
"BTK","SET","MCM4"
"BTK","PPP1R14A","MCM4"
"BTK","BCL10","MCM4"
"BTK","PIK3R6","MCM4"
"BTK","MRE11","MCM4"
"BTK","HDAC2","MCM4"
"BTK","DDX58","MCM4"
"BTK","UBXN2B","MCM4"
"BTK","MST1R","MCM4"
"BTK","ROR2","MCM4"
"BTK","ABI1","MCM4"
"BTK","WDFY3","MCM4"
"BTK","LRP6","MCM4"
"BTK","GRB14","MCM4"
"BTK","HOXB7","MCM4"
"BTK","PIK3C3","MCM4"
"BTK","RND1","MCM4"
"BTK","STING1","MCM4"
"BTK","SPEN","MCM4"
"BTK","CTDP1","MCM4"
"BTK","TELO2","MCM4"
"BTK","CLSPN","MCM4"
"BTK","GRB7","MCM4"
"BTK","RBL2","MCM4"
"BTK","PPP1R14B","MCM4"
"BTK","PABIR1","MCM4"
"BTK","MAPK3","PRDX1"
"BTK","AKT3","PRDX1"
"BTK","PTEN","PRDX1"
"BTK","MTOR","PRDX1"
"BTK","CALM2","PRDX1"
"BTK","ERK1/2","PRDX1"
"BTK","Gbeta","PRDX1"
"BTK","PDPK1","PRDX1"
"BTK","MAP2K1","PRDX1"
"BTK","PRKCG","PRDX1"
"BTK","CyclinD/CDK4","PRDX1"
"BTK","MAP3K1","PRDX1"
"BTK","MAP3K7","PRDX1"
"BTK","DOK1","PRDX1"
"BTK","MAP3K4","PRDX1"
"BTK","DAPK1","PRDX1"
"BTK","FGG","PRDX1"
"BTK","BCL3","PRDX1"
"BTK","ATR","PRDX1"
"BTK","SGK3","PRDX1"
"BTK","IKBKE","PRDX1"
"BTK","STAP1","PRDX1"
"BTK","CALM1","PRDX1"
"BTK","FADD","PRDX1"
"BTK","TLK1","PRDX1"
"BTK","C9orf72","PRDX1"
"BTK","RET","PRDX1"
"BTK","DDX41","PRDX1"
"BTK","RPS6KA4","PRDX1"
"BTK","RELA","PRDX1"
"BTK","PTPRR","PRDX1"
"BTK","CDKN1B","PRDX1"
"BTK","TMIGD2","PRDX1"
"BTK","PSTPIP1","PRDX1"
"BTK","ARRB2","PRDX1"
"BTK","TRAF3","PRDX1"
"BTK","INPP5D","PRDX1"
"BTK","CCNE1","PRDX1"
"BTK","PPP1R14A","PRDX1"
"BTK","PIK3R6","PRDX1"
"BTK","DDX58","PRDX1"
"BTK","IFIH1","PRDX1"
"BTK","TTI1","PRDX1"
"BTK","PIK3C3","PRDX1"
"BTK","SPEN","PRDX1"
"BTK","CLSPN","PRDX1"
"BTK","GRB7","PRDX1"
"BTK","RBL2","PRDX1"
"BTK","MAPK3","TOP2A"
"BTK","MTOR","TOP2A"
"BTK","PRKG1","TOP2A"
"BTK","ERK1/2","TOP2A"
"BTK","Gbeta","TOP2A"
"BTK","LCK","TOP2A"
"BTK","PDPK1","TOP2A"
"BTK","MAP2K1","TOP2A"
"BTK","PRKCB","TOP2A"
"BTK","CyclinD/CDK4","TOP2A"
"BTK","WWTR1","TOP2A"
"BTK","DAPK1","TOP2A"
"BTK","FGG","TOP2A"
"BTK","LEPR","TOP2A"
"BTK","ATR","TOP2A"
"BTK","ILK","TOP2A"
"BTK","SPRED1","TOP2A"
"BTK","PTPN7","TOP2A"
"BTK","RPS6KA4","TOP2A"
"BTK","RELA","TOP2A"
"BTK","PTPRR","TOP2A"
"BTK","FBLIM1","TOP2A"
"BTK","TMIGD2","TOP2A"
"BTK","CCR2","TOP2A"
"BTK","ARRB2","TOP2A"
"BTK","INPP5D","TOP2A"
"BTK","PIK3CG","TOP2A"
"BTK","HDAC2","TOP2A"
"BTK","KSR1","TOP2A"
"BTK","UBXN2B","TOP2A"
"BTK","MST1R","TOP2A"
"BTK","IFIH1","TOP2A"
"BTK","TTI1","TOP2A"
"BTK","HOXB7","TOP2A"
"BTK","RND1","TOP2A"
"BTK","STING1","TOP2A"
"BTK","SPEN","TOP2A"
"BTK","CTDP1","TOP2A"
"BTK","GRB7","TOP2A"
"BTK","BAZ1B","TOP2A"
"BTK","MAPK3","DEK"
"BTK","PRKCQ","DEK"
"BTK","PRKG1","DEK"
"BTK","PRKCB","DEK"
"BTK","PRKCG","DEK"
"BTK","CyclinD/CDK4","DEK"
"BTK","MAP3K1","DEK"
"BTK","MAP3K7","DEK"
"BTK","MAP3K4","DEK"
"BTK","PXN","DEK"
"BTK","FGG","DEK"
"BTK","BCL3","DEK"
"BTK","DVL1","DEK"
"BTK","GRB2","DEK"
"BTK","SGK3","DEK"
"BTK","IKBKE","DEK"
"BTK","CCND1","DEK"
"BTK","STAP1","DEK"
"BTK","PTPN7","DEK"
"BTK","STK38","DEK"
"BTK","MAP4K1","DEK"
"BTK","DDX41","DEK"
"BTK","EPHA2","DEK"
"BTK","MAP3K8","DEK"
"BTK","FBLIM1","DEK"
"BTK","STIP1","DEK"
"BTK","IMPDH2","DEK"
"BTK","SET","DEK"
"BTK","PIK3CG","DEK"
"BTK","TRPV1","DEK"
"BTK","PPP1R14A","DEK"
"BTK","BCL10","DEK"
"BTK","PIK3R6","DEK"
"BTK","MRE11","DEK"
"BTK","KSR1","DEK"
"BTK","ABI1","DEK"
"BTK","IFIH1","DEK"
"BTK","RAD50","DEK"
"BTK","TTI1","DEK"
"BTK","WDFY3","DEK"
"BTK","LRP6","DEK"
"BTK","PIK3C3","DEK"
"BTK","STING1","DEK"
"BTK","NFKB1","DEK"
"BTK","CTDP1","DEK"
"BTK","BLVRA","DEK"
"BTK","CLSPN","DEK"
"BTK","MAPKAP1","DEK"
"BTK","PPP1R14B","DEK"
"BTK","PRKG1","FUNDC1"
"BTK","CDK9","FUNDC1"
"BTK","RPS6KA5","FUNDC1"
"BTK","CyclinD/CDK4","FUNDC1"
"BTK","PXN","FUNDC1"
"BTK","ATR","FUNDC1"
"BTK","PTK6","FUNDC1"
"BTK","IKBKE","FUNDC1"
"BTK","STAP1","FUNDC1"
"BTK","CALM1","FUNDC1"
"BTK","STK38","FUNDC1"
"BTK","TLK1","FUNDC1"
"BTK","CDKN2A","FUNDC1"
"BTK","MAP4K1","FUNDC1"
"BTK","RPS6KA4","FUNDC1"
"BTK","GPSM3","FUNDC1"
"BTK","RELA","FUNDC1"
"BTK","PTPRR","FUNDC1"
"BTK","PSTPIP1","FUNDC1"
"BTK","ARRB2","FUNDC1"
"BTK","INPP5D","FUNDC1"
"BTK","CCNE1","FUNDC1"
"BTK","ROR2","FUNDC1"
"BTK","ABI1","FUNDC1"
"BTK","WDFY3","FUNDC1"
"BTK","LRP6","FUNDC1"
"BTK","GRB14","FUNDC1"
"BTK","HOXB7","FUNDC1"
"BTK","PIK3C3","FUNDC1"
"BTK","RND1","FUNDC1"
"BTK","NFKB1","FUNDC1"
"BTK","TELO2","FUNDC1"
"BTK","BLVRA","FUNDC1"
"BTK","CLSPN","FUNDC1"
"BTK","MAPKAP1","FUNDC1"
"BTK","RBL2","FUNDC1"
"BTK","PPP1R14B","FUNDC1"
"BTK","AKT3","IRX2"
"BTK","PTEN","IRX2"
"BTK","PRKCQ","IRX2"
"BTK","MTOR","IRX2"
"BTK","AKT1","IRX2"
"BTK","CALM2","IRX2"
"BTK","LCK","IRX2"
"BTK","CDK9","IRX2"
"BTK","RPS6KA5","IRX2"
"BTK","SGK1","IRX2"
"BTK","PRKCB","IRX2"
"BTK","PRKCG","IRX2"
"BTK","PRKCZ","IRX2"
"BTK","MAP3K1","IRX2"
"BTK","MAP3K7","IRX2"
"BTK","WWTR1","IRX2"
"BTK","DOK1","IRX2"
"BTK","DVL1","IRX2"
"BTK","GRB2","IRX2"
"BTK","VCPIP1","IRX2"
"BTK","ATR","IRX2"
"BTK","SGK3","IRX2"
"BTK","PTK6","IRX2"
"BTK","IKBKE","IRX2"
"BTK","CCND1","IRX2"
"BTK","STAP1","IRX2"
"BTK","TBK1","IRX2"
"BTK","SPRED1","IRX2"
"BTK","PTPN7","IRX2"
"BTK","TLK1","IRX2"
"BTK","C9orf72","IRX2"
"BTK","CDKN2A","IRX2"
"BTK","MAP4K1","IRX2"
"BTK","DDX41","IRX2"
"BTK","NTRK1","IRX2"
"BTK","MAPKAPK5","IRX2"
"BTK","PTPRR","IRX2"
"BTK","FBLIM1","IRX2"
"BTK","TEC","IRX2"
"BTK","VCP","IRX2"
"BTK","TMIGD2","IRX2"
"BTK","PSTPIP1","IRX2"
"BTK","ARRB2","IRX2"
"BTK","TRAF3","IRX2"
"BTK","CD28","IRX2"
"BTK","CCNE1","IRX2"
"BTK","IMPDH2","IRX2"
"BTK","SET","IRX2"
"BTK","PPP1R14A","IRX2"
"BTK","BCL10","IRX2"
"BTK","MRE11","IRX2"
"BTK","HDAC2","IRX2"
"BTK","KSR1","IRX2"
"BTK","DDX58","IRX2"
"BTK","UBXN2B","IRX2"
"BTK","MST1R","IRX2"
"BTK","ROR2","IRX2"
"BTK","RAD50","IRX2"
"BTK","TTI1","IRX2"
"BTK","WDFY3","IRX2"
"BTK","HOXB7","IRX2"
"BTK","CTDP1","IRX2"
"BTK","BLVRA","IRX2"
"BTK","BAZ1B","IRX2"
"BTK","PLCG2","IRX2"
"BTK","RBL2","IRX2"
"BTK","PPP1R14B","IRX2"
"BTK","PABIR1","IRX2"
"BTK","AKT3","EEA1"
"BTK","CHUK","EEA1"
"BTK","PRKCQ","EEA1"
"BTK","MTOR","EEA1"
"BTK","PRKG1","EEA1"
"BTK","CCP110","EEA1"
"BTK","RPS6K","EEA1"
"BTK","ERK1/2","EEA1"
"BTK","CDK9","EEA1"
"BTK","ABL1","EEA1"
"BTK","RPS6KA5","EEA1"
"BTK","WNK1","EEA1"
"BTK","PDPK1","EEA1"
"BTK","SGK1","EEA1"
"BTK","MAP2K1","EEA1"
"BTK","PRKCG","EEA1"
"BTK","PRKCZ","EEA1"
"BTK","AKT","EEA1"
"BTK","IKBKB","EEA1"
"BTK","DOK1","EEA1"
"BTK","MAP3K4","EEA1"
"BTK","PXN","EEA1"
"BTK","LEPR","EEA1"
"BTK","ITK","EEA1"
"BTK","RPS6KA3","EEA1"
"BTK","VCPIP1","EEA1"
"BTK","PTK6","EEA1"
"BTK","IKBKE","EEA1"
"BTK","TBK1","EEA1"
"BTK","SPRED1","EEA1"
"BTK","MEK1/2","EEA1"
"BTK","CALM1","EEA1"
"BTK","STK38","EEA1"
"BTK","C9orf72","EEA1"
"BTK","CDKN2A","EEA1"
"BTK","MAP4K1","EEA1"
"BTK","GPSM3","EEA1"
"BTK","MAP3K8","EEA1"
"BTK","CDKN1B","EEA1"
"BTK","VCP","EEA1"
"BTK","GRIP1","EEA1"
"BTK","TMIGD2","EEA1"
"BTK","STIP1","EEA1"
"BTK","PSTPIP1","EEA1"
"BTK","CD28","EEA1"
"BTK","CCNE1","EEA1"
"BTK","SET","EEA1"
"BTK","PIK3CG","EEA1"
"BTK","SH2B2","EEA1"
"BTK","TRPV1","EEA1"
"BTK","PPP1R14A","EEA1"
"BTK","BCL10","EEA1"
"BTK","MRE11","EEA1"
"BTK","KSR1","EEA1"
"BTK","DDX58","EEA1"
"BTK","ABI1","EEA1"
"BTK","IFIH1","EEA1"
"BTK","RAD50","EEA1"
"BTK","WDFY3","EEA1"
"BTK","SPEN","EEA1"
"BTK","NFKB1","EEA1"
"BTK","CTDP1","EEA1"
"BTK","CLSPN","EEA1"
"BTK","MAPKAP1","EEA1"
"BTK","GRB7","EEA1"
"BTK","PLCG2","EEA1"
"BTK","RBL2","EEA1"
"BTK","MAPK3","ZRANB1"
"BTK","AKT2","ZRANB1"
"BTK","PRKCQ","ZRANB1"
"BTK","RPS6K","ZRANB1"
"BTK","Gbeta","ZRANB1"
"BTK","CDK9","ZRANB1"
"BTK","PDPK1","ZRANB1"
"BTK","MAP2K1","ZRANB1"
"BTK","PRKCB","ZRANB1"
"BTK","MAP3K7","ZRANB1"
"BTK","DOK1","ZRANB1"
"BTK","MAP3K4","ZRANB1"
"BTK","RPS6KA3","ZRANB1"
"BTK","CCND1","ZRANB1"
"BTK","SPRED1","ZRANB1"
"BTK","STK38","ZRANB1"
"BTK","TLK1","ZRANB1"
"BTK","MAPKAPK5","ZRANB1"
"BTK","MAP3K8","ZRANB1"
"BTK","CDKN1B","ZRANB1"
"BTK","GRIP1","ZRANB1"
"BTK","TMIGD2","ZRANB1"
"BTK","PSTPIP1","ZRANB1"
"BTK","ARRB2","ZRANB1"
"BTK","TRAF3","ZRANB1"
"BTK","INPP5D","ZRANB1"
"BTK","FRS2","ZRANB1"
"BTK","IMPDH2","ZRANB1"
"BTK","SET","ZRANB1"
"BTK","TRPV1","ZRANB1"
"BTK","MST1R","ZRANB1"
"BTK","WDFY3","ZRANB1"
"BTK","PIK3C3","ZRANB1"
"BTK","SPEN","ZRANB1"
"BTK","NFKB1","ZRANB1"
"BTK","GRB7","ZRANB1"
"BTK","PLCG2","ZRANB1"
"BTK","PPP1R14B","ZRANB1"
"BTK","CHUK","PLEK"
"BTK","AKT2","PLEK"
"BTK","PTEN","PLEK"
"BTK","MTOR","PLEK"
"BTK","AKT1","PLEK"
"BTK","PRKG1","PLEK"
"BTK","RPS6K","PLEK"
"BTK","CALM2","PLEK"
"BTK","ERK1/2","PLEK"
"BTK","Gbeta","PLEK"
"BTK","PDPK1","PLEK"
"BTK","SGK1","PLEK"
"BTK","AKT","PLEK"
"BTK","DOK1","PLEK"
"BTK","DAPK1","PLEK"
"BTK","PXN","PLEK"
"BTK","LEPR","PLEK"
"BTK","RPS6KA3","PLEK"
"BTK","BCL3","PLEK"
"BTK","DVL1","PLEK"
"BTK","GRB2","PLEK"
"BTK","VCPIP1","PLEK"
"BTK","ATR","PLEK"
"BTK","SGK3","PLEK"
"BTK","PTK6","PLEK"
"BTK","IKBKE","PLEK"
"BTK","CCND1","PLEK"
"BTK","ILK","PLEK"
"BTK","STAP1","PLEK"
"BTK","SPRED1","PLEK"
"BTK","MEK1/2","PLEK"
"BTK","STK38","PLEK"
"BTK","CDKN2A","PLEK"
"BTK","MAP4K1","PLEK"
"BTK","DDX41","PLEK"
"BTK","IKK-complex","PLEK"
"BTK","SHC1","PLEK"
"BTK","RPS6KA4","PLEK"
"BTK","GPSM3","PLEK"
"BTK","RELA","PLEK"
"BTK","MAPKAPK5","PLEK"
"BTK","EPHA2","PLEK"
"BTK","MAP3K8","PLEK"
"BTK","GRIP1","PLEK"
"BTK","STIP1","PLEK"
"BTK","TRAF3","PLEK"
"BTK","CCNE1","PLEK"
"BTK","TRPV1","PLEK"
"BTK","PPP1R14A","PLEK"
"BTK","BCL10","PLEK"
"BTK","PIK3R6","PLEK"
"BTK","MRE11","PLEK"
"BTK","HDAC2","PLEK"
"BTK","KSR1","PLEK"
"BTK","UBXN2B","PLEK"
"BTK","ROR2","PLEK"
"BTK","ABI1","PLEK"
"BTK","RAD50","PLEK"
"BTK","TTI1","PLEK"
"BTK","WDFY3","PLEK"
"BTK","GRB14","PLEK"
"BTK","HOXB7","PLEK"
"BTK","PIK3C3","PLEK"
"BTK","RND1","PLEK"
"BTK","STING1","PLEK"
"BTK","SPEN","PLEK"
"BTK","BLVRA","PLEK"
"BTK","GRB7","PLEK"
"BTK","PLCG2","PLEK"
"BTK","PPP1R14B","PLEK"
"BTK","PABIR1","PLEK"
"BTK","MAPK3","LASP1"
"BTK","AKT3","LASP1"
"BTK","CHUK","LASP1"
"BTK","PRKCQ","LASP1"
"BTK","MTOR","LASP1"
"BTK","AKT1","LASP1"
"BTK","PRKG1","LASP1"
"BTK","CCP110","LASP1"
"BTK","CALM2","LASP1"
"BTK","ERK1/2","LASP1"
"BTK","LCK","LASP1"
"BTK","CDK9","LASP1"
"BTK","RPS6KA5","LASP1"
"BTK","MAP2K1","LASP1"
"BTK","MAP3K7","LASP1"
"BTK","PXN","LASP1"
"BTK","FGG","LASP1"
"BTK","LEPR","LASP1"
"BTK","ITK","LASP1"
"BTK","DVL1","LASP1"
"BTK","FZR1","LASP1"
"BTK","SGK3","LASP1"
"BTK","PTK6","LASP1"
"BTK","CCND1","LASP1"
"BTK","TBK1","LASP1"
"BTK","PTPN7","LASP1"
"BTK","STK38","LASP1"
"BTK","MAP4K1","LASP1"
"BTK","RET","LASP1"
"BTK","DDX41","LASP1"
"BTK","IKK-complex","LASP1"
"BTK","SHC1","LASP1"
"BTK","RPS6KA4","LASP1"
"BTK","NTRK1","LASP1"
"BTK","GPSM3","LASP1"
"BTK","MAPKAPK5","LASP1"
"BTK","EPHA2","LASP1"
"BTK","MAP3K8","LASP1"
"BTK","PTPRR","LASP1"
"BTK","CDKN1B","LASP1"
"BTK","FBLIM1","LASP1"
"BTK","VCP","LASP1"
"BTK","TMIGD2","LASP1"
"BTK","STIP1","LASP1"
"BTK","ARRB2","LASP1"
"BTK","CRTC2","LASP1"
"BTK","FRS2","LASP1"
"BTK","SH2B2","LASP1"
"BTK","BCL10","LASP1"
"BTK","PIK3R6","LASP1"
"BTK","MST1R","LASP1"
"BTK","IFIH1","LASP1"
"BTK","TTI1","LASP1"
"BTK","LRP6","LASP1"
"BTK","HOXB7","LASP1"
"BTK","PIK3C3","LASP1"
"BTK","CLSPN","LASP1"
"BTK","MAPKAP1","LASP1"
"BTK","GRB7","LASP1"
"BTK","PLCG2","PITPNM1"
"BTK","CHUK","ACOT4"
"BTK","PTEN","ACOT4"
"BTK","AKT1","ACOT4"
"BTK","PRKG1","ACOT4"
"BTK","CCP110","ACOT4"
"BTK","ERK1/2","ACOT4"
"BTK","Gbeta","ACOT4"
"BTK","CDK9","ACOT4"
"BTK","WNK1","ACOT4"
"BTK","PDPK1","ACOT4"
"BTK","SGK1","ACOT4"
"BTK","MAP2K1","ACOT4"
"BTK","PRKCB","ACOT4"
"BTK","PRKCZ","ACOT4"
"BTK","MAP3K1","ACOT4"
"BTK","WWTR1","ACOT4"
"BTK","DOK1","ACOT4"
"BTK","DAPK1","ACOT4"
"BTK","FGG","ACOT4"
"BTK","LEPR","ACOT4"
"BTK","ITK","ACOT4"
"BTK","RPS6KA3","ACOT4"
"BTK","BCL3","ACOT4"
"BTK","FZR1","ACOT4"
"BTK","SGK3","ACOT4"
"BTK","TBK1","ACOT4"
"BTK","STK38","ACOT4"
"BTK","RET","ACOT4"
"BTK","RPS6KA4","ACOT4"
"BTK","NTRK1","ACOT4"
"BTK","RELA","ACOT4"
"BTK","MAP3K8","ACOT4"
"BTK","FBLIM1","ACOT4"
"BTK","TEC","ACOT4"
"BTK","GRIP1","ACOT4"
"BTK","CCR2","ACOT4"
"BTK","CRTC2","ACOT4"
"BTK","CCNE1","ACOT4"
"BTK","IMPDH2","ACOT4"
"BTK","SET","ACOT4"
"BTK","SH2B2","ACOT4"
"BTK","TRPV1","ACOT4"
"BTK","PIK3R6","ACOT4"
"BTK","HDAC2","ACOT4"
"BTK","KSR1","ACOT4"
"BTK","DDX58","ACOT4"
"BTK","UBXN2B","ACOT4"
"BTK","MST1R","ACOT4"
"BTK","ROR2","ACOT4"
"BTK","ABI1","ACOT4"
"BTK","IFIH1","ACOT4"
"BTK","WDFY3","ACOT4"
"BTK","LRP6","ACOT4"
"BTK","GRB14","ACOT4"
"BTK","HOXB7","ACOT4"
"BTK","PIK3C3","ACOT4"
"BTK","STING1","ACOT4"
"BTK","SPEN","ACOT4"
"BTK","CTDP1","ACOT4"
"BTK","TELO2","ACOT4"
"BTK","BLVRA","ACOT4"
"BTK","GRB7","ACOT4"
"BTK","BAZ1B","ACOT4"
"BTK","AKT3","CASP9"
"BTK","PRKG1","CASP9"
"BTK","CCP110","CASP9"
"BTK","CALM2","CASP9"
"BTK","Gbeta","CASP9"
"BTK","LCK","CASP9"
"BTK","CDK9","CASP9"
"BTK","WNK1","CASP9"
"BTK","PDPK1","CASP9"
"BTK","MAP2K1","CASP9"
"BTK","PRKCG","CASP9"
"BTK","MAP3K1","CASP9"
"BTK","MAP3K7","CASP9"
"BTK","WWTR1","CASP9"
"BTK","DAPK1","CASP9"
"BTK","PXN","CASP9"
"BTK","FGG","CASP9"
"BTK","LEPR","CASP9"
"BTK","ITK","CASP9"
"BTK","RPS6KA3","CASP9"
"BTK","BCL3","CASP9"
"BTK","DVL1","CASP9"
"BTK","FZR1","CASP9"
"BTK","VCPIP1","CASP9"
"BTK","ATR","CASP9"
"BTK","SGK3","CASP9"
"BTK","PTK6","CASP9"
"BTK","CCND1","CASP9"
"BTK","ILK","CASP9"
"BTK","STAP1","CASP9"
"BTK","SPRED1","CASP9"
"BTK","PTPN7","CASP9"
"BTK","FADD","CASP9"
"BTK","TLK1","CASP9"
"BTK","MAP4K1","CASP9"
"BTK","RET","CASP9"
"BTK","SHC1","CASP9"
"BTK","RPS6KA4","CASP9"
"BTK","RELA","CASP9"
"BTK","MAPKAPK5","CASP9"
"BTK","GRIP1","CASP9"
"BTK","TMIGD2","CASP9"
"BTK","PSTPIP1","CASP9"
"BTK","ARRB2","CASP9"
"BTK","TRAF3","CASP9"
"BTK","CD28","CASP9"
"BTK","FRS2","CASP9"
"BTK","IMPDH2","CASP9"
"BTK","SH2B2","CASP9"
"BTK","TRPV1","CASP9"
"BTK","BCL10","CASP9"
"BTK","HDAC2","CASP9"
"BTK","KSR1","CASP9"
"BTK","DDX58","CASP9"
"BTK","UBXN2B","CASP9"
"BTK","MST1R","CASP9"
"BTK","ROR2","CASP9"
"BTK","IFIH1","CASP9"
"BTK","TTI1","CASP9"
"BTK","WDFY3","CASP9"
"BTK","PIK3C3","CASP9"
"BTK","STING1","CASP9"
"BTK","NFKB1","CASP9"
"BTK","TELO2","CASP9"
"BTK","CLSPN","CASP9"
"BTK","MAPKAP1","CASP9"
"BTK","GRB7","CASP9"
"BTK","BAZ1B","CASP9"
"BTK","PPP1R14B","CASP9"
"BTK","PABIR1","CASP9"
"BTK","MAPK3","SREBF2"
"BTK","CHUK","SREBF2"
"BTK","PTEN","SREBF2"
"BTK","MTOR","SREBF2"
"BTK","PRKG1","SREBF2"
"BTK","CCP110","SREBF2"
"BTK","RPS6K","SREBF2"
"BTK","ABL1","SREBF2"
"BTK","RPS6KA5","SREBF2"
"BTK","PDPK1","SREBF2"
"BTK","MAP2K1","SREBF2"
"BTK","PRKCB","SREBF2"
"BTK","PRKCG","SREBF2"
"BTK","PRKCZ","SREBF2"
"BTK","CyclinD/CDK4","SREBF2"
"BTK","MAP3K1","SREBF2"
"BTK","MAP3K7","SREBF2"
"BTK","AKT","SREBF2"
"BTK","DOK1","SREBF2"
"BTK","MAP3K4","SREBF2"
"BTK","PXN","SREBF2"
"BTK","FGG","SREBF2"
"BTK","LEPR","SREBF2"
"BTK","ITK","SREBF2"
"BTK","DVL1","SREBF2"
"BTK","FZR1","SREBF2"
"BTK","ATR","SREBF2"
"BTK","IKBKE","SREBF2"
"BTK","CCND1","SREBF2"
"BTK","ILK","SREBF2"
"BTK","STAP1","SREBF2"
"BTK","TBK1","SREBF2"
"BTK","SPRED1","SREBF2"
"BTK","MEK1/2","SREBF2"
"BTK","CALM1","SREBF2"
"BTK","FADD","SREBF2"
"BTK","TLK1","SREBF2"
"BTK","C9orf72","SREBF2"
"BTK","CDKN2A","SREBF2"
"BTK","MAP4K1","SREBF2"
"BTK","SHC1","SREBF2"
"BTK","PTPRR","SREBF2"
"BTK","FBLIM1","SREBF2"
"BTK","TMIGD2","SREBF2"
"BTK","CCR2","SREBF2"
"BTK","STIP1","SREBF2"
"BTK","PSTPIP1","SREBF2"
"BTK","TRAF3","SREBF2"
"BTK","CRTC2","SREBF2"
"BTK","CD28","SREBF2"
"BTK","FRS2","SREBF2"
"BTK","CCNE1","SREBF2"
"BTK","IMPDH2","SREBF2"
"BTK","SET","SREBF2"
"BTK","PIK3CG","SREBF2"
"BTK","TRPV1","SREBF2"
"BTK","BCL10","SREBF2"
"BTK","MRE11","SREBF2"
"BTK","HDAC2","SREBF2"
"BTK","KSR1","SREBF2"
"BTK","ABI1","SREBF2"
"BTK","IFIH1","SREBF2"
"BTK","RAD50","SREBF2"
"BTK","WDFY3","SREBF2"
"BTK","LRP6","SREBF2"
"BTK","GRB14","SREBF2"
"BTK","RND1","SREBF2"
"BTK","STING1","SREBF2"
"BTK","CTDP1","SREBF2"
"BTK","CLSPN","SREBF2"
"BTK","BAZ1B","SREBF2"
"BTK","PLCG2","SREBF2"
"BTK","RBL2","SREBF2"
"BTK","PPP1R14B","SREBF2"
"BTK","PABIR1","SREBF2"
"BTK","AKT3","ATXN10"
"BTK","AKT2","ATXN10"
"BTK","PRKCQ","ATXN10"
"BTK","MTOR","ATXN10"
"BTK","AKT1","ATXN10"
"BTK","PRKG1","ATXN10"
"BTK","CCP110","ATXN10"
"BTK","CALM2","ATXN10"
"BTK","Gbeta","ATXN10"
"BTK","LCK","ATXN10"
"BTK","ABL1","ATXN10"
"BTK","RPS6KA5","ATXN10"
"BTK","WNK1","ATXN10"
"BTK","SGK1","ATXN10"
"BTK","PRKCB","ATXN10"
"BTK","PRKCG","ATXN10"
"BTK","PRKCZ","ATXN10"
"BTK","MAP3K1","ATXN10"
"BTK","FGG","ATXN10"
"BTK","FZR1","ATXN10"
"BTK","GRB2","ATXN10"
"BTK","SGK3","ATXN10"
"BTK","STAP1","ATXN10"
"BTK","PTPN7","ATXN10"
"BTK","CALM1","ATXN10"
"BTK","FADD","ATXN10"
"BTK","TLK1","ATXN10"
"BTK","CDKN2A","ATXN10"
"BTK","MAP4K1","ATXN10"
"BTK","IKK-complex","ATXN10"
"BTK","RPS6KA4","ATXN10"
"BTK","RELA","ATXN10"
"BTK","MAPKAPK5","ATXN10"
"BTK","EPHA2","ATXN10"
"BTK","PTPRR","ATXN10"
"BTK","FBLIM1","ATXN10"
"BTK","TEC","ATXN10"
"BTK","VCP","ATXN10"
"BTK","GRIP1","ATXN10"
"BTK","TMIGD2","ATXN10"
"BTK","STIP1","ATXN10"
"BTK","PSTPIP1","ATXN10"
"BTK","RAD50","ATXN10"
"BTK","TTI1","ATXN10"
"BTK","LRP6","ATXN10"
"BTK","RND1","ATXN10"
"BTK","TELO2","ATXN10"
"BTK","MAPKAP1","ATXN10"
"BTK","RBL2","ATXN10"
"BTK","PPP1R14B","ATXN10"
"BTK","MAPK3","CDC6"
"BTK","AKT3","CDC6"
"BTK","CHUK","CDC6"
"BTK","PTEN","CDC6"
"BTK","AKT1","CDC6"
"BTK","PRKG1","CDC6"
"BTK","CALM2","CDC6"
"BTK","ERK1/2","CDC6"
"BTK","LCK","CDC6"
"BTK","CDK9","CDC6"
"BTK","RPS6KA5","CDC6"
"BTK","WNK1","CDC6"
"BTK","SGK1","CDC6"
"BTK","MAP2K1","CDC6"
"BTK","PRKCB","CDC6"
"BTK","PRKCZ","CDC6"
"BTK","CyclinD/CDK4","CDC6"
"BTK","MAP3K1","CDC6"
"BTK","MAP3K7","CDC6"
"BTK","AKT","CDC6"
"BTK","DAPK1","CDC6"
"BTK","FGG","CDC6"
"BTK","ITK","CDC6"
"BTK","BCL3","CDC6"
"BTK","DVL1","CDC6"
"BTK","FZR1","CDC6"
"BTK","SGK3","CDC6"
"BTK","PTK6","CDC6"
"BTK","CCND1","CDC6"
"BTK","STAP1","CDC6"
"BTK","SPRED1","CDC6"
"BTK","PTPN7","CDC6"
"BTK","CALM1","CDC6"
"BTK","FADD","CDC6"
"BTK","MAP4K1","CDC6"
"BTK","RET","CDC6"
"BTK","DDX41","CDC6"
"BTK","SHC1","CDC6"
"BTK","NTRK1","CDC6"
"BTK","GPSM3","CDC6"
"BTK","RELA","CDC6"
"BTK","MAPKAPK5","CDC6"
"BTK","EPHA2","CDC6"
"BTK","MAP3K8","CDC6"
"BTK","PTPRR","CDC6"
"BTK","CDKN1B","CDC6"
"BTK","VCP","CDC6"
"BTK","GRIP1","CDC6"
"BTK","CCR2","CDC6"
"BTK","PSTPIP1","CDC6"
"BTK","ARRB2","CDC6"
"BTK","TRAF3","CDC6"
"BTK","CRTC2","CDC6"
"BTK","CD28","CDC6"
"BTK","INPP5D","CDC6"
"BTK","IMPDH2","CDC6"
"BTK","TRPV1","CDC6"
"BTK","BCL10","CDC6"
"BTK","PIK3R6","CDC6"
"BTK","HDAC2","CDC6"
"BTK","KSR1","CDC6"
"BTK","DDX58","CDC6"
"BTK","UBXN2B","CDC6"
"BTK","IFIH1","CDC6"
"BTK","LRP6","CDC6"
"BTK","GRB14","CDC6"
"BTK","HOXB7","CDC6"
"BTK","RND1","CDC6"
"BTK","STING1","CDC6"
"BTK","NFKB1","CDC6"
"BTK","CTDP1","CDC6"
"BTK","TELO2","CDC6"
"BTK","BLVRA","CDC6"
"BTK","BAZ1B","CDC6"
"BTK","PLCG2","CDC6"
"BTK","PRKCQ","TUBA8"
"BTK","AKT1","TUBA8"
"BTK","CCP110","TUBA8"
"BTK","CALM2","TUBA8"
"BTK","LCK","TUBA8"
"BTK","CDK9","TUBA8"
"BTK","RPS6KA5","TUBA8"
"BTK","WNK1","TUBA8"
"BTK","PDPK1","TUBA8"
"BTK","MAP2K1","TUBA8"
"BTK","PRKCB","TUBA8"
"BTK","PRKCG","TUBA8"
"BTK","CyclinD/CDK4","TUBA8"
"BTK","MAP3K1","TUBA8"
"BTK","IKBKB","TUBA8"
"BTK","MAP3K4","TUBA8"
"BTK","DAPK1","TUBA8"
"BTK","PXN","TUBA8"
"BTK","FGG","TUBA8"
"BTK","ITK","TUBA8"
"BTK","RPS6KA3","TUBA8"
"BTK","DVL1","TUBA8"
"BTK","GRB2","TUBA8"
"BTK","SGK3","TUBA8"
"BTK","IKBKE","TUBA8"
"BTK","ILK","TUBA8"
"BTK","TBK1","TUBA8"
"BTK","MEK1/2","TUBA8"
"BTK","CALM1","TUBA8"
"BTK","FADD","TUBA8"
"BTK","IKK-complex","TUBA8"
"BTK","SHC1","TUBA8"
"BTK","RELA","TUBA8"
"BTK","MAPKAPK5","TUBA8"
"BTK","EPHA2","TUBA8"
"BTK","MAP3K8","TUBA8"
"BTK","PTPRR","TUBA8"
"BTK","CDKN1B","TUBA8"
"BTK","FBLIM1","TUBA8"
"BTK","VCP","TUBA8"
"BTK","GRIP1","TUBA8"
"BTK","TMIGD2","TUBA8"
"BTK","CCR2","TUBA8"
"BTK","PSTPIP1","TUBA8"
"BTK","ARRB2","TUBA8"
"BTK","TRAF3","TUBA8"
"BTK","CD28","TUBA8"
"BTK","INPP5D","TUBA8"
"BTK","FRS2","TUBA8"
"BTK","IMPDH2","TUBA8"
"BTK","PPP1R14A","TUBA8"
"BTK","PIK3R6","TUBA8"
"BTK","MRE11","TUBA8"
"BTK","HDAC2","TUBA8"
"BTK","DDX58","TUBA8"
"BTK","UBXN2B","TUBA8"
"BTK","ROR2","TUBA8"
"BTK","ABI1","TUBA8"
"BTK","IFIH1","TUBA8"
"BTK","WDFY3","TUBA8"
"BTK","GRB14","TUBA8"
"BTK","PIK3C3","TUBA8"
"BTK","RND1","TUBA8"
"BTK","STING1","TUBA8"
"BTK","SPEN","TUBA8"
"BTK","NFKB1","TUBA8"
"BTK","CTDP1","TUBA8"
"BTK","TELO2","TUBA8"
"BTK","MAPKAP1","TUBA8"
"BTK","GRB7","TUBA8"
"BTK","BAZ1B","TUBA8"
"BTK","MAPK3","TEAD4"
"BTK","AKT3","TEAD4"
"BTK","AKT2","TEAD4"
"BTK","PTEN","TEAD4"
"BTK","MTOR","TEAD4"
"BTK","AKT1","TEAD4"
"BTK","RPS6K","TEAD4"
"BTK","Gbeta","TEAD4"
"BTK","CDK9","TEAD4"
"BTK","ABL1","TEAD4"
"BTK","RPS6KA5","TEAD4"
"BTK","WNK1","TEAD4"
"BTK","SGK1","TEAD4"
"BTK","MAP2K1","TEAD4"
"BTK","PRKCB","TEAD4"
"BTK","PRKCG","TEAD4"
"BTK","MAP3K1","TEAD4"
"BTK","AKT","TEAD4"
"BTK","PXN","TEAD4"
"BTK","LEPR","TEAD4"
"BTK","RPS6KA3","TEAD4"
"BTK","BCL3","TEAD4"
"BTK","DVL1","TEAD4"
"BTK","FZR1","TEAD4"
"BTK","GRB2","TEAD4"
"BTK","ATR","TEAD4"
"BTK","SGK3","TEAD4"
"BTK","PTK6","TEAD4"
"BTK","CCND1","TEAD4"
"BTK","STAP1","TEAD4"
"BTK","PTPN7","TEAD4"
"BTK","CALM1","TEAD4"
"BTK","STK38","TEAD4"
"BTK","TLK1","TEAD4"
"BTK","CDKN2A","TEAD4"
"BTK","MAP4K1","TEAD4"
"BTK","EPHA2","TEAD4"
"BTK","MAP3K8","TEAD4"
"BTK","PTPRR","TEAD4"
"BTK","TMIGD2","TEAD4"
"BTK","STIP1","TEAD4"
"BTK","PSTPIP1","TEAD4"
"BTK","CRTC2","TEAD4"
"BTK","CD28","TEAD4"
"BTK","IMPDH2","TEAD4"
"BTK","SET","TEAD4"
"BTK","TRPV1","TEAD4"
"BTK","PPP1R14A","TEAD4"
"BTK","BCL10","TEAD4"
"BTK","PIK3R6","TEAD4"
"BTK","MRE11","TEAD4"
"BTK","UBXN2B","TEAD4"
"BTK","ABI1","TEAD4"
"BTK","IFIH1","TEAD4"
"BTK","RAD50","TEAD4"
"BTK","WDFY3","TEAD4"
"BTK","GRB14","TEAD4"
"BTK","HOXB7","TEAD4"
"BTK","RND1","TEAD4"
"BTK","STING1","TEAD4"
"BTK","NFKB1","TEAD4"
"BTK","CTDP1","TEAD4"
"BTK","MAPK3","AX/b2 integrin"
"BTK","CHUK","AX/b2 integrin"
"BTK","LCK","AX/b2 integrin"
"BTK","CDK9","AX/b2 integrin"
"BTK","WNK1","AX/b2 integrin"
"BTK","PDPK1","AX/b2 integrin"
"BTK","MAP2K1","AX/b2 integrin"
"BTK","MAP3K1","AX/b2 integrin"
"BTK","MAP3K7","AX/b2 integrin"
"BTK","IKBKB","AX/b2 integrin"
"BTK","WWTR1","AX/b2 integrin"
"BTK","MAP3K4","AX/b2 integrin"
"BTK","FGG","AX/b2 integrin"
"BTK","LEPR","AX/b2 integrin"
"BTK","ITK","AX/b2 integrin"
"BTK","RPS6KA3","AX/b2 integrin"
"BTK","BCL3","AX/b2 integrin"
"BTK","FZR1","AX/b2 integrin"
"BTK","GRB2","AX/b2 integrin"
"BTK","VCPIP1","AX/b2 integrin"
"BTK","ATR","AX/b2 integrin"
"BTK","IKBKE","AX/b2 integrin"
"BTK","CCND1","AX/b2 integrin"
"BTK","ILK","AX/b2 integrin"
"BTK","STAP1","AX/b2 integrin"
"BTK","PTPN7","AX/b2 integrin"
"BTK","CALM1","AX/b2 integrin"
"BTK","FADD","AX/b2 integrin"
"BTK","STK38","AX/b2 integrin"
"BTK","RET","AX/b2 integrin"
"BTK","RPS6KA4","AX/b2 integrin"
"BTK","EPHA2","AX/b2 integrin"
"BTK","MAP3K8","AX/b2 integrin"
"BTK","PTPRR","AX/b2 integrin"
"BTK","CDKN1B","AX/b2 integrin"
"BTK","TEC","AX/b2 integrin"
"BTK","GRIP1","AX/b2 integrin"
"BTK","TMIGD2","AX/b2 integrin"
"BTK","STIP1","AX/b2 integrin"
"BTK","ARRB2","AX/b2 integrin"
"BTK","TRAF3","AX/b2 integrin"
"BTK","INPP5D","AX/b2 integrin"
"BTK","FRS2","AX/b2 integrin"
"BTK","CCNE1","AX/b2 integrin"
"BTK","IMPDH2","AX/b2 integrin"
"BTK","SH2B2","AX/b2 integrin"
"BTK","TRPV1","AX/b2 integrin"
"BTK","PPP1R14A","AX/b2 integrin"
"BTK","PIK3R6","AX/b2 integrin"
"BTK","ROR2","AX/b2 integrin"
"BTK","ABI1","AX/b2 integrin"
"BTK","IFIH1","AX/b2 integrin"
"BTK","RAD50","AX/b2 integrin"
"BTK","TTI1","AX/b2 integrin"
"BTK","LRP6","AX/b2 integrin"
"BTK","HOXB7","AX/b2 integrin"
"BTK","PIK3C3","AX/b2 integrin"
"BTK","RND1","AX/b2 integrin"
"BTK","STING1","AX/b2 integrin"
"BTK","NFKB1","AX/b2 integrin"
"BTK","CTDP1","AX/b2 integrin"
"BTK","TELO2","AX/b2 integrin"
"BTK","CLSPN","AX/b2 integrin"
"BTK","BAZ1B","AX/b2 integrin"
"BTK","PPP1R14B","AX/b2 integrin"
"BTK","MAPK3","A1/b1 integrin"
"BTK","AKT3","A1/b1 integrin"
"BTK","CHUK","A1/b1 integrin"
"BTK","MTOR","A1/b1 integrin"
"BTK","PRKG1","A1/b1 integrin"
"BTK","CCP110","A1/b1 integrin"
"BTK","RPS6K","A1/b1 integrin"
"BTK","Gbeta","A1/b1 integrin"
"BTK","LCK","A1/b1 integrin"
"BTK","RPS6KA5","A1/b1 integrin"
"BTK","WNK1","A1/b1 integrin"
"BTK","SGK1","A1/b1 integrin"
"BTK","MAP2K1","A1/b1 integrin"
"BTK","PRKCB","A1/b1 integrin"
"BTK","PRKCG","A1/b1 integrin"
"BTK","PRKCZ","A1/b1 integrin"
"BTK","CyclinD/CDK4","A1/b1 integrin"
"BTK","WWTR1","A1/b1 integrin"
"BTK","PXN","A1/b1 integrin"
"BTK","LEPR","A1/b1 integrin"
"BTK","BCL3","A1/b1 integrin"
"BTK","DVL1","A1/b1 integrin"
"BTK","FZR1","A1/b1 integrin"
"BTK","ATR","A1/b1 integrin"
"BTK","SGK3","A1/b1 integrin"
"BTK","ILK","A1/b1 integrin"
"BTK","MEK1/2","A1/b1 integrin"
"BTK","PTPN7","A1/b1 integrin"
"BTK","CALM1","A1/b1 integrin"
"BTK","STK38","A1/b1 integrin"
"BTK","DDX41","A1/b1 integrin"
"BTK","EPHA2","A1/b1 integrin"
"BTK","FBLIM1","A1/b1 integrin"
"BTK","VCP","A1/b1 integrin"
"BTK","TMIGD2","A1/b1 integrin"
"BTK","CCR2","A1/b1 integrin"
"BTK","PSTPIP1","A1/b1 integrin"
"BTK","FRS2","A1/b1 integrin"
"BTK","CCNE1","A1/b1 integrin"
"BTK","IMPDH2","A1/b1 integrin"
"BTK","SET","A1/b1 integrin"
"BTK","SH2B2","A1/b1 integrin"
"BTK","TRPV1","A1/b1 integrin"
"BTK","PPP1R14A","A1/b1 integrin"
"BTK","UBXN2B","A1/b1 integrin"
"BTK","MST1R","A1/b1 integrin"
"BTK","ABI1","A1/b1 integrin"
"BTK","RAD50","A1/b1 integrin"
"BTK","SPEN","A1/b1 integrin"
"BTK","BLVRA","A1/b1 integrin"
"BTK","MAPKAP1","A1/b1 integrin"
"BTK","PPP1R14B","A1/b1 integrin"
"BTK","MAPK3","SRF"
"BTK","PRKCQ","SRF"
"BTK","PRKG1","SRF"
"BTK","CCP110","SRF"
"BTK","CDK9","SRF"
"BTK","RPS6KA5","SRF"
"BTK","WNK1","SRF"
"BTK","PDPK1","SRF"
"BTK","SGK1","SRF"
"BTK","MAP2K1","SRF"
"BTK","PRKCB","SRF"
"BTK","DAPK1","SRF"
"BTK","RPS6KA3","SRF"
"BTK","DVL1","SRF"
"BTK","VCPIP1","SRF"
"BTK","PTK6","SRF"
"BTK","CCND1","SRF"
"BTK","ILK","SRF"
"BTK","SPRED1","SRF"
"BTK","PTPN7","SRF"
"BTK","FADD","SRF"
"BTK","TLK1","SRF"
"BTK","CDKN2A","SRF"
"BTK","DDX41","SRF"
"BTK","SHC1","SRF"
"BTK","GPSM3","SRF"
"BTK","MAPKAPK5","SRF"
"BTK","EPHA2","SRF"
"BTK","PTPRR","SRF"
"BTK","GRIP1","SRF"
"BTK","CCR2","SRF"
"BTK","STIP1","SRF"
"BTK","PSTPIP1","SRF"
"BTK","TRAF3","SRF"
"BTK","INPP5D","SRF"
"BTK","PIK3CG","SRF"
"BTK","MRE11","SRF"
"BTK","ABI1","SRF"
"BTK","IFIH1","SRF"
"BTK","WDFY3","SRF"
"BTK","NFKB1","SRF"
"BTK","TELO2","SRF"
"BTK","GRB7","SRF"
"BTK","PABIR1","SRF"
"BTK","AKT3","Histone H3"
"BTK","AKT2","Histone H3"
"BTK","PTEN","Histone H3"
"BTK","PRKCQ","Histone H3"
"BTK","AKT1","Histone H3"
"BTK","CCP110","Histone H3"
"BTK","CALM2","Histone H3"
"BTK","Gbeta","Histone H3"
"BTK","LCK","Histone H3"
"BTK","CDK9","Histone H3"
"BTK","ABL1","Histone H3"
"BTK","RPS6KA5","Histone H3"
"BTK","PDPK1","Histone H3"
"BTK","SGK1","Histone H3"
"BTK","MAP2K1","Histone H3"
"BTK","PRKCB","Histone H3"
"BTK","PRKCG","Histone H3"
"BTK","MAP3K1","Histone H3"
"BTK","AKT","Histone H3"
"BTK","FGG","Histone H3"
"BTK","LEPR","Histone H3"
"BTK","PTK6","Histone H3"
"BTK","CCND1","Histone H3"
"BTK","ILK","Histone H3"
"BTK","STAP1","Histone H3"
"BTK","SPRED1","Histone H3"
"BTK","MEK1/2","Histone H3"
"BTK","PTPN7","Histone H3"
"BTK","TLK1","Histone H3"
"BTK","MAP4K1","Histone H3"
"BTK","SHC1","Histone H3"
"BTK","RPS6KA4","Histone H3"
"BTK","GPSM3","Histone H3"
"BTK","MAPKAPK5","Histone H3"
"BTK","CDKN1B","Histone H3"
"BTK","FBLIM1","Histone H3"
"BTK","GRIP1","Histone H3"
"BTK","CCNE1","Histone H3"
"BTK","PIK3CG","Histone H3"
"BTK","BCL10","Histone H3"
"BTK","MST1R","Histone H3"
"BTK","ABI1","Histone H3"
"BTK","IFIH1","Histone H3"
"BTK","RAD50","Histone H3"
"BTK","CTDP1","Histone H3"
"BTK","TELO2","Histone H3"
"BTK","RBL2","Histone H3"
"BTK","MAPK3","TP73"
"BTK","PRKCQ","TP73"
"BTK","CCP110","TP73"
"BTK","RPS6K","TP73"
"BTK","CALM2","TP73"
"BTK","ERK1/2","TP73"
"BTK","LCK","TP73"
"BTK","CDK9","TP73"
"BTK","RPS6KA5","TP73"
"BTK","WNK1","TP73"
"BTK","PRKCG","TP73"
"BTK","MAP3K7","TP73"
"BTK","AKT","TP73"
"BTK","WWTR1","TP73"
"BTK","MAP3K4","TP73"
"BTK","PXN","TP73"
"BTK","FGG","TP73"
"BTK","RPS6KA3","TP73"
"BTK","BCL3","TP73"
"BTK","FZR1","TP73"
"BTK","CDKN2A","TP73"
"BTK","MAP4K1","TP73"
"BTK","RET","TP73"
"BTK","IKK-complex","TP73"
"BTK","MAPKAPK5","TP73"
"BTK","EPHA2","TP73"
"BTK","FBLIM1","TP73"
"BTK","GRIP1","TP73"
"BTK","TMIGD2","TP73"
"BTK","ARRB2","TP73"
"BTK","TRAF3","TP73"
"BTK","CRTC2","TP73"
"BTK","INPP5D","TP73"
"BTK","FRS2","TP73"
"BTK","PIK3CG","TP73"
"BTK","SH2B2","TP73"
"BTK","PIK3R6","TP73"
"BTK","MRE11","TP73"
"BTK","HDAC2","TP73"
"BTK","UBXN2B","TP73"
"BTK","MST1R","TP73"
"BTK","IFIH1","TP73"
"BTK","RAD50","TP73"
"BTK","TTI1","TP73"
"BTK","WDFY3","TP73"
"BTK","LRP6","TP73"
"BTK","STING1","TP73"
"BTK","CTDP1","TP73"
"BTK","CLSPN","TP73"
"BTK","MAPKAP1","TP73"
"BTK","GRB7","TP73"
"BTK","BAZ1B","TP73"
"BTK","CHUK","UHRF1"
"BTK","AKT2","UHRF1"
"BTK","MTOR","UHRF1"
"BTK","AKT1","UHRF1"
"BTK","PRKG1","UHRF1"
"BTK","CCP110","UHRF1"
"BTK","RPS6K","UHRF1"
"BTK","ERK1/2","UHRF1"
"BTK","LCK","UHRF1"
"BTK","ABL1","UHRF1"
"BTK","RPS6KA5","UHRF1"
"BTK","PDPK1","UHRF1"
"BTK","PRKCB","UHRF1"
"BTK","AKT","UHRF1"
"BTK","DOK1","UHRF1"
"BTK","ITK","UHRF1"
"BTK","VCPIP1","UHRF1"
"BTK","ATR","UHRF1"
"BTK","PTK6","UHRF1"
"BTK","SPRED1","UHRF1"
"BTK","FADD","UHRF1"
"BTK","TLK1","UHRF1"
"BTK","CDKN2A","UHRF1"
"BTK","IKK-complex","UHRF1"
"BTK","RELA","UHRF1"
"BTK","MAPKAPK5","UHRF1"
"BTK","PTPRR","UHRF1"
"BTK","CDKN1B","UHRF1"
"BTK","CCR2","UHRF1"
"BTK","STIP1","UHRF1"
"BTK","PSTPIP1","UHRF1"
"BTK","ARRB2","UHRF1"
"BTK","TRAF3","UHRF1"
"BTK","CRTC2","UHRF1"
"BTK","CD28","UHRF1"
"BTK","INPP5D","UHRF1"
"BTK","FRS2","UHRF1"
"BTK","IMPDH2","UHRF1"
"BTK","SET","UHRF1"
"BTK","SH2B2","UHRF1"
"BTK","KSR1","UHRF1"
"BTK","UBXN2B","UHRF1"
"BTK","MST1R","UHRF1"
"BTK","ROR2","UHRF1"
"BTK","IFIH1","UHRF1"
"BTK","RAD50","UHRF1"
"BTK","TTI1","UHRF1"
"BTK","LRP6","UHRF1"
"BTK","GRB14","UHRF1"
"BTK","STING1","UHRF1"
"BTK","TELO2","UHRF1"
"BTK","CLSPN","UHRF1"
"BTK","GRB7","UHRF1"
"BTK","PPP1R14B","UHRF1"
"BTK","MAPK3","CENPQ"
"BTK","AKT3","CENPQ"
"BTK","AKT2","CENPQ"
"BTK","PRKCQ","CENPQ"
"BTK","AKT1","CENPQ"
"BTK","CCP110","CENPQ"
"BTK","CALM2","CENPQ"
"BTK","LCK","CENPQ"
"BTK","PDPK1","CENPQ"
"BTK","SGK1","CENPQ"
"BTK","PRKCB","CENPQ"
"BTK","PRKCG","CENPQ"
"BTK","CyclinD/CDK4","CENPQ"
"BTK","DAPK1","CENPQ"
"BTK","PXN","CENPQ"
"BTK","FGG","CENPQ"
"BTK","FZR1","CENPQ"
"BTK","VCPIP1","CENPQ"
"BTK","ATR","CENPQ"
"BTK","IKBKE","CENPQ"
"BTK","CCND1","CENPQ"
"BTK","SPRED1","CENPQ"
"BTK","MEK1/2","CENPQ"
"BTK","FADD","CENPQ"
"BTK","STK38","CENPQ"
"BTK","TLK1","CENPQ"
"BTK","C9orf72","CENPQ"
"BTK","CDKN2A","CENPQ"
"BTK","RET","CENPQ"
"BTK","IKK-complex","CENPQ"
"BTK","NTRK1","CENPQ"
"BTK","GPSM3","CENPQ"
"BTK","RELA","CENPQ"
"BTK","EPHA2","CENPQ"
"BTK","PTPRR","CENPQ"
"BTK","TEC","CENPQ"
"BTK","VCP","CENPQ"
"BTK","TMIGD2","CENPQ"
"BTK","CCR2","CENPQ"
"BTK","HDAC2","CENPQ"
"BTK","KSR1","CENPQ"
"BTK","DDX58","CENPQ"
"BTK","ROR2","CENPQ"
"BTK","ABI1","CENPQ"
"BTK","TTI1","CENPQ"
"BTK","GRB14","CENPQ"
"BTK","SPEN","CENPQ"
"BTK","TELO2","CENPQ"
"BTK","BLVRA","CENPQ"
"BTK","BAZ1B","CENPQ"
"BTK","MAPK3","TUBB4A"
"BTK","CHUK","TUBB4A"
"BTK","PTEN","TUBB4A"
"BTK","MTOR","TUBB4A"
"BTK","AKT1","TUBB4A"
"BTK","PRKG1","TUBB4A"
"BTK","RPS6K","TUBB4A"
"BTK","CALM2","TUBB4A"
"BTK","ERK1/2","TUBB4A"
"BTK","ABL1","TUBB4A"
"BTK","RPS6KA5","TUBB4A"
"BTK","SGK1","TUBB4A"
"BTK","MAP2K1","TUBB4A"
"BTK","AKT","TUBB4A"
"BTK","WWTR1","TUBB4A"
"BTK","DOK1","TUBB4A"
"BTK","LEPR","TUBB4A"
"BTK","DVL1","TUBB4A"
"BTK","FZR1","TUBB4A"
"BTK","GRB2","TUBB4A"
"BTK","SGK3","TUBB4A"
"BTK","PTK6","TUBB4A"
"BTK","CCND1","TUBB4A"
"BTK","ILK","TUBB4A"
"BTK","STAP1","TUBB4A"
"BTK","SPRED1","TUBB4A"
"BTK","FADD","TUBB4A"
"BTK","STK38","TUBB4A"
"BTK","TLK1","TUBB4A"
"BTK","CDKN2A","TUBB4A"
"BTK","RET","TUBB4A"
"BTK","RPS6KA4","TUBB4A"
"BTK","NTRK1","TUBB4A"
"BTK","MAPKAPK5","TUBB4A"
"BTK","EPHA2","TUBB4A"
"BTK","CDKN1B","TUBB4A"
"BTK","TEC","TUBB4A"
"BTK","GRIP1","TUBB4A"
"BTK","TMIGD2","TUBB4A"
"BTK","CCR2","TUBB4A"
"BTK","PSTPIP1","TUBB4A"
"BTK","SET","TUBB4A"
"BTK","PIK3CG","TUBB4A"
"BTK","MST1R","TUBB4A"
"BTK","ROR2","TUBB4A"
"BTK","ABI1","TUBB4A"
"BTK","IFIH1","TUBB4A"
"BTK","RAD50","TUBB4A"
"BTK","GRB14","TUBB4A"
"BTK","HOXB7","TUBB4A"
"BTK","SPEN","TUBB4A"
"BTK","PPP1R14B","TUBB4A"
"BTK","PTEN","ACACA"
"BTK","RPS6K","ACACA"
"BTK","ERK1/2","ACACA"
"BTK","LCK","ACACA"
"BTK","CDK9","ACACA"
"BTK","RPS6KA5","ACACA"
"BTK","WNK1","ACACA"
"BTK","CyclinD/CDK4","ACACA"
"BTK","MAP3K7","ACACA"
"BTK","DOK1","ACACA"
"BTK","MAP3K4","ACACA"
"BTK","DAPK1","ACACA"
"BTK","RPS6KA3","ACACA"
"BTK","BCL3","ACACA"
"BTK","DVL1","ACACA"
"BTK","FZR1","ACACA"
"BTK","ATR","ACACA"
"BTK","SGK3","ACACA"
"BTK","PTK6","ACACA"
"BTK","IKBKE","ACACA"
"BTK","CCND1","ACACA"
"BTK","TBK1","ACACA"
"BTK","CALM1","ACACA"
"BTK","FADD","ACACA"
"BTK","STK38","ACACA"
"BTK","CDKN2A","ACACA"
"BTK","RET","ACACA"
"BTK","IKK-complex","ACACA"
"BTK","GRIP1","ACACA"
"BTK","PSTPIP1","ACACA"
"BTK","ARRB2","ACACA"
"BTK","TRAF3","ACACA"
"BTK","INPP5D","ACACA"
"BTK","IMPDH2","ACACA"
"BTK","SET","ACACA"
"BTK","PIK3CG","ACACA"
"BTK","SH2B2","ACACA"
"BTK","TRPV1","ACACA"
"BTK","PPP1R14A","ACACA"
"BTK","BCL10","ACACA"
"BTK","PIK3R6","ACACA"
"BTK","MRE11","ACACA"
"BTK","KSR1","ACACA"
"BTK","DDX58","ACACA"
"BTK","MST1R","ACACA"
"BTK","HOXB7","ACACA"
"BTK","RND1","ACACA"
"BTK","SPEN","ACACA"
"BTK","NFKB1","ACACA"
"BTK","CTDP1","ACACA"
"BTK","BLVRA","ACACA"
"BTK","CLSPN","ACACA"
"BTK","PLCG2","ACACA"
"BTK","MAPK3","PIKFYVE"
"BTK","CHUK","PIKFYVE"
"BTK","PTEN","PIKFYVE"
"BTK","PRKG1","PIKFYVE"
"BTK","RPS6K","PIKFYVE"
"BTK","CALM2","PIKFYVE"
"BTK","Gbeta","PIKFYVE"
"BTK","CDK9","PIKFYVE"
"BTK","RPS6KA5","PIKFYVE"
"BTK","PDPK1","PIKFYVE"
"BTK","MAP2K1","PIKFYVE"
"BTK","PRKCZ","PIKFYVE"
"BTK","AKT","PIKFYVE"
"BTK","IKBKB","PIKFYVE"
"BTK","MAP3K4","PIKFYVE"
"BTK","LEPR","PIKFYVE"
"BTK","RPS6KA3","PIKFYVE"
"BTK","DVL1","PIKFYVE"
"BTK","FZR1","PIKFYVE"
"BTK","GRB2","PIKFYVE"
"BTK","VCPIP1","PIKFYVE"
"BTK","ATR","PIKFYVE"
"BTK","PTK6","PIKFYVE"
"BTK","IKBKE","PIKFYVE"
"BTK","TBK1","PIKFYVE"
"BTK","RET","PIKFYVE"
"BTK","SHC1","PIKFYVE"
"BTK","RELA","PIKFYVE"
"BTK","PTPRR","PIKFYVE"
"BTK","FBLIM1","PIKFYVE"
"BTK","GRIP1","PIKFYVE"
"BTK","CCR2","PIKFYVE"
"BTK","STIP1","PIKFYVE"
"BTK","CD28","PIKFYVE"
"BTK","FRS2","PIKFYVE"
"BTK","CCNE1","PIKFYVE"
"BTK","SET","PIKFYVE"
"BTK","MRE11","PIKFYVE"
"BTK","HDAC2","PIKFYVE"
"BTK","UBXN2B","PIKFYVE"
"BTK","MST1R","PIKFYVE"
"BTK","ABI1","PIKFYVE"
"BTK","LRP6","PIKFYVE"
"BTK","PIK3C3","PIKFYVE"
"BTK","GRB7","PIKFYVE"
"BTK","BAZ1B","PIKFYVE"
"BTK","RBL2","PIKFYVE"
"BTK","CCP110","CRTC1"
"BTK","ERK1/2","CRTC1"
"BTK","Gbeta","CRTC1"
"BTK","ABL1","CRTC1"
"BTK","RPS6KA5","CRTC1"
"BTK","CyclinD/CDK4","CRTC1"
"BTK","MAP3K1","CRTC1"
"BTK","MAP3K4","CRTC1"
"BTK","DAPK1","CRTC1"
"BTK","PXN","CRTC1"
"BTK","RPS6KA3","CRTC1"
"BTK","FZR1","CRTC1"
"BTK","VCPIP1","CRTC1"
"BTK","ATR","CRTC1"
"BTK","SGK3","CRTC1"
"BTK","CCND1","CRTC1"
"BTK","ILK","CRTC1"
"BTK","STAP1","CRTC1"
"BTK","TBK1","CRTC1"
"BTK","SPRED1","CRTC1"
"BTK","MEK1/2","CRTC1"
"BTK","CALM1","CRTC1"
"BTK","FADD","CRTC1"
"BTK","STK38","CRTC1"
"BTK","TLK1","CRTC1"
"BTK","C9orf72","CRTC1"
"BTK","CDKN2A","CRTC1"
"BTK","RET","CRTC1"
"BTK","RPS6KA4","CRTC1"
"BTK","NTRK1","CRTC1"
"BTK","MAPKAPK5","CRTC1"
"BTK","EPHA2","CRTC1"
"BTK","MAP3K8","CRTC1"
"BTK","PTPRR","CRTC1"
"BTK","FBLIM1","CRTC1"
"BTK","TEC","CRTC1"
"BTK","VCP","CRTC1"
"BTK","TMIGD2","CRTC1"
"BTK","CCR2","CRTC1"
"BTK","ARRB2","CRTC1"
"BTK","CRTC2","CRTC1"
"BTK","IMPDH2","CRTC1"
"BTK","PIK3CG","CRTC1"
"BTK","SH2B2","CRTC1"
"BTK","BCL10","CRTC1"
"BTK","HDAC2","CRTC1"
"BTK","DDX58","CRTC1"
"BTK","MST1R","CRTC1"
"BTK","ABI1","CRTC1"
"BTK","IFIH1","CRTC1"
"BTK","RAD50","CRTC1"
"BTK","TTI1","CRTC1"
"BTK","WDFY3","CRTC1"
"BTK","GRB14","CRTC1"
"BTK","HOXB7","CRTC1"
"BTK","PIK3C3","CRTC1"
"BTK","STING1","CRTC1"
"BTK","SPEN","CRTC1"
"BTK","CTDP1","CRTC1"
"BTK","TELO2","CRTC1"
"BTK","BAZ1B","CRTC1"
"BTK","PLCG2","CRTC1"
"BTK","RBL2","CRTC1"
"BTK","PPP1R14B","CRTC1"
"BTK","AKT3","SNAI1"
"BTK","CHUK","SNAI1"
"BTK","PTEN","SNAI1"
"BTK","PRKCQ","SNAI1"
"BTK","MTOR","SNAI1"
"BTK","PRKG1","SNAI1"
"BTK","CCP110","SNAI1"
"BTK","ERK1/2","SNAI1"
"BTK","CDK9","SNAI1"
"BTK","WNK1","SNAI1"
"BTK","MAP2K1","SNAI1"
"BTK","PRKCB","SNAI1"
"BTK","PRKCZ","SNAI1"
"BTK","CyclinD/CDK4","SNAI1"
"BTK","MAP3K1","SNAI1"
"BTK","AKT","SNAI1"
"BTK","IKBKB","SNAI1"
"BTK","WWTR1","SNAI1"
"BTK","MAP3K4","SNAI1"
"BTK","FGG","SNAI1"
"BTK","RPS6KA3","SNAI1"
"BTK","DVL1","SNAI1"
"BTK","GRB2","SNAI1"
"BTK","ATR","SNAI1"
"BTK","SGK3","SNAI1"
"BTK","PTK6","SNAI1"
"BTK","IKBKE","SNAI1"
"BTK","ILK","SNAI1"
"BTK","STAP1","SNAI1"
"BTK","TBK1","SNAI1"
"BTK","SPRED1","SNAI1"
"BTK","MEK1/2","SNAI1"
"BTK","CALM1","SNAI1"
"BTK","STK38","SNAI1"
"BTK","C9orf72","SNAI1"
"BTK","CDKN2A","SNAI1"
"BTK","MAP4K1","SNAI1"
"BTK","RET","SNAI1"
"BTK","NTRK1","SNAI1"
"BTK","GPSM3","SNAI1"
"BTK","MAPKAPK5","SNAI1"
"BTK","MAP3K8","SNAI1"
"BTK","PTPRR","SNAI1"
"BTK","CDKN1B","SNAI1"
"BTK","FBLIM1","SNAI1"
"BTK","TEC","SNAI1"
"BTK","VCP","SNAI1"
"BTK","GRIP1","SNAI1"
"BTK","TMIGD2","SNAI1"
"BTK","PSTPIP1","SNAI1"
"BTK","ARRB2","SNAI1"
"BTK","CRTC2","SNAI1"
"BTK","INPP5D","SNAI1"
"BTK","FRS2","SNAI1"
"BTK","CCNE1","SNAI1"
"BTK","SET","SNAI1"
"BTK","PIK3CG","SNAI1"
"BTK","MRE11","SNAI1"
"BTK","HDAC2","SNAI1"
"BTK","DDX58","SNAI1"
"BTK","UBXN2B","SNAI1"
"BTK","MST1R","SNAI1"
"BTK","TTI1","SNAI1"
"BTK","HOXB7","SNAI1"
"BTK","RND1","SNAI1"
"BTK","NFKB1","SNAI1"
"BTK","CTDP1","SNAI1"
"BTK","BLVRA","SNAI1"
"BTK","MAPKAP1","SNAI1"
"BTK","CHUK","A5/b1 integrin"
"BTK","PTEN","A5/b1 integrin"
"BTK","MTOR","A5/b1 integrin"
"BTK","CCP110","A5/b1 integrin"
"BTK","ERK1/2","A5/b1 integrin"
"BTK","Gbeta","A5/b1 integrin"
"BTK","PRKCZ","A5/b1 integrin"
"BTK","MAP3K1","A5/b1 integrin"
"BTK","AKT","A5/b1 integrin"
"BTK","DOK1","A5/b1 integrin"
"BTK","MAP3K4","A5/b1 integrin"
"BTK","BCL3","A5/b1 integrin"
"BTK","VCPIP1","A5/b1 integrin"
"BTK","ATR","A5/b1 integrin"
"BTK","SGK3","A5/b1 integrin"
"BTK","SPRED1","A5/b1 integrin"
"BTK","MEK1/2","A5/b1 integrin"
"BTK","CALM1","A5/b1 integrin"
"BTK","STK38","A5/b1 integrin"
"BTK","RPS6KA4","A5/b1 integrin"
"BTK","VCP","A5/b1 integrin"
"BTK","CCR2","A5/b1 integrin"
"BTK","CRTC2","A5/b1 integrin"
"BTK","FRS2","A5/b1 integrin"
"BTK","SET","A5/b1 integrin"
"BTK","MST1R","A5/b1 integrin"
"BTK","LRP6","A5/b1 integrin"
"BTK","GRB14","A5/b1 integrin"
"BTK","SPEN","A5/b1 integrin"
"BTK","NFKB1","A5/b1 integrin"
"BTK","CTDP1","A5/b1 integrin"
"BTK","BLVRA","A5/b1 integrin"
"BTK","BAZ1B","A5/b1 integrin"
"BTK","PPP1R14B","A5/b1 integrin"
"BTK","PLCG2","ECT2"
"BTK","MAPK3","CD72"
"BTK","PRKCQ","CD72"
"BTK","Gbeta","CD72"
"BTK","LCK","CD72"
"BTK","ABL1","CD72"
"BTK","PDPK1","CD72"
"BTK","SGK1","CD72"
"BTK","MAP2K1","CD72"
"BTK","CyclinD/CDK4","CD72"
"BTK","AKT","CD72"
"BTK","DOK1","CD72"
"BTK","MAP3K4","CD72"
"BTK","DAPK1","CD72"
"BTK","LEPR","CD72"
"BTK","FZR1","CD72"
"BTK","SGK3","CD72"
"BTK","PTK6","CD72"
"BTK","SPRED1","CD72"
"BTK","PTPN7","CD72"
"BTK","FADD","CD72"
"BTK","C9orf72","CD72"
"BTK","MAP4K1","CD72"
"BTK","SHC1","CD72"
"BTK","RELA","CD72"
"BTK","CDKN1B","CD72"
"BTK","VCP","CD72"
"BTK","GRIP1","CD72"
"BTK","TRAF3","CD72"
"BTK","CD28","CD72"
"BTK","INPP5D","CD72"
"BTK","FRS2","CD72"
"BTK","CCNE1","CD72"
"BTK","SET","CD72"
"BTK","BCL10","CD72"
"BTK","PIK3R6","CD72"
"BTK","MRE11","CD72"
"BTK","IFIH1","CD72"
"BTK","RAD50","CD72"
"BTK","LRP6","CD72"
"BTK","GRB14","CD72"
"BTK","RND1","CD72"
"BTK","STING1","CD72"
"BTK","SPEN","CD72"
"BTK","CTDP1","CD72"
"BTK","TELO2","CD72"
"BTK","BLVRA","CD72"
"BTK","CLSPN","CD72"
"BTK","MAPKAP1","CD72"
"BTK","PLCG2","CD72"
"BTK","AKT3","PDE3B"
"BTK","CHUK","PDE3B"
"BTK","PTEN","PDE3B"
"BTK","MTOR","PDE3B"
"BTK","PRKG1","PDE3B"
"BTK","CCP110","PDE3B"
"BTK","IKBKB","PDE3B"
"BTK","DOK1","PDE3B"
"BTK","MAP3K4","PDE3B"
"BTK","DAPK1","PDE3B"
"BTK","PXN","PDE3B"
"BTK","FGG","PDE3B"
"BTK","ITK","PDE3B"
"BTK","RPS6KA3","PDE3B"
"BTK","BCL3","PDE3B"
"BTK","FZR1","PDE3B"
"BTK","GRB2","PDE3B"
"BTK","PTK6","PDE3B"
"BTK","IKBKE","PDE3B"
"BTK","CCND1","PDE3B"
"BTK","STAP1","PDE3B"
"BTK","TBK1","PDE3B"
"BTK","PTPN7","PDE3B"
"BTK","CALM1","PDE3B"
"BTK","STK38","PDE3B"
"BTK","C9orf72","PDE3B"
"BTK","CDKN2A","PDE3B"
"BTK","MAP4K1","PDE3B"
"BTK","RET","PDE3B"
"BTK","DDX41","PDE3B"
"BTK","IKK-complex","PDE3B"
"BTK","NTRK1","PDE3B"
"BTK","GPSM3","PDE3B"
"BTK","MAPKAPK5","PDE3B"
"BTK","GRIP1","PDE3B"
"BTK","TMIGD2","PDE3B"
"BTK","STIP1","PDE3B"
"BTK","ARRB2","PDE3B"
"BTK","TRAF3","PDE3B"
"BTK","CRTC2","PDE3B"
"BTK","INPP5D","PDE3B"
"BTK","FRS2","PDE3B"
"BTK","PIK3CG","PDE3B"
"BTK","BCL10","PDE3B"
"BTK","MRE11","PDE3B"
"BTK","KSR1","PDE3B"
"BTK","ROR2","PDE3B"
"BTK","IFIH1","PDE3B"
"BTK","RAD50","PDE3B"
"BTK","WDFY3","PDE3B"
"BTK","GRB14","PDE3B"
"BTK","PIK3C3","PDE3B"
"BTK","STING1","PDE3B"
"BTK","NFKB1","PDE3B"
"BTK","BLVRA","PDE3B"
"BTK","PABIR1","PDE3B"
"BTK","MAPK3","METTL3"
"BTK","AKT2","METTL3"
"BTK","RPS6K","METTL3"
"BTK","CALM2","METTL3"
"BTK","ABL1","METTL3"
"BTK","WNK1","METTL3"
"BTK","SGK1","METTL3"
"BTK","PRKCG","METTL3"
"BTK","PRKCZ","METTL3"
"BTK","CyclinD/CDK4","METTL3"
"BTK","MAP3K7","METTL3"
"BTK","IKBKB","METTL3"
"BTK","FGG","METTL3"
"BTK","VCPIP1","METTL3"
"BTK","ATR","METTL3"
"BTK","PTK6","METTL3"
"BTK","STAP1","METTL3"
"BTK","TBK1","METTL3"
"BTK","CALM1","METTL3"
"BTK","TLK1","METTL3"
"BTK","MAP4K1","METTL3"
"BTK","DDX41","METTL3"
"BTK","IKK-complex","METTL3"
"BTK","RELA","METTL3"
"BTK","PTPRR","METTL3"
"BTK","TMIGD2","METTL3"
"BTK","PSTPIP1","METTL3"
"BTK","TRAF3","METTL3"
"BTK","CD28","METTL3"
"BTK","FRS2","METTL3"
"BTK","PIK3CG","METTL3"
"BTK","BCL10","METTL3"
"BTK","DDX58","METTL3"
"BTK","ROR2","METTL3"
"BTK","ABI1","METTL3"
"BTK","RAD50","METTL3"
"BTK","BLVRA","METTL3"
"BTK","BAZ1B","METTL3"
"BTK","RBL2","METTL3"
"BTK","PABIR1","METTL3"
"BTK","CHUK","GLI2"
"BTK","PRKCQ","GLI2"
"BTK","MTOR","GLI2"
"BTK","RPS6K","GLI2"
"BTK","ERK1/2","GLI2"
"BTK","LCK","GLI2"
"BTK","RPS6KA5","GLI2"
"BTK","SGK1","GLI2"
"BTK","MAP2K1","GLI2"
"BTK","AKT","GLI2"
"BTK","MAP3K4","GLI2"
"BTK","PXN","GLI2"
"BTK","LEPR","GLI2"
"BTK","DVL1","GLI2"
"BTK","SPRED1","GLI2"
"BTK","MEK1/2","GLI2"
"BTK","MAP4K1","GLI2"
"BTK","RPS6KA4","GLI2"
"BTK","NTRK1","GLI2"
"BTK","FBLIM1","GLI2"
"BTK","VCP","GLI2"
"BTK","INPP5D","GLI2"
"BTK","TRPV1","GLI2"
"BTK","MRE11","GLI2"
"BTK","ROR2","GLI2"
"BTK","IFIH1","GLI2"
"BTK","WDFY3","GLI2"
"BTK","HOXB7","GLI2"
"BTK","PIK3C3","GLI2"
"BTK","RND1","GLI2"
"BTK","STING1","GLI2"
"BTK","NFKB1","GLI2"
"BTK","BLVRA","GLI2"
"BTK","MAPKAP1","GLI2"
"BTK","GRB7","GLI2"
"BTK","PLCG2","GLI2"
"BTK","RBL2","GLI2"
"BTK","PABIR1","GLI2"
"BTK","ITK","SHC3"
"BTK","MAPK3","SLBP"
"BTK","AKT3","SLBP"
"BTK","PTEN","SLBP"
"BTK","PRKCQ","SLBP"
"BTK","AKT1","SLBP"
"BTK","CALM2","SLBP"
"BTK","Gbeta","SLBP"
"BTK","LCK","SLBP"
"BTK","WNK1","SLBP"
"BTK","PDPK1","SLBP"
"BTK","SGK1","SLBP"
"BTK","MAP2K1","SLBP"
"BTK","PRKCB","SLBP"
"BTK","PRKCZ","SLBP"
"BTK","CyclinD/CDK4","SLBP"
"BTK","MAP3K1","SLBP"
"BTK","MAP3K7","SLBP"
"BTK","AKT","SLBP"
"BTK","MAP3K4","SLBP"
"BTK","DAPK1","SLBP"
"BTK","PXN","SLBP"
"BTK","FGG","SLBP"
"BTK","LEPR","SLBP"
"BTK","ITK","SLBP"
"BTK","RPS6KA3","SLBP"
"BTK","FZR1","SLBP"
"BTK","GRB2","SLBP"
"BTK","ATR","SLBP"
"BTK","PTK6","SLBP"
"BTK","IKBKE","SLBP"
"BTK","CCND1","SLBP"
"BTK","ILK","SLBP"
"BTK","STAP1","SLBP"
"BTK","TBK1","SLBP"
"BTK","SPRED1","SLBP"
"BTK","FADD","SLBP"
"BTK","STK38","SLBP"
"BTK","TLK1","SLBP"
"BTK","C9orf72","SLBP"
"BTK","CDKN2A","SLBP"
"BTK","RET","SLBP"
"BTK","DDX41","SLBP"
"BTK","IKK-complex","SLBP"
"BTK","RPS6KA4","SLBP"
"BTK","NTRK1","SLBP"
"BTK","RELA","SLBP"
"BTK","MAPKAPK5","SLBP"
"BTK","MAP3K8","SLBP"
"BTK","PTPRR","SLBP"
"BTK","VCP","SLBP"
"BTK","CCR2","SLBP"
"BTK","STIP1","SLBP"
"BTK","CD28","SLBP"
"BTK","FRS2","SLBP"
"BTK","CCNE1","SLBP"
"BTK","IMPDH2","SLBP"
"BTK","PIK3CG","SLBP"
"BTK","SH2B2","SLBP"
"BTK","BCL10","SLBP"
"BTK","PIK3R6","SLBP"
"BTK","IFIH1","SLBP"
"BTK","TTI1","SLBP"
"BTK","WDFY3","SLBP"
"BTK","LRP6","SLBP"
"BTK","GRB14","SLBP"
"BTK","HOXB7","SLBP"
"BTK","RND1","SLBP"
"BTK","SPEN","SLBP"
"BTK","NFKB1","SLBP"
"BTK","CTDP1","SLBP"
"BTK","BLVRA","SLBP"
"BTK","BAZ1B","SLBP"
"BTK","PLCG2","SLBP"
"BTK","PPP1R14B","SLBP"
"BTK","PABIR1","SLBP"
"BTK","AKT2","NFATC4"
"BTK","PTEN","NFATC4"
"BTK","MTOR","NFATC4"
"BTK","CCP110","NFATC4"
"BTK","CALM2","NFATC4"
"BTK","ERK1/2","NFATC4"
"BTK","CDK9","NFATC4"
"BTK","SGK1","NFATC4"
"BTK","PRKCB","NFATC4"
"BTK","PRKCG","NFATC4"
"BTK","PRKCZ","NFATC4"
"BTK","MAP3K7","NFATC4"
"BTK","AKT","NFATC4"
"BTK","MAP3K4","NFATC4"
"BTK","DAPK1","NFATC4"
"BTK","ITK","NFATC4"
"BTK","BCL3","NFATC4"
"BTK","VCPIP1","NFATC4"
"BTK","SGK3","NFATC4"
"BTK","MEK1/2","NFATC4"
"BTK","PTPN7","NFATC4"
"BTK","CDKN2A","NFATC4"
"BTK","MAP4K1","NFATC4"
"BTK","DDX41","NFATC4"
"BTK","SHC1","NFATC4"
"BTK","RPS6KA4","NFATC4"
"BTK","NTRK1","NFATC4"
"BTK","GPSM3","NFATC4"
"BTK","RELA","NFATC4"
"BTK","MAPKAPK5","NFATC4"
"BTK","EPHA2","NFATC4"
"BTK","PTPRR","NFATC4"
"BTK","FBLIM1","NFATC4"
"BTK","TEC","NFATC4"
"BTK","GRIP1","NFATC4"
"BTK","STIP1","NFATC4"
"BTK","INPP5D","NFATC4"
"BTK","FRS2","NFATC4"
"BTK","IMPDH2","NFATC4"
"BTK","BCL10","NFATC4"
"BTK","MST1R","NFATC4"
"BTK","ABI1","NFATC4"
"BTK","RAD50","NFATC4"
"BTK","WDFY3","NFATC4"
"BTK","RND1","NFATC4"
"BTK","STING1","NFATC4"
"BTK","NFKB1","NFATC4"
"BTK","TELO2","NFATC4"
"BTK","BLVRA","NFATC4"
"BTK","GRB7","NFATC4"
"BTK","PPP1R14B","NFATC4"
"BTK","PABIR1","NFATC4"
"BTK","MAPK3","MACF1"
"BTK","AKT3","MACF1"
"BTK","CHUK","MACF1"
"BTK","AKT2","MACF1"
"BTK","PTEN","MACF1"
"BTK","PRKCQ","MACF1"
"BTK","AKT1","MACF1"
"BTK","PRKG1","MACF1"
"BTK","CCP110","MACF1"
"BTK","RPS6K","MACF1"
"BTK","CALM2","MACF1"
"BTK","ERK1/2","MACF1"
"BTK","Gbeta","MACF1"
"BTK","CDK9","MACF1"
"BTK","ABL1","MACF1"
"BTK","RPS6KA5","MACF1"
"BTK","WNK1","MACF1"
"BTK","PDPK1","MACF1"
"BTK","SGK1","MACF1"
"BTK","PRKCB","MACF1"
"BTK","PRKCG","MACF1"
"BTK","PRKCZ","MACF1"
"BTK","MAP3K1","MACF1"
"BTK","IKBKB","MACF1"
"BTK","MAP3K4","MACF1"
"BTK","DAPK1","MACF1"
"BTK","PXN","MACF1"
"BTK","FGG","MACF1"
"BTK","LEPR","MACF1"
"BTK","RPS6KA3","MACF1"
"BTK","DVL1","MACF1"
"BTK","GRB2","MACF1"
"BTK","VCPIP1","MACF1"
"BTK","ATR","MACF1"
"BTK","SGK3","MACF1"
"BTK","IKBKE","MACF1"
"BTK","STAP1","MACF1"
"BTK","TBK1","MACF1"
"BTK","SPRED1","MACF1"
"BTK","MEK1/2","MACF1"
"BTK","FADD","MACF1"
"BTK","C9orf72","MACF1"
"BTK","CDKN2A","MACF1"
"BTK","RET","MACF1"
"BTK","SHC1","MACF1"
"BTK","RPS6KA4","MACF1"
"BTK","NTRK1","MACF1"
"BTK","RELA","MACF1"
"BTK","MAPKAPK5","MACF1"
"BTK","EPHA2","MACF1"
"BTK","MAP3K8","MACF1"
"BTK","PTPRR","MACF1"
"BTK","CDKN1B","MACF1"
"BTK","FBLIM1","MACF1"
"BTK","VCP","MACF1"
"BTK","GRIP1","MACF1"
"BTK","ARRB2","MACF1"
"BTK","INPP5D","MACF1"
"BTK","CCNE1","MACF1"
"BTK","SH2B2","MACF1"
"BTK","TRPV1","MACF1"
"BTK","PPP1R14A","MACF1"
"BTK","UBXN2B","MACF1"
"BTK","ROR2","MACF1"
"BTK","ABI1","MACF1"
"BTK","RAD50","MACF1"
"BTK","TTI1","MACF1"
"BTK","RND1","MACF1"
"BTK","STING1","MACF1"
"BTK","NFKB1","MACF1"
"BTK","MAPKAP1","MACF1"
"BTK","RBL2","MACF1"
"BTK","PABIR1","MACF1"
"BTK","AKT3","TEX14"
"BTK","CHUK","TEX14"
"BTK","PTEN","TEX14"
"BTK","PRKCQ","TEX14"
"BTK","CCP110","TEX14"
"BTK","RPS6K","TEX14"
"BTK","CALM2","TEX14"
"BTK","ERK1/2","TEX14"
"BTK","Gbeta","TEX14"
"BTK","LCK","TEX14"
"BTK","CDK9","TEX14"
"BTK","MAP2K1","TEX14"
"BTK","PRKCB","TEX14"
"BTK","PRKCZ","TEX14"
"BTK","MAP3K1","TEX14"
"BTK","FGG","TEX14"
"BTK","BCL3","TEX14"
"BTK","DVL1","TEX14"
"BTK","FZR1","TEX14"
"BTK","SGK3","TEX14"
"BTK","CCND1","TEX14"
"BTK","ILK","TEX14"
"BTK","SPRED1","TEX14"
"BTK","CALM1","TEX14"
"BTK","STK38","TEX14"
"BTK","RET","TEX14"
"BTK","DDX41","TEX14"
"BTK","IKK-complex","TEX14"
"BTK","SHC1","TEX14"
"BTK","RPS6KA4","TEX14"
"BTK","NTRK1","TEX14"
"BTK","GPSM3","TEX14"
"BTK","RELA","TEX14"
"BTK","EPHA2","TEX14"
"BTK","FBLIM1","TEX14"
"BTK","GRIP1","TEX14"
"BTK","TMIGD2","TEX14"
"BTK","PSTPIP1","TEX14"
"BTK","ARRB2","TEX14"
"BTK","TRAF3","TEX14"
"BTK","CRTC2","TEX14"
"BTK","CD28","TEX14"
"BTK","INPP5D","TEX14"
"BTK","IMPDH2","TEX14"
"BTK","SET","TEX14"
"BTK","PIK3CG","TEX14"
"BTK","SH2B2","TEX14"
"BTK","TRPV1","TEX14"
"BTK","PPP1R14A","TEX14"
"BTK","PIK3R6","TEX14"
"BTK","HDAC2","TEX14"
"BTK","DDX58","TEX14"
"BTK","UBXN2B","TEX14"
"BTK","MST1R","TEX14"
"BTK","ROR2","TEX14"
"BTK","ABI1","TEX14"
"BTK","IFIH1","TEX14"
"BTK","RAD50","TEX14"
"BTK","TTI1","TEX14"
"BTK","LRP6","TEX14"
"BTK","GRB14","TEX14"
"BTK","RND1","TEX14"
"BTK","STING1","TEX14"
"BTK","NFKB1","TEX14"
"BTK","CTDP1","TEX14"
"BTK","BLVRA","TEX14"
"BTK","MAPKAP1","TEX14"
"BTK","GRB7","TEX14"
"BTK","BAZ1B","TEX14"
"BTK","PLCG2","TEX14"
"BTK","RBL2","TEX14"
"BTK","PPP1R14B","TEX14"
"BTK","PABIR1","TEX14"
"BTK","MAPK3","KDM1A"
"BTK","AKT3","KDM1A"
"BTK","CHUK","KDM1A"
"BTK","AKT2","KDM1A"
"BTK","PTEN","KDM1A"
"BTK","PRKCQ","KDM1A"
"BTK","MTOR","KDM1A"
"BTK","PRKG1","KDM1A"
"BTK","CCP110","KDM1A"
"BTK","RPS6K","KDM1A"
"BTK","CALM2","KDM1A"
"BTK","ERK1/2","KDM1A"
"BTK","Gbeta","KDM1A"
"BTK","LCK","KDM1A"
"BTK","CDK9","KDM1A"
"BTK","ABL1","KDM1A"
"BTK","RPS6KA5","KDM1A"
"BTK","WNK1","KDM1A"
"BTK","PDPK1","KDM1A"
"BTK","SGK1","KDM1A"
"BTK","PRKCG","KDM1A"
"BTK","PRKCZ","KDM1A"
"BTK","MAP3K1","KDM1A"
"BTK","MAP3K7","KDM1A"
"BTK","AKT","KDM1A"
"BTK","WWTR1","KDM1A"
"BTK","MAP3K4","KDM1A"
"BTK","FGG","KDM1A"
"BTK","RPS6KA3","KDM1A"
"BTK","DVL1","KDM1A"
"BTK","FZR1","KDM1A"
"BTK","CCND1","KDM1A"
"BTK","PTPN7","KDM1A"
"BTK","STK38","KDM1A"
"BTK","TLK1","KDM1A"
"BTK","CDKN2A","KDM1A"
"BTK","MAP4K1","KDM1A"
"BTK","IKK-complex","KDM1A"
"BTK","SHC1","KDM1A"
"BTK","RELA","KDM1A"
"BTK","VCP","KDM1A"
"BTK","GRIP1","KDM1A"
"BTK","TMIGD2","KDM1A"
"BTK","CCR2","KDM1A"
"BTK","STIP1","KDM1A"
"BTK","PSTPIP1","KDM1A"
"BTK","CRTC2","KDM1A"
"BTK","CD28","KDM1A"
"BTK","INPP5D","KDM1A"
"BTK","FRS2","KDM1A"
"BTK","PIK3CG","KDM1A"
"BTK","SH2B2","KDM1A"
"BTK","BCL10","KDM1A"
"BTK","KSR1","KDM1A"
"BTK","MST1R","KDM1A"
"BTK","IFIH1","KDM1A"
"BTK","TTI1","KDM1A"
"BTK","WDFY3","KDM1A"
"BTK","SPEN","KDM1A"
"BTK","NFKB1","KDM1A"
"BTK","CTDP1","KDM1A"
"BTK","TELO2","KDM1A"
"BTK","RBL2","KDM1A"
"BTK","PABIR1","KDM1A"
"BTK","AKT2","ITGB2"
"BTK","MTOR","ITGB2"
"BTK","CCP110","ITGB2"
"BTK","CALM2","ITGB2"
"BTK","ERK1/2","ITGB2"
"BTK","ABL1","ITGB2"
"BTK","RPS6KA5","ITGB2"
"BTK","MAP2K1","ITGB2"
"BTK","PRKCG","ITGB2"
"BTK","MAP3K1","ITGB2"
"BTK","IKBKB","ITGB2"
"BTK","WWTR1","ITGB2"
"BTK","MAP3K4","ITGB2"
"BTK","DAPK1","ITGB2"
"BTK","ITK","ITGB2"
"BTK","RPS6KA3","ITGB2"
"BTK","PTK6","ITGB2"
"BTK","IKBKE","ITGB2"
"BTK","ILK","ITGB2"
"BTK","STAP1","ITGB2"
"BTK","SPRED1","ITGB2"
"BTK","MEK1/2","ITGB2"
"BTK","CALM1","ITGB2"
"BTK","STK38","ITGB2"
"BTK","TLK1","ITGB2"
"BTK","C9orf72","ITGB2"
"BTK","CDKN2A","ITGB2"
"BTK","RPS6KA4","ITGB2"
"BTK","NTRK1","ITGB2"
"BTK","GPSM3","ITGB2"
"BTK","RELA","ITGB2"
"BTK","MAPKAPK5","ITGB2"
"BTK","CDKN1B","ITGB2"
"BTK","FBLIM1","ITGB2"
"BTK","VCP","ITGB2"
"BTK","CCR2","ITGB2"
"BTK","PSTPIP1","ITGB2"
"BTK","TRAF3","ITGB2"
"BTK","INPP5D","ITGB2"
"BTK","CCNE1","ITGB2"
"BTK","SH2B2","ITGB2"
"BTK","BCL10","ITGB2"
"BTK","MRE11","ITGB2"
"BTK","KSR1","ITGB2"
"BTK","UBXN2B","ITGB2"
"BTK","IFIH1","ITGB2"
"BTK","HOXB7","ITGB2"
"BTK","RND1","ITGB2"
"BTK","SPEN","ITGB2"
"BTK","CTDP1","ITGB2"
"BTK","MAPKAP1","ITGB2"
"BTK","BAZ1B","ITGB2"
"BTK","RBL2","ITGB2"
"BTK","PPP1R14B","ITGB2"
"BTK","PABIR1","ITGB2"
"BTK","MTOR","PIAS2"
"BTK","AKT1","PIAS2"
"BTK","PRKG1","PIAS2"
"BTK","CCP110","PIAS2"
"BTK","CALM2","PIAS2"
"BTK","CDK9","PIAS2"
"BTK","RPS6KA5","PIAS2"
"BTK","PDPK1","PIAS2"
"BTK","SGK1","PIAS2"
"BTK","PRKCZ","PIAS2"
"BTK","MAP3K1","PIAS2"
"BTK","IKBKB","PIAS2"
"BTK","WWTR1","PIAS2"
"BTK","DOK1","PIAS2"
"BTK","FGG","PIAS2"
"BTK","RPS6KA3","PIAS2"
"BTK","BCL3","PIAS2"
"BTK","DVL1","PIAS2"
"BTK","VCPIP1","PIAS2"
"BTK","SGK3","PIAS2"
"BTK","IKBKE","PIAS2"
"BTK","STAP1","PIAS2"
"BTK","TBK1","PIAS2"
"BTK","MEK1/2","PIAS2"
"BTK","STK38","PIAS2"
"BTK","CDKN2A","PIAS2"
"BTK","IKK-complex","PIAS2"
"BTK","NTRK1","PIAS2"
"BTK","RELA","PIAS2"
"BTK","EPHA2","PIAS2"
"BTK","MAP3K8","PIAS2"
"BTK","TEC","PIAS2"
"BTK","VCP","PIAS2"
"BTK","ARRB2","PIAS2"
"BTK","IMPDH2","PIAS2"
"BTK","PIK3CG","PIAS2"
"BTK","PPP1R14A","PIAS2"
"BTK","BCL10","PIAS2"
"BTK","MRE11","PIAS2"
"BTK","KSR1","PIAS2"
"BTK","DDX58","PIAS2"
"BTK","UBXN2B","PIAS2"
"BTK","MST1R","PIAS2"
"BTK","ROR2","PIAS2"
"BTK","ABI1","PIAS2"
"BTK","IFIH1","PIAS2"
"BTK","TTI1","PIAS2"
"BTK","WDFY3","PIAS2"
"BTK","LRP6","PIAS2"
"BTK","PIK3C3","PIAS2"
"BTK","STING1","PIAS2"
"BTK","BAZ1B","PIAS2"
"BTK","RBL2","PIAS2"
"BTK","PPP1R14B","PIAS2"
"BTK","PABIR1","PIAS2"
"BTK","MAPK3","LRP1"
"BTK","CHUK","LRP1"
"BTK","AKT2","LRP1"
"BTK","PRKCQ","LRP1"
"BTK","MTOR","LRP1"
"BTK","CCP110","LRP1"
"BTK","RPS6K","LRP1"
"BTK","CALM2","LRP1"
"BTK","CDK9","LRP1"
"BTK","ABL1","LRP1"
"BTK","RPS6KA5","LRP1"
"BTK","WNK1","LRP1"
"BTK","MAP2K1","LRP1"
"BTK","PRKCG","LRP1"
"BTK","PRKCZ","LRP1"
"BTK","MAP3K7","LRP1"
"BTK","AKT","LRP1"
"BTK","WWTR1","LRP1"
"BTK","DAPK1","LRP1"
"BTK","PXN","LRP1"
"BTK","FGG","LRP1"
"BTK","RPS6KA3","LRP1"
"BTK","BCL3","LRP1"
"BTK","DVL1","LRP1"
"BTK","GRB2","LRP1"
"BTK","VCPIP1","LRP1"
"BTK","PTK6","LRP1"
"BTK","ILK","LRP1"
"BTK","TBK1","LRP1"
"BTK","SPRED1","LRP1"
"BTK","MEK1/2","LRP1"
"BTK","PTPN7","LRP1"
"BTK","CALM1","LRP1"
"BTK","FADD","LRP1"
"BTK","STK38","LRP1"
"BTK","TLK1","LRP1"
"BTK","C9orf72","LRP1"
"BTK","CDKN2A","LRP1"
"BTK","MAP4K1","LRP1"
"BTK","DDX41","LRP1"
"BTK","IKK-complex","LRP1"
"BTK","SHC1","LRP1"
"BTK","RELA","LRP1"
"BTK","MAPKAPK5","LRP1"
"BTK","EPHA2","LRP1"
"BTK","CDKN1B","LRP1"
"BTK","FBLIM1","LRP1"
"BTK","VCP","LRP1"
"BTK","GRIP1","LRP1"
"BTK","CCR2","LRP1"
"BTK","ARRB2","LRP1"
"BTK","TRAF3","LRP1"
"BTK","CD28","LRP1"
"BTK","FRS2","LRP1"
"BTK","CCNE1","LRP1"
"BTK","IMPDH2","LRP1"
"BTK","SET","LRP1"
"BTK","SH2B2","LRP1"
"BTK","TRPV1","LRP1"
"BTK","BCL10","LRP1"
"BTK","PIK3R6","LRP1"
"BTK","HDAC2","LRP1"
"BTK","KSR1","LRP1"
"BTK","DDX58","LRP1"
"BTK","MST1R","LRP1"
"BTK","ROR2","LRP1"
"BTK","ABI1","LRP1"
"BTK","IFIH1","LRP1"
"BTK","LRP6","LRP1"
"BTK","GRB14","LRP1"
"BTK","HOXB7","LRP1"
"BTK","STING1","LRP1"
"BTK","NFKB1","LRP1"
"BTK","CTDP1","LRP1"
"BTK","CLSPN","LRP1"
"BTK","MAPKAP1","LRP1"
"BTK","PLCG2","LRP1"
"BTK","PPP1R14B","LRP1"
"BTK","MAPK3","NR5A1"
"BTK","CHUK","NR5A1"
"BTK","AKT2","NR5A1"
"BTK","PTEN","NR5A1"
"BTK","PRKCQ","NR5A1"
"BTK","AKT1","NR5A1"
"BTK","PRKG1","NR5A1"
"BTK","CALM2","NR5A1"
"BTK","ERK1/2","NR5A1"
"BTK","LCK","NR5A1"
"BTK","CDK9","NR5A1"
"BTK","ABL1","NR5A1"
"BTK","RPS6KA5","NR5A1"
"BTK","WNK1","NR5A1"
"BTK","SGK1","NR5A1"
"BTK","PRKCB","NR5A1"
"BTK","PRKCG","NR5A1"
"BTK","PRKCZ","NR5A1"
"BTK","MAP3K1","NR5A1"
"BTK","MAP3K7","NR5A1"
"BTK","AKT","NR5A1"
"BTK","IKBKB","NR5A1"
"BTK","DOK1","NR5A1"
"BTK","DAPK1","NR5A1"
"BTK","PXN","NR5A1"
"BTK","BCL3","NR5A1"
"BTK","DVL1","NR5A1"
"BTK","FZR1","NR5A1"
"BTK","GRB2","NR5A1"
"BTK","ILK","NR5A1"
"BTK","STAP1","NR5A1"
"BTK","PTPN7","NR5A1"
"BTK","FADD","NR5A1"
"BTK","C9orf72","NR5A1"
"BTK","CDKN2A","NR5A1"
"BTK","DDX41","NR5A1"
"BTK","IKK-complex","NR5A1"
"BTK","GPSM3","NR5A1"
"BTK","EPHA2","NR5A1"
"BTK","PTPRR","NR5A1"
"BTK","CDKN1B","NR5A1"
"BTK","VCP","NR5A1"
"BTK","STIP1","NR5A1"
"BTK","PSTPIP1","NR5A1"
"BTK","ARRB2","NR5A1"
"BTK","TRAF3","NR5A1"
"BTK","CRTC2","NR5A1"
"BTK","INPP5D","NR5A1"
"BTK","CCNE1","NR5A1"
"BTK","IMPDH2","NR5A1"
"BTK","SH2B2","NR5A1"
"BTK","PPP1R14A","NR5A1"
"BTK","HDAC2","NR5A1"
"BTK","ROR2","NR5A1"
"BTK","ABI1","NR5A1"
"BTK","IFIH1","NR5A1"
"BTK","RAD50","NR5A1"
"BTK","TTI1","NR5A1"
"BTK","GRB14","NR5A1"
"BTK","PIK3C3","NR5A1"
"BTK","RND1","NR5A1"
"BTK","SPEN","NR5A1"
"BTK","CTDP1","NR5A1"
"BTK","CLSPN","NR5A1"
"BTK","BAZ1B","NR5A1"
"BTK","RBL2","NR5A1"
"BTK","PABIR1","NR5A1"
"BTK","MAPK3","DDHD1"
"BTK","ABL1","DDHD1"
"BTK","WNK1","DDHD1"
"BTK","PRKCB","DDHD1"
"BTK","AKT","DDHD1"
"BTK","DVL1","DDHD1"
"BTK","ATR","DDHD1"
"BTK","SGK3","DDHD1"
"BTK","ILK","DDHD1"
"BTK","STAP1","DDHD1"
"BTK","MEK1/2","DDHD1"
"BTK","PTPN7","DDHD1"
"BTK","CALM1","DDHD1"
"BTK","TLK1","DDHD1"
"BTK","C9orf72","DDHD1"
"BTK","RET","DDHD1"
"BTK","TEC","DDHD1"
"BTK","PSTPIP1","DDHD1"
"BTK","CRTC2","DDHD1"
"BTK","CD28","DDHD1"
"BTK","CCNE1","DDHD1"
"BTK","IMPDH2","DDHD1"
"BTK","SH2B2","DDHD1"
"BTK","TRPV1","DDHD1"
"BTK","BCL10","DDHD1"
"BTK","MRE11","DDHD1"
"BTK","KSR1","DDHD1"
"BTK","MST1R","DDHD1"
"BTK","ABI1","DDHD1"
"BTK","TTI1","DDHD1"
"BTK","WDFY3","DDHD1"
"BTK","PIK3C3","DDHD1"
"BTK","CTDP1","DDHD1"
"BTK","TELO2","DDHD1"
"BTK","RBL2","DDHD1"
"BTK","PPP1R14B","DDHD1"
"BTK","PABIR1","DDHD1"
"BTK","PTEN","NACA"
"BTK","AKT1","NACA"
"BTK","PRKG1","NACA"
"BTK","ERK1/2","NACA"
"BTK","Gbeta","NACA"
"BTK","LCK","NACA"
"BTK","ABL1","NACA"
"BTK","RPS6KA5","NACA"
"BTK","PDPK1","NACA"
"BTK","SGK1","NACA"
"BTK","MAP2K1","NACA"
"BTK","PRKCG","NACA"
"BTK","CyclinD/CDK4","NACA"
"BTK","MAP3K1","NACA"
"BTK","IKBKB","NACA"
"BTK","WWTR1","NACA"
"BTK","DOK1","NACA"
"BTK","DAPK1","NACA"
"BTK","PXN","NACA"
"BTK","FGG","NACA"
"BTK","LEPR","NACA"
"BTK","RPS6KA3","NACA"
"BTK","BCL3","NACA"
"BTK","FZR1","NACA"
"BTK","GRB2","NACA"
"BTK","STAP1","NACA"
"BTK","TBK1","NACA"
"BTK","CALM1","NACA"
"BTK","FADD","NACA"
"BTK","TLK1","NACA"
"BTK","DDX41","NACA"
"BTK","IKK-complex","NACA"
"BTK","SHC1","NACA"
"BTK","GPSM3","NACA"
"BTK","MAPKAPK5","NACA"
"BTK","EPHA2","NACA"
"BTK","PTPRR","NACA"
"BTK","TEC","NACA"
"BTK","VCP","NACA"
"BTK","TMIGD2","NACA"
"BTK","STIP1","NACA"
"BTK","CD28","NACA"
"BTK","FRS2","NACA"
"BTK","IMPDH2","NACA"
"BTK","SET","NACA"
"BTK","SH2B2","NACA"
"BTK","TRPV1","NACA"
"BTK","PPP1R14A","NACA"
"BTK","PIK3R6","NACA"
"BTK","MRE11","NACA"
"BTK","DDX58","NACA"
"BTK","UBXN2B","NACA"
"BTK","MST1R","NACA"
"BTK","ROR2","NACA"
"BTK","ABI1","NACA"
"BTK","RAD50","NACA"
"BTK","TTI1","NACA"
"BTK","WDFY3","NACA"
"BTK","LRP6","NACA"
"BTK","HOXB7","NACA"
"BTK","RND1","NACA"
"BTK","SPEN","NACA"
"BTK","NFKB1","NACA"
"BTK","CLSPN","NACA"
"BTK","MAPKAP1","NACA"
"BTK","GRB7","NACA"
"BTK","BAZ1B","NACA"
"BTK","PLCG2","NACA"
"BTK","RBL2","NACA"
"BTK","MAPK3","MVD"
"BTK","AKT3","MVD"
"BTK","PTEN","MVD"
"BTK","MTOR","MVD"
"BTK","CCP110","MVD"
"BTK","ERK1/2","MVD"
"BTK","Gbeta","MVD"
"BTK","LCK","MVD"
"BTK","CyclinD/CDK4","MVD"
"BTK","AKT","MVD"
"BTK","IKBKB","MVD"
"BTK","MAP3K4","MVD"
"BTK","PXN","MVD"
"BTK","ITK","MVD"
"BTK","RPS6KA3","MVD"
"BTK","BCL3","MVD"
"BTK","DVL1","MVD"
"BTK","FZR1","MVD"
"BTK","GRB2","MVD"
"BTK","ATR","MVD"
"BTK","SPRED1","MVD"
"BTK","MEK1/2","MVD"
"BTK","CALM1","MVD"
"BTK","FADD","MVD"
"BTK","STK38","MVD"
"BTK","TLK1","MVD"
"BTK","C9orf72","MVD"
"BTK","CDKN2A","MVD"
"BTK","RET","MVD"
"BTK","DDX41","MVD"
"BTK","IKK-complex","MVD"
"BTK","NTRK1","MVD"
"BTK","GPSM3","MVD"
"BTK","MAPKAPK5","MVD"
"BTK","PTPRR","MVD"
"BTK","VCP","MVD"
"BTK","TMIGD2","MVD"
"BTK","PSTPIP1","MVD"
"BTK","ARRB2","MVD"
"BTK","TRAF3","MVD"
"BTK","CRTC2","MVD"
"BTK","FRS2","MVD"
"BTK","PIK3CG","MVD"
"BTK","BCL10","MVD"
"BTK","MRE11","MVD"
"BTK","KSR1","MVD"
"BTK","IFIH1","MVD"
"BTK","RAD50","MVD"
"BTK","WDFY3","MVD"
"BTK","RND1","MVD"
"BTK","CTDP1","MVD"
"BTK","BLVRA","MVD"
"BTK","MAPKAP1","MVD"
"BTK","PLCG2","MVD"
"BTK","RBL2","MVD"
"BTK","CHUK","SIKE1"
"BTK","AKT2","SIKE1"
"BTK","PTEN","SIKE1"
"BTK","PRKCQ","SIKE1"
"BTK","AKT1","SIKE1"
"BTK","PRKG1","SIKE1"
"BTK","CCP110","SIKE1"
"BTK","ABL1","SIKE1"
"BTK","RPS6KA5","SIKE1"
"BTK","PDPK1","SIKE1"
"BTK","MAP2K1","SIKE1"
"BTK","MAP3K7","SIKE1"
"BTK","WWTR1","SIKE1"
"BTK","PXN","SIKE1"
"BTK","LEPR","SIKE1"
"BTK","VCPIP1","SIKE1"
"BTK","IKBKE","SIKE1"
"BTK","CCND1","SIKE1"
"BTK","SPRED1","SIKE1"
"BTK","CALM1","SIKE1"
"BTK","IKK-complex","SIKE1"
"BTK","CDKN1B","SIKE1"
"BTK","FBLIM1","SIKE1"
"BTK","PSTPIP1","SIKE1"
"BTK","TRAF3","SIKE1"
"BTK","CCNE1","SIKE1"
"BTK","PIK3CG","SIKE1"
"BTK","PIK3R6","SIKE1"
"BTK","MRE11","SIKE1"
"BTK","DDX58","SIKE1"
"BTK","ABI1","SIKE1"
"BTK","IFIH1","SIKE1"
"BTK","TTI1","SIKE1"
"BTK","WDFY3","SIKE1"
"BTK","GRB14","SIKE1"
"BTK","PIK3C3","SIKE1"
"BTK","NFKB1","SIKE1"
"BTK","CTDP1","SIKE1"
"BTK","CLSPN","SIKE1"
"BTK","MAPKAP1","SIKE1"
"BTK","GRB7","SIKE1"
"BTK","PLCG2","SIKE1"
"BTK","RBL2","SIKE1"
"BTK","PABIR1","SIKE1"
"BTK","AKT3","MEFV"
"BTK","CHUK","MEFV"
"BTK","RPS6K","MEFV"
"BTK","CALM2","MEFV"
"BTK","CDK9","MEFV"
"BTK","ABL1","MEFV"
"BTK","PRKCG","MEFV"
"BTK","PRKCZ","MEFV"
"BTK","AKT","MEFV"
"BTK","WWTR1","MEFV"
"BTK","LEPR","MEFV"
"BTK","RPS6KA3","MEFV"
"BTK","DVL1","MEFV"
"BTK","ATR","MEFV"
"BTK","SGK3","MEFV"
"BTK","PTK6","MEFV"
"BTK","CCND1","MEFV"
"BTK","ILK","MEFV"
"BTK","STAP1","MEFV"
"BTK","SPRED1","MEFV"
"BTK","MEK1/2","MEFV"
"BTK","FADD","MEFV"
"BTK","STK38","MEFV"
"BTK","TLK1","MEFV"
"BTK","C9orf72","MEFV"
"BTK","CDKN2A","MEFV"
"BTK","MAP4K1","MEFV"
"BTK","RET","MEFV"
"BTK","DDX41","MEFV"
"BTK","IKK-complex","MEFV"
"BTK","RPS6KA4","MEFV"
"BTK","NTRK1","MEFV"
"BTK","GPSM3","MEFV"
"BTK","RELA","MEFV"
"BTK","MAPKAPK5","MEFV"
"BTK","MAP3K8","MEFV"
"BTK","PTPRR","MEFV"
"BTK","CDKN1B","MEFV"
"BTK","FBLIM1","MEFV"
"BTK","TEC","MEFV"
"BTK","VCP","MEFV"
"BTK","STIP1","MEFV"
"BTK","TRAF3","MEFV"
"BTK","CRTC2","MEFV"
"BTK","INPP5D","MEFV"
"BTK","IMPDH2","MEFV"
"BTK","SET","MEFV"
"BTK","PIK3CG","MEFV"
"BTK","SH2B2","MEFV"
"BTK","TRPV1","MEFV"
"BTK","PPP1R14A","MEFV"
"BTK","BCL10","MEFV"
"BTK","MRE11","MEFV"
"BTK","KSR1","MEFV"
"BTK","DDX58","MEFV"
"BTK","MST1R","MEFV"
"BTK","ROR2","MEFV"
"BTK","ABI1","MEFV"
"BTK","IFIH1","MEFV"
"BTK","RAD50","MEFV"
"BTK","TTI1","MEFV"
"BTK","LRP6","MEFV"
"BTK","GRB14","MEFV"
"BTK","RND1","MEFV"
"BTK","NFKB1","MEFV"
"BTK","CTDP1","MEFV"
"BTK","TELO2","MEFV"
"BTK","BLVRA","MEFV"
"BTK","CLSPN","MEFV"
"BTK","MAPKAP1","MEFV"
"BTK","GRB7","MEFV"
"BTK","RBL2","MEFV"
"BTK","PPP1R14B","MEFV"
"BTK","PABIR1","MEFV"
"BTK","ITK","SLC9A5"
"BTK","AKT3","CSPG4"
"BTK","CHUK","CSPG4"
"BTK","AKT2","CSPG4"
"BTK","MTOR","CSPG4"
"BTK","AKT1","CSPG4"
"BTK","CCP110","CSPG4"
"BTK","RPS6K","CSPG4"
"BTK","CALM2","CSPG4"
"BTK","ERK1/2","CSPG4"
"BTK","LCK","CSPG4"
"BTK","RPS6KA5","CSPG4"
"BTK","PDPK1","CSPG4"
"BTK","SGK1","CSPG4"
"BTK","MAP2K1","CSPG4"
"BTK","PRKCZ","CSPG4"
"BTK","CyclinD/CDK4","CSPG4"
"BTK","AKT","CSPG4"
"BTK","WWTR1","CSPG4"
"BTK","DOK1","CSPG4"
"BTK","MAP3K4","CSPG4"
"BTK","LEPR","CSPG4"
"BTK","BCL3","CSPG4"
"BTK","GRB2","CSPG4"
"BTK","ATR","CSPG4"
"BTK","SGK3","CSPG4"
"BTK","PTK6","CSPG4"
"BTK","IKBKE","CSPG4"
"BTK","CCND1","CSPG4"
"BTK","SPRED1","CSPG4"
"BTK","MEK1/2","CSPG4"
"BTK","PTPN7","CSPG4"
"BTK","CALM1","CSPG4"
"BTK","FADD","CSPG4"
"BTK","TLK1","CSPG4"
"BTK","C9orf72","CSPG4"
"BTK","NTRK1","CSPG4"
"BTK","GPSM3","CSPG4"
"BTK","RELA","CSPG4"
"BTK","FBLIM1","CSPG4"
"BTK","CCR2","CSPG4"
"BTK","PSTPIP1","CSPG4"
"BTK","TRAF3","CSPG4"
"BTK","CRTC2","CSPG4"
"BTK","CD28","CSPG4"
"BTK","CCNE1","CSPG4"
"BTK","IMPDH2","CSPG4"
"BTK","PIK3CG","CSPG4"
"BTK","PPP1R14A","CSPG4"
"BTK","MRE11","CSPG4"
"BTK","KSR1","CSPG4"
"BTK","MST1R","CSPG4"
"BTK","ABI1","CSPG4"
"BTK","IFIH1","CSPG4"
"BTK","RAD50","CSPG4"
"BTK","WDFY3","CSPG4"
"BTK","HOXB7","CSPG4"
"BTK","SPEN","CSPG4"
"BTK","CTDP1","CSPG4"
"BTK","TELO2","CSPG4"
"BTK","BLVRA","CSPG4"
"BTK","CLSPN","CSPG4"
"BTK","BAZ1B","CSPG4"
"BTK","PLCG2","CSPG4"
"BTK","RBL2","CSPG4"
"BTK","AKT3","PSMD2"
"BTK","PTEN","PSMD2"
"BTK","AKT1","PSMD2"
"BTK","CCP110","PSMD2"
"BTK","RPS6K","PSMD2"
"BTK","ERK1/2","PSMD2"
"BTK","CDK9","PSMD2"
"BTK","ABL1","PSMD2"
"BTK","RPS6KA5","PSMD2"
"BTK","SGK1","PSMD2"
"BTK","MAP2K1","PSMD2"
"BTK","PRKCG","PSMD2"
"BTK","CyclinD/CDK4","PSMD2"
"BTK","AKT","PSMD2"
"BTK","WWTR1","PSMD2"
"BTK","DOK1","PSMD2"
"BTK","MAP3K4","PSMD2"
"BTK","LEPR","PSMD2"
"BTK","BCL3","PSMD2"
"BTK","DVL1","PSMD2"
"BTK","VCPIP1","PSMD2"
"BTK","ATR","PSMD2"
"BTK","PTK6","PSMD2"
"BTK","IKBKE","PSMD2"
"BTK","ILK","PSMD2"
"BTK","STAP1","PSMD2"
"BTK","TBK1","PSMD2"
"BTK","MEK1/2","PSMD2"
"BTK","PTPN7","PSMD2"
"BTK","CALM1","PSMD2"
"BTK","FADD","PSMD2"
"BTK","STK38","PSMD2"
"BTK","DDX41","PSMD2"
"BTK","SHC1","PSMD2"
"BTK","NTRK1","PSMD2"
"BTK","RELA","PSMD2"
"BTK","MAPKAPK5","PSMD2"
"BTK","EPHA2","PSMD2"
"BTK","MAP3K8","PSMD2"
"BTK","PTPRR","PSMD2"
"BTK","CDKN1B","PSMD2"
"BTK","FBLIM1","PSMD2"
"BTK","TEC","PSMD2"
"BTK","GRIP1","PSMD2"
"BTK","CCR2","PSMD2"
"BTK","PSTPIP1","PSMD2"
"BTK","TRAF3","PSMD2"
"BTK","CRTC2","PSMD2"
"BTK","CD28","PSMD2"
"BTK","INPP5D","PSMD2"
"BTK","IMPDH2","PSMD2"
"BTK","PIK3CG","PSMD2"
"BTK","SH2B2","PSMD2"
"BTK","PPP1R14A","PSMD2"
"BTK","BCL10","PSMD2"
"BTK","PIK3R6","PSMD2"
"BTK","MRE11","PSMD2"
"BTK","HDAC2","PSMD2"
"BTK","KSR1","PSMD2"
"BTK","DDX58","PSMD2"
"BTK","UBXN2B","PSMD2"
"BTK","MST1R","PSMD2"
"BTK","ROR2","PSMD2"
"BTK","RAD50","PSMD2"
"BTK","TTI1","PSMD2"
"BTK","LRP6","PSMD2"
"BTK","GRB14","PSMD2"
"BTK","HOXB7","PSMD2"
"BTK","PIK3C3","PSMD2"
"BTK","SPEN","PSMD2"
"BTK","NFKB1","PSMD2"
"BTK","CTDP1","PSMD2"
"BTK","BLVRA","PSMD2"
"BTK","GRB7","PSMD2"
"BTK","BAZ1B","PSMD2"
"BTK","PLCG2","PSMD2"
"BTK","RBL2","PSMD2"
"BTK","PPP1R14B","PSMD2"
"BTK","PABIR1","PSMD2"
"BTK","AKT3","STX17"
"BTK","AKT2","STX17"
"BTK","PTEN","STX17"
"BTK","MTOR","STX17"
"BTK","PRKG1","STX17"
"BTK","RPS6K","STX17"
"BTK","Gbeta","STX17"
"BTK","SGK1","STX17"
"BTK","PRKCB","STX17"
"BTK","PRKCZ","STX17"
"BTK","MAP3K1","STX17"
"BTK","WWTR1","STX17"
"BTK","DOK1","STX17"
"BTK","MAP3K4","STX17"
"BTK","PXN","STX17"
"BTK","FGG","STX17"
"BTK","GRB2","STX17"
"BTK","VCPIP1","STX17"
"BTK","ATR","STX17"
"BTK","SPRED1","STX17"
"BTK","PTPN7","STX17"
"BTK","STK38","STX17"
"BTK","CDKN2A","STX17"
"BTK","RET","STX17"
"BTK","RPS6KA4","STX17"
"BTK","GPSM3","STX17"
"BTK","MAP3K8","STX17"
"BTK","FBLIM1","STX17"
"BTK","TEC","STX17"
"BTK","VCP","STX17"
"BTK","TMIGD2","STX17"
"BTK","STIP1","STX17"
"BTK","ARRB2","STX17"
"BTK","TRAF3","STX17"
"BTK","CD28","STX17"
"BTK","INPP5D","STX17"
"BTK","CCNE1","STX17"
"BTK","PIK3CG","STX17"
"BTK","PPP1R14A","STX17"
"BTK","MRE11","STX17"
"BTK","UBXN2B","STX17"
"BTK","ROR2","STX17"
"BTK","ABI1","STX17"
"BTK","WDFY3","STX17"
"BTK","GRB14","STX17"
"BTK","RND1","STX17"
"BTK","SPEN","STX17"
"BTK","MAPKAP1","STX17"
"BTK","GRB7","STX17"
"BTK","MAPK3","CCND3"
"BTK","PTEN","CCND3"
"BTK","PRKCQ","CCND3"
"BTK","MTOR","CCND3"
"BTK","PRKG1","CCND3"
"BTK","CCP110","CCND3"
"BTK","RPS6K","CCND3"
"BTK","RPS6KA5","CCND3"
"BTK","WNK1","CCND3"
"BTK","PDPK1","CCND3"
"BTK","SGK1","CCND3"
"BTK","MAP2K1","CCND3"
"BTK","PRKCB","CCND3"
"BTK","MAP3K1","CCND3"
"BTK","MAP3K7","CCND3"
"BTK","AKT","CCND3"
"BTK","DOK1","CCND3"
"BTK","ITK","CCND3"
"BTK","BCL3","CCND3"
"BTK","DVL1","CCND3"
"BTK","FZR1","CCND3"
"BTK","ATR","CCND3"
"BTK","ILK","CCND3"
"BTK","STAP1","CCND3"
"BTK","MEK1/2","CCND3"
"BTK","CALM1","CCND3"
"BTK","STK38","CCND3"
"BTK","TLK1","CCND3"
"BTK","CDKN2A","CCND3"
"BTK","MAP4K1","CCND3"
"BTK","RET","CCND3"
"BTK","DDX41","CCND3"
"BTK","RPS6KA4","CCND3"
"BTK","NTRK1","CCND3"
"BTK","RELA","CCND3"
"BTK","MAP3K8","CCND3"
"BTK","PTPRR","CCND3"
"BTK","TEC","CCND3"
"BTK","VCP","CCND3"
"BTK","GRIP1","CCND3"
"BTK","TMIGD2","CCND3"
"BTK","PSTPIP1","CCND3"
"BTK","INPP5D","CCND3"
"BTK","FRS2","CCND3"
"BTK","CCNE1","CCND3"
"BTK","SET","CCND3"
"BTK","PIK3CG","CCND3"
"BTK","SH2B2","CCND3"
"BTK","TRPV1","CCND3"
"BTK","PPP1R14A","CCND3"
"BTK","BCL10","CCND3"
"BTK","PIK3R6","CCND3"
"BTK","KSR1","CCND3"
"BTK","DDX58","CCND3"
"BTK","ROR2","CCND3"
"BTK","WDFY3","CCND3"
"BTK","GRB14","CCND3"
"BTK","SPEN","CCND3"
"BTK","NFKB1","CCND3"
"BTK","TELO2","CCND3"
"BTK","BLVRA","CCND3"
"BTK","CLSPN","CCND3"
"BTK","GRB7","CCND3"
"BTK","BAZ1B","CCND3"
"BTK","RBL2","CCND3"
"BTK","PPP1R14B","CCND3"
"BTK","PABIR1","CCND3"
"BTK","CHUK","ATG4B"
"BTK","AKT2","ATG4B"
"BTK","PRKCQ","ATG4B"
"BTK","PRKG1","ATG4B"
"BTK","CCP110","ATG4B"
"BTK","RPS6K","ATG4B"
"BTK","CALM2","ATG4B"
"BTK","Gbeta","ATG4B"
"BTK","LCK","ATG4B"
"BTK","CDK9","ATG4B"
"BTK","ABL1","ATG4B"
"BTK","RPS6KA5","ATG4B"
"BTK","PDPK1","ATG4B"
"BTK","MAP2K1","ATG4B"
"BTK","CyclinD/CDK4","ATG4B"
"BTK","MAP3K7","ATG4B"
"BTK","IKBKB","ATG4B"
"BTK","DOK1","ATG4B"
"BTK","BCL3","ATG4B"
"BTK","DVL1","ATG4B"
"BTK","PTK6","ATG4B"
"BTK","CCND1","ATG4B"
"BTK","STAP1","ATG4B"
"BTK","TBK1","ATG4B"
"BTK","SPRED1","ATG4B"
"BTK","PTPN7","ATG4B"
"BTK","C9orf72","ATG4B"
"BTK","CDKN2A","ATG4B"
"BTK","MAP4K1","ATG4B"
"BTK","RET","ATG4B"
"BTK","GPSM3","ATG4B"
"BTK","CDKN1B","ATG4B"
"BTK","GRIP1","ATG4B"
"BTK","STIP1","ATG4B"
"BTK","TRAF3","ATG4B"
"BTK","CRTC2","ATG4B"
"BTK","CD28","ATG4B"
"BTK","INPP5D","ATG4B"
"BTK","CCNE1","ATG4B"
"BTK","TRPV1","ATG4B"
"BTK","BCL10","ATG4B"
"BTK","MRE11","ATG4B"
"BTK","KSR1","ATG4B"
"BTK","DDX58","ATG4B"
"BTK","MST1R","ATG4B"
"BTK","RAD50","ATG4B"
"BTK","TTI1","ATG4B"
"BTK","HOXB7","ATG4B"
"BTK","NFKB1","ATG4B"
"BTK","TELO2","ATG4B"
"BTK","CLSPN","ATG4B"
"BTK","MAPKAP1","ATG4B"
"BTK","GRB7","ATG4B"
"BTK","PLCG2","ATG4B"
"BTK","RBL2","ATG4B"
"BTK","PPP1R14B","ATG4B"
"BTK","PABIR1","ATG4B"
"BTK","AKT3","IRF3"
"BTK","MTOR","IRF3"
"BTK","PRKG1","IRF3"
"BTK","CCP110","IRF3"
"BTK","RPS6K","IRF3"
"BTK","CALM2","IRF3"
"BTK","ERK1/2","IRF3"
"BTK","CDK9","IRF3"
"BTK","PDPK1","IRF3"
"BTK","MAP2K1","IRF3"
"BTK","PRKCG","IRF3"
"BTK","PRKCZ","IRF3"
"BTK","CyclinD/CDK4","IRF3"
"BTK","MAP3K7","IRF3"
"BTK","AKT","IRF3"
"BTK","WWTR1","IRF3"
"BTK","DOK1","IRF3"
"BTK","FGG","IRF3"
"BTK","PTK6","IRF3"
"BTK","ILK","IRF3"
"BTK","STAP1","IRF3"
"BTK","SPRED1","IRF3"
"BTK","MEK1/2","IRF3"
"BTK","PTPN7","IRF3"
"BTK","FADD","IRF3"
"BTK","RET","IRF3"
"BTK","GPSM3","IRF3"
"BTK","RELA","IRF3"
"BTK","FBLIM1","IRF3"
"BTK","VCP","IRF3"
"BTK","GRIP1","IRF3"
"BTK","TRAF3","IRF3"
"BTK","INPP5D","IRF3"
"BTK","FRS2","IRF3"
"BTK","SET","IRF3"
"BTK","TRPV1","IRF3"
"BTK","HDAC2","IRF3"
"BTK","KSR1","IRF3"
"BTK","UBXN2B","IRF3"
"BTK","ABI1","IRF3"
"BTK","IFIH1","IRF3"
"BTK","TTI1","IRF3"
"BTK","HOXB7","IRF3"
"BTK","PIK3C3","IRF3"
"BTK","SPEN","IRF3"
"BTK","TELO2","IRF3"
"BTK","BLVRA","IRF3"
"BTK","MAPKAP1","IRF3"
"BTK","PABIR1","IRF3"
"BTK","CHUK","SPHK2"
"BTK","PRKCQ","SPHK2"
"BTK","MTOR","SPHK2"
"BTK","AKT1","SPHK2"
"BTK","CCP110","SPHK2"
"BTK","RPS6K","SPHK2"
"BTK","CALM2","SPHK2"
"BTK","ERK1/2","SPHK2"
"BTK","CDK9","SPHK2"
"BTK","ABL1","SPHK2"
"BTK","RPS6KA5","SPHK2"
"BTK","WNK1","SPHK2"
"BTK","SGK1","SPHK2"
"BTK","MAP2K1","SPHK2"
"BTK","PRKCG","SPHK2"
"BTK","PRKCZ","SPHK2"
"BTK","CyclinD/CDK4","SPHK2"
"BTK","MAP3K7","SPHK2"
"BTK","AKT","SPHK2"
"BTK","PXN","SPHK2"
"BTK","DVL1","SPHK2"
"BTK","FZR1","SPHK2"
"BTK","GRB2","SPHK2"
"BTK","VCPIP1","SPHK2"
"BTK","ATR","SPHK2"
"BTK","PTK6","SPHK2"
"BTK","IKBKE","SPHK2"
"BTK","STAP1","SPHK2"
"BTK","TBK1","SPHK2"
"BTK","PTPN7","SPHK2"
"BTK","CALM1","SPHK2"
"BTK","STK38","SPHK2"
"BTK","CDKN2A","SPHK2"
"BTK","DDX41","SPHK2"
"BTK","IKK-complex","SPHK2"
"BTK","SHC1","SPHK2"
"BTK","RPS6KA4","SPHK2"
"BTK","RELA","SPHK2"
"BTK","MAPKAPK5","SPHK2"
"BTK","CDKN1B","SPHK2"
"BTK","FBLIM1","SPHK2"
"BTK","TEC","SPHK2"
"BTK","GRIP1","SPHK2"
"BTK","CCR2","SPHK2"
"BTK","PSTPIP1","SPHK2"
"BTK","TRAF3","SPHK2"
"BTK","CRTC2","SPHK2"
"BTK","CCNE1","SPHK2"
"BTK","PIK3CG","SPHK2"
"BTK","SH2B2","SPHK2"
"BTK","MRE11","SPHK2"
"BTK","HDAC2","SPHK2"
"BTK","UBXN2B","SPHK2"
"BTK","ROR2","SPHK2"
"BTK","ABI1","SPHK2"
"BTK","IFIH1","SPHK2"
"BTK","TTI1","SPHK2"
"BTK","WDFY3","SPHK2"
"BTK","PIK3C3","SPHK2"
"BTK","PLCG2","SPHK2"
"BTK","MAPK3","NEFH"
"BTK","PRKCQ","NEFH"
"BTK","MTOR","NEFH"
"BTK","WNK1","NEFH"
"BTK","MAP3K1","NEFH"
"BTK","MAP3K7","NEFH"
"BTK","WWTR1","NEFH"
"BTK","DOK1","NEFH"
"BTK","FGG","NEFH"
"BTK","LEPR","NEFH"
"BTK","RPS6KA3","NEFH"
"BTK","BCL3","NEFH"
"BTK","GRB2","NEFH"
"BTK","TBK1","NEFH"
"BTK","STK38","NEFH"
"BTK","MAP4K1","NEFH"
"BTK","IKK-complex","NEFH"
"BTK","SHC1","NEFH"
"BTK","EPHA2","NEFH"
"BTK","PTPRR","NEFH"
"BTK","FBLIM1","NEFH"
"BTK","TMIGD2","NEFH"
"BTK","CCR2","NEFH"
"BTK","STIP1","NEFH"
"BTK","ARRB2","NEFH"
"BTK","TRAF3","NEFH"
"BTK","FRS2","NEFH"
"BTK","IMPDH2","NEFH"
"BTK","SET","NEFH"
"BTK","PPP1R14A","NEFH"
"BTK","PIK3R6","NEFH"
"BTK","MRE11","NEFH"
"BTK","KSR1","NEFH"
"BTK","MST1R","NEFH"
"BTK","ROR2","NEFH"
"BTK","RAD50","NEFH"
"BTK","WDFY3","NEFH"
"BTK","CLSPN","NEFH"
"BTK","GRB7","NEFH"
"BTK","PPP1R14B","NEFH"
"BTK","AKT3","IRF2"
"BTK","CHUK","IRF2"
"BTK","AKT2","IRF2"
"BTK","PTEN","IRF2"
"BTK","PRKCQ","IRF2"
"BTK","MTOR","IRF2"
"BTK","RPS6K","IRF2"
"BTK","CALM2","IRF2"
"BTK","ERK1/2","IRF2"
"BTK","Gbeta","IRF2"
"BTK","ABL1","IRF2"
"BTK","SGK1","IRF2"
"BTK","PRKCB","IRF2"
"BTK","PRKCG","IRF2"
"BTK","MAP3K7","IRF2"
"BTK","AKT","IRF2"
"BTK","IKBKB","IRF2"
"BTK","LEPR","IRF2"
"BTK","RPS6KA3","IRF2"
"BTK","FZR1","IRF2"
"BTK","ATR","IRF2"
"BTK","PTK6","IRF2"
"BTK","CCND1","IRF2"
"BTK","SPRED1","IRF2"
"BTK","CALM1","IRF2"
"BTK","STK38","IRF2"
"BTK","TLK1","IRF2"
"BTK","RET","IRF2"
"BTK","DDX41","IRF2"
"BTK","IKK-complex","IRF2"
"BTK","RPS6KA4","IRF2"
"BTK","RELA","IRF2"
"BTK","MAPKAPK5","IRF2"
"BTK","PTPRR","IRF2"
"BTK","CDKN1B","IRF2"
"BTK","FBLIM1","IRF2"
"BTK","VCP","IRF2"
"BTK","CCR2","IRF2"
"BTK","STIP1","IRF2"
"BTK","PSTPIP1","IRF2"
"BTK","ARRB2","IRF2"
"BTK","TRAF3","IRF2"
"BTK","CRTC2","IRF2"
"BTK","FRS2","IRF2"
"BTK","CCNE1","IRF2"
"BTK","IMPDH2","IRF2"
"BTK","SH2B2","IRF2"
"BTK","HDAC2","IRF2"
"BTK","TTI1","IRF2"
"BTK","WDFY3","IRF2"
"BTK","GRB14","IRF2"
"BTK","HOXB7","IRF2"
"BTK","STING1","IRF2"
"BTK","SPEN","IRF2"
"BTK","CTDP1","IRF2"
"BTK","TELO2","IRF2"
"BTK","MAPKAP1","IRF2"
"BTK","PLCG2","IRF2"
"BTK","PPP1R14B","IRF2"
"BTK","PABIR1","IRF2"
"BTK","AKT3","NOX5"
"BTK","CHUK","NOX5"
"BTK","PTEN","NOX5"
"BTK","CCP110","NOX5"
"BTK","RPS6K","NOX5"
"BTK","CALM2","NOX5"
"BTK","Gbeta","NOX5"
"BTK","CDK9","NOX5"
"BTK","RPS6KA5","NOX5"
"BTK","SGK1","NOX5"
"BTK","MAP3K7","NOX5"
"BTK","AKT","NOX5"
"BTK","DAPK1","NOX5"
"BTK","PXN","NOX5"
"BTK","FGG","NOX5"
"BTK","ITK","NOX5"
"BTK","BCL3","NOX5"
"BTK","DVL1","NOX5"
"BTK","VCPIP1","NOX5"
"BTK","SGK3","NOX5"
"BTK","IKBKE","NOX5"
"BTK","CCND1","NOX5"
"BTK","ILK","NOX5"
"BTK","STAP1","NOX5"
"BTK","TBK1","NOX5"
"BTK","TLK1","NOX5"
"BTK","CDKN2A","NOX5"
"BTK","RET","NOX5"
"BTK","DDX41","NOX5"
"BTK","IKK-complex","NOX5"
"BTK","SHC1","NOX5"
"BTK","RPS6KA4","NOX5"
"BTK","GPSM3","NOX5"
"BTK","RELA","NOX5"
"BTK","MAPKAPK5","NOX5"
"BTK","EPHA2","NOX5"
"BTK","CDKN1B","NOX5"
"BTK","FBLIM1","NOX5"
"BTK","TEC","NOX5"
"BTK","VCP","NOX5"
"BTK","TMIGD2","NOX5"
"BTK","CCR2","NOX5"
"BTK","TRAF3","NOX5"
"BTK","CD28","NOX5"
"BTK","SET","NOX5"
"BTK","PIK3CG","NOX5"
"BTK","TRPV1","NOX5"
"BTK","PPP1R14A","NOX5"
"BTK","HDAC2","NOX5"
"BTK","DDX58","NOX5"
"BTK","ROR2","NOX5"
"BTK","ABI1","NOX5"
"BTK","TTI1","NOX5"
"BTK","LRP6","NOX5"
"BTK","GRB14","NOX5"
"BTK","RND1","NOX5"
"BTK","STING1","NOX5"
"BTK","NFKB1","NOX5"
"BTK","CTDP1","NOX5"
"BTK","TELO2","NOX5"
"BTK","CLSPN","NOX5"
"BTK","MAPKAP1","NOX5"
"BTK","GRB7","NOX5"
"BTK","BAZ1B","NOX5"
"BTK","PLCG2","NOX5"
"BTK","AKT3","SIGLEC10"
"BTK","AKT2","SIGLEC10"
"BTK","PRKCQ","SIGLEC10"
"BTK","PRKG1","SIGLEC10"
"BTK","CCP110","SIGLEC10"
"BTK","Gbeta","SIGLEC10"
"BTK","LCK","SIGLEC10"
"BTK","WNK1","SIGLEC10"
"BTK","SGK1","SIGLEC10"
"BTK","PRKCG","SIGLEC10"
"BTK","PRKCZ","SIGLEC10"
"BTK","CyclinD/CDK4","SIGLEC10"
"BTK","WWTR1","SIGLEC10"
"BTK","DAPK1","SIGLEC10"
"BTK","FGG","SIGLEC10"
"BTK","LEPR","SIGLEC10"
"BTK","RPS6KA3","SIGLEC10"
"BTK","BCL3","SIGLEC10"
"BTK","DVL1","SIGLEC10"
"BTK","FZR1","SIGLEC10"
"BTK","GRB2","SIGLEC10"
"BTK","VCPIP1","SIGLEC10"
"BTK","PTK6","SIGLEC10"
"BTK","IKBKE","SIGLEC10"
"BTK","ILK","SIGLEC10"
"BTK","TBK1","SIGLEC10"
"BTK","SPRED1","SIGLEC10"
"BTK","MEK1/2","SIGLEC10"
"BTK","PTPN7","SIGLEC10"
"BTK","CALM1","SIGLEC10"
"BTK","FADD","SIGLEC10"
"BTK","C9orf72","SIGLEC10"
"BTK","RET","SIGLEC10"
"BTK","DDX41","SIGLEC10"
"BTK","SHC1","SIGLEC10"
"BTK","RPS6KA4","SIGLEC10"
"BTK","NTRK1","SIGLEC10"
"BTK","GPSM3","SIGLEC10"
"BTK","RELA","SIGLEC10"
"BTK","MAPKAPK5","SIGLEC10"
"BTK","EPHA2","SIGLEC10"
"BTK","MAP3K8","SIGLEC10"
"BTK","FBLIM1","SIGLEC10"
"BTK","VCP","SIGLEC10"
"BTK","GRIP1","SIGLEC10"
"BTK","TMIGD2","SIGLEC10"
"BTK","CCR2","SIGLEC10"
"BTK","STIP1","SIGLEC10"
"BTK","PSTPIP1","SIGLEC10"
"BTK","ARRB2","SIGLEC10"
"BTK","TRAF3","SIGLEC10"
"BTK","CRTC2","SIGLEC10"
"BTK","FRS2","SIGLEC10"
"BTK","CCNE1","SIGLEC10"
"BTK","SET","SIGLEC10"
"BTK","DDX58","SIGLEC10"
"BTK","UBXN2B","SIGLEC10"
"BTK","ROR2","SIGLEC10"
"BTK","ABI1","SIGLEC10"
"BTK","IFIH1","SIGLEC10"
"BTK","WDFY3","SIGLEC10"
"BTK","NFKB1","SIGLEC10"
"BTK","TELO2","SIGLEC10"
"BTK","CLSPN","SIGLEC10"
"BTK","PLCG2","SIGLEC10"
"BTK","PPP1R14B","SIGLEC10"
"BTK","PABIR1","SIGLEC10"
"BTK","AKT3","BCR"
"BTK","AKT2","BCR"
"BTK","PRKCQ","BCR"
"BTK","AKT1","BCR"
"BTK","CCP110","BCR"
"BTK","ERK1/2","BCR"
"BTK","CDK9","BCR"
"BTK","ABL1","BCR"
"BTK","RPS6KA5","BCR"
"BTK","WNK1","BCR"
"BTK","MAP2K1","BCR"
"BTK","PRKCG","BCR"
"BTK","CyclinD/CDK4","BCR"
"BTK","MAP3K7","BCR"
"BTK","AKT","BCR"
"BTK","IKBKB","BCR"
"BTK","WWTR1","BCR"
"BTK","DOK1","BCR"
"BTK","MAP3K4","BCR"
"BTK","DAPK1","BCR"
"BTK","PXN","BCR"
"BTK","ITK","BCR"
"BTK","RPS6KA3","BCR"
"BTK","BCL3","BCR"
"BTK","GRB2","BCR"
"BTK","VCPIP1","BCR"
"BTK","ATR","BCR"
"BTK","SGK3","BCR"
"BTK","CCND1","BCR"
"BTK","STAP1","BCR"
"BTK","SPRED1","BCR"
"BTK","MEK1/2","BCR"
"BTK","PTPN7","BCR"
"BTK","CALM1","BCR"
"BTK","FADD","BCR"
"BTK","TLK1","BCR"
"BTK","CDKN2A","BCR"
"BTK","RET","BCR"
"BTK","IKK-complex","BCR"
"BTK","SHC1","BCR"
"BTK","GPSM3","BCR"
"BTK","RELA","BCR"
"BTK","MAP3K8","BCR"
"BTK","CDKN1B","BCR"
"BTK","TEC","BCR"
"BTK","VCP","BCR"
"BTK","GRIP1","BCR"
"BTK","TMIGD2","BCR"
"BTK","CCR2","BCR"
"BTK","PSTPIP1","BCR"
"BTK","ARRB2","BCR"
"BTK","CRTC2","BCR"
"BTK","CD28","BCR"
"BTK","INPP5D","BCR"
"BTK","SET","BCR"
"BTK","PIK3CG","BCR"
"BTK","SH2B2","BCR"
"BTK","PPP1R14A","BCR"
"BTK","BCL10","BCR"
"BTK","PIK3R6","BCR"
"BTK","MRE11","BCR"
"BTK","HDAC2","BCR"
"BTK","KSR1","BCR"
"BTK","ROR2","BCR"
"BTK","IFIH1","BCR"
"BTK","TTI1","BCR"
"BTK","WDFY3","BCR"
"BTK","HOXB7","BCR"
"BTK","PIK3C3","BCR"
"BTK","NFKB1","BCR"
"BTK","TELO2","BCR"
"BTK","BLVRA","BCR"
"BTK","CLSPN","BCR"
"BTK","MAPKAP1","BCR"
"BTK","GRB7","BCR"
"BTK","BAZ1B","BCR"
"BTK","RBL2","BCR"
"BTK","PPP1R14B","BCR"
"BTK","AKT3","NOXO1"
"BTK","PTEN","NOXO1"
"BTK","ERK1/2","NOXO1"
"BTK","LCK","NOXO1"
"BTK","CDK9","NOXO1"
"BTK","RPS6KA5","NOXO1"
"BTK","WNK1","NOXO1"
"BTK","PDPK1","NOXO1"
"BTK","MAP2K1","NOXO1"
"BTK","PRKCB","NOXO1"
"BTK","MAP3K1","NOXO1"
"BTK","WWTR1","NOXO1"
"BTK","MAP3K4","NOXO1"
"BTK","PXN","NOXO1"
"BTK","BCL3","NOXO1"
"BTK","DVL1","NOXO1"
"BTK","FZR1","NOXO1"
"BTK","GRB2","NOXO1"
"BTK","ATR","NOXO1"
"BTK","PTK6","NOXO1"
"BTK","CCND1","NOXO1"
"BTK","STAP1","NOXO1"
"BTK","SPRED1","NOXO1"
"BTK","CALM1","NOXO1"
"BTK","MAP4K1","NOXO1"
"BTK","DDX41","NOXO1"
"BTK","SHC1","NOXO1"
"BTK","NTRK1","NOXO1"
"BTK","RELA","NOXO1"
"BTK","MAP3K8","NOXO1"
"BTK","PTPRR","NOXO1"
"BTK","CCR2","NOXO1"
"BTK","PSTPIP1","NOXO1"
"BTK","ARRB2","NOXO1"
"BTK","CRTC2","NOXO1"
"BTK","INPP5D","NOXO1"
"BTK","FRS2","NOXO1"
"BTK","SET","NOXO1"
"BTK","SH2B2","NOXO1"
"BTK","TRPV1","NOXO1"
"BTK","BCL10","NOXO1"
"BTK","HDAC2","NOXO1"
"BTK","RAD50","NOXO1"
"BTK","TTI1","NOXO1"
"BTK","WDFY3","NOXO1"
"BTK","LRP6","NOXO1"
"BTK","PIK3C3","NOXO1"
"BTK","NFKB1","NOXO1"
"BTK","CTDP1","NOXO1"
"BTK","TELO2","NOXO1"
"BTK","MAPKAP1","NOXO1"
"BTK","RBL2","NOXO1"
"BTK","PABIR1","NOXO1"
"BTK","MAPK3","YBX1"
"BTK","CHUK","YBX1"
"BTK","AKT2","YBX1"
"BTK","PTEN","YBX1"
"BTK","CCP110","YBX1"
"BTK","ERK1/2","YBX1"
"BTK","Gbeta","YBX1"
"BTK","LCK","YBX1"
"BTK","WNK1","YBX1"
"BTK","SGK1","YBX1"
"BTK","PRKCB","YBX1"
"BTK","PRKCG","YBX1"
"BTK","CyclinD/CDK4","YBX1"
"BTK","AKT","YBX1"
"BTK","IKBKB","YBX1"
"BTK","MAP3K4","YBX1"
"BTK","PXN","YBX1"
"BTK","LEPR","YBX1"
"BTK","RPS6KA3","YBX1"
"BTK","FZR1","YBX1"
"BTK","SGK3","YBX1"
"BTK","CCND1","YBX1"
"BTK","STAP1","YBX1"
"BTK","PTPN7","YBX1"
"BTK","CALM1","YBX1"
"BTK","FADD","YBX1"
"BTK","C9orf72","YBX1"
"BTK","RET","YBX1"
"BTK","DDX41","YBX1"
"BTK","NTRK1","YBX1"
"BTK","RELA","YBX1"
"BTK","EPHA2","YBX1"
"BTK","VCP","YBX1"
"BTK","GRIP1","YBX1"
"BTK","CRTC2","YBX1"
"BTK","CCNE1","YBX1"
"BTK","SET","YBX1"
"BTK","BCL10","YBX1"
"BTK","PIK3R6","YBX1"
"BTK","UBXN2B","YBX1"
"BTK","MST1R","YBX1"
"BTK","ROR2","YBX1"
"BTK","ABI1","YBX1"
"BTK","TTI1","YBX1"
"BTK","SPEN","YBX1"
"BTK","NFKB1","YBX1"
"BTK","TELO2","YBX1"
"BTK","CLSPN","YBX1"
"BTK","AKT3","RPTOR"
"BTK","PRKCQ","RPTOR"
"BTK","AKT1","RPTOR"
"BTK","LCK","RPTOR"
"BTK","PDPK1","RPTOR"
"BTK","PRKCB","RPTOR"
"BTK","MAP3K4","RPTOR"
"BTK","DAPK1","RPTOR"
"BTK","PXN","RPTOR"
"BTK","LEPR","RPTOR"
"BTK","ITK","RPTOR"
"BTK","SGK3","RPTOR"
"BTK","MEK1/2","RPTOR"
"BTK","FADD","RPTOR"
"BTK","C9orf72","RPTOR"
"BTK","MAP4K1","RPTOR"
"BTK","SHC1","RPTOR"
"BTK","RPS6KA4","RPTOR"
"BTK","RELA","RPTOR"
"BTK","MAPKAPK5","RPTOR"
"BTK","EPHA2","RPTOR"
"BTK","MAP3K8","RPTOR"
"BTK","VCP","RPTOR"
"BTK","CCR2","RPTOR"
"BTK","PSTPIP1","RPTOR"
"BTK","ARRB2","RPTOR"
"BTK","CRTC2","RPTOR"
"BTK","INPP5D","RPTOR"
"BTK","CCNE1","RPTOR"
"BTK","IMPDH2","RPTOR"
"BTK","SH2B2","RPTOR"
"BTK","TRPV1","RPTOR"
"BTK","DDX58","RPTOR"
"BTK","RAD50","RPTOR"
"BTK","LRP6","RPTOR"
"BTK","HOXB7","RPTOR"
"BTK","STING1","RPTOR"
"BTK","NFKB1","RPTOR"
"BTK","CTDP1","RPTOR"
"BTK","BLVRA","RPTOR"
"BTK","CLSPN","RPTOR"
"BTK","GRB7","RPTOR"
"BTK","BAZ1B","RPTOR"
"BTK","PPP1R14B","RPTOR"
"BTK","PABIR1","RPTOR"
"BTK","CHUK","IRF5"
"BTK","AKT2","IRF5"
"BTK","PTEN","IRF5"
"BTK","MTOR","IRF5"
"BTK","AKT1","IRF5"
"BTK","PRKG1","IRF5"
"BTK","CALM2","IRF5"
"BTK","CDK9","IRF5"
"BTK","RPS6KA5","IRF5"
"BTK","WNK1","IRF5"
"BTK","PDPK1","IRF5"
"BTK","SGK1","IRF5"
"BTK","PRKCB","IRF5"
"BTK","PRKCG","IRF5"
"BTK","PRKCZ","IRF5"
"BTK","MAP3K1","IRF5"
"BTK","PXN","IRF5"
"BTK","ATR","IRF5"
"BTK","ILK","IRF5"
"BTK","STAP1","IRF5"
"BTK","PTPN7","IRF5"
"BTK","FADD","IRF5"
"BTK","C9orf72","IRF5"
"BTK","RET","IRF5"
"BTK","GPSM3","IRF5"
"BTK","MAPKAPK5","IRF5"
"BTK","PTPRR","IRF5"
"BTK","FBLIM1","IRF5"
"BTK","VCP","IRF5"
"BTK","FRS2","IRF5"
"BTK","PIK3CG","IRF5"
"BTK","TRPV1","IRF5"
"BTK","PIK3R6","IRF5"
"BTK","MRE11","IRF5"
"BTK","HDAC2","IRF5"
"BTK","KSR1","IRF5"
"BTK","UBXN2B","IRF5"
"BTK","RAD50","IRF5"
"BTK","GRB14","IRF5"
"BTK","PIK3C3","IRF5"
"BTK","SPEN","IRF5"
"BTK","MAPKAP1","IRF5"
"BTK","GRB7","IRF5"
"BTK","PLCG2","IRF5"
"BTK","AKT3","PGAM1"
"BTK","PRKCQ","PGAM1"
"BTK","AKT1","PGAM1"
"BTK","CCP110","PGAM1"
"BTK","ERK1/2","PGAM1"
"BTK","WNK1","PGAM1"
"BTK","PDPK1","PGAM1"
"BTK","SGK1","PGAM1"
"BTK","MAP2K1","PGAM1"
"BTK","PRKCG","PGAM1"
"BTK","PRKCZ","PGAM1"
"BTK","CyclinD/CDK4","PGAM1"
"BTK","MAP3K4","PGAM1"
"BTK","DAPK1","PGAM1"
"BTK","FGG","PGAM1"
"BTK","ITK","PGAM1"
"BTK","PTK6","PGAM1"
"BTK","STAP1","PGAM1"
"BTK","SPRED1","PGAM1"
"BTK","FADD","PGAM1"
"BTK","C9orf72","PGAM1"
"BTK","IKK-complex","PGAM1"
"BTK","NTRK1","PGAM1"
"BTK","CDKN1B","PGAM1"
"BTK","FBLIM1","PGAM1"
"BTK","TMIGD2","PGAM1"
"BTK","TRAF3","PGAM1"
"BTK","CD28","PGAM1"
"BTK","INPP5D","PGAM1"
"BTK","FRS2","PGAM1"
"BTK","CCNE1","PGAM1"
"BTK","IMPDH2","PGAM1"
"BTK","SH2B2","PGAM1"
"BTK","TRPV1","PGAM1"
"BTK","UBXN2B","PGAM1"
"BTK","TTI1","PGAM1"
"BTK","WDFY3","PGAM1"
"BTK","LRP6","PGAM1"
"BTK","SPEN","PGAM1"
"BTK","NFKB1","PGAM1"
"BTK","TELO2","PGAM1"
"BTK","CLSPN","PGAM1"
"BTK","RBL2","PGAM1"
"BTK","PPP1R14B","PGAM1"
"BTK","AKT2","TEAD3"
"BTK","MTOR","TEAD3"
"BTK","AKT1","TEAD3"
"BTK","CCP110","TEAD3"
"BTK","CALM2","TEAD3"
"BTK","RPS6KA5","TEAD3"
"BTK","SGK1","TEAD3"
"BTK","PRKCG","TEAD3"
"BTK","CyclinD/CDK4","TEAD3"
"BTK","IKBKB","TEAD3"
"BTK","MAP3K4","TEAD3"
"BTK","PXN","TEAD3"
"BTK","FGG","TEAD3"
"BTK","GRB2","TEAD3"
"BTK","VCPIP1","TEAD3"
"BTK","ATR","TEAD3"
"BTK","SGK3","TEAD3"
"BTK","IKBKE","TEAD3"
"BTK","CCND1","TEAD3"
"BTK","ILK","TEAD3"
"BTK","TBK1","TEAD3"
"BTK","SPRED1","TEAD3"
"BTK","MEK1/2","TEAD3"
"BTK","PTPN7","TEAD3"
"BTK","CALM1","TEAD3"
"BTK","FADD","TEAD3"
"BTK","STK38","TEAD3"
"BTK","TLK1","TEAD3"
"BTK","C9orf72","TEAD3"
"BTK","CDKN2A","TEAD3"
"BTK","MAP4K1","TEAD3"
"BTK","RET","TEAD3"
"BTK","DDX41","TEAD3"
"BTK","IKK-complex","TEAD3"
"BTK","SHC1","TEAD3"
"BTK","NTRK1","TEAD3"
"BTK","MAPKAPK5","TEAD3"
"BTK","PTPRR","TEAD3"
"BTK","FBLIM1","TEAD3"
"BTK","TEC","TEAD3"
"BTK","VCP","TEAD3"
"BTK","GRIP1","TEAD3"
"BTK","TMIGD2","TEAD3"
"BTK","CCR2","TEAD3"
"BTK","PSTPIP1","TEAD3"
"BTK","ARRB2","TEAD3"
"BTK","CRTC2","TEAD3"
"BTK","CD28","TEAD3"
"BTK","INPP5D","TEAD3"
"BTK","FRS2","TEAD3"
"BTK","PIK3CG","TEAD3"
"BTK","SH2B2","TEAD3"
"BTK","TRPV1","TEAD3"
"BTK","PPP1R14A","TEAD3"
"BTK","PIK3R6","TEAD3"
"BTK","MRE11","TEAD3"
"BTK","HDAC2","TEAD3"
"BTK","KSR1","TEAD3"
"BTK","DDX58","TEAD3"
"BTK","ROR2","TEAD3"
"BTK","ABI1","TEAD3"
"BTK","IFIH1","TEAD3"
"BTK","RAD50","TEAD3"
"BTK","TTI1","TEAD3"
"BTK","GRB14","TEAD3"
"BTK","PIK3C3","TEAD3"
"BTK","STING1","TEAD3"
"BTK","SPEN","TEAD3"
"BTK","NFKB1","TEAD3"
"BTK","BLVRA","TEAD3"
"BTK","CLSPN","TEAD3"
"BTK","BAZ1B","TEAD3"
"BTK","MAPK3","AQP1"
"BTK","AKT3","AQP1"
"BTK","CHUK","AQP1"
"BTK","PTEN","AQP1"
"BTK","PRKCQ","AQP1"
"BTK","AKT1","AQP1"
"BTK","PRKG1","AQP1"
"BTK","Gbeta","AQP1"
"BTK","RPS6KA5","AQP1"
"BTK","WNK1","AQP1"
"BTK","PRKCZ","AQP1"
"BTK","MAP3K1","AQP1"
"BTK","AKT","AQP1"
"BTK","MAP3K4","AQP1"
"BTK","PXN","AQP1"
"BTK","FGG","AQP1"
"BTK","LEPR","AQP1"
"BTK","BCL3","AQP1"
"BTK","DVL1","AQP1"
"BTK","FZR1","AQP1"
"BTK","GRB2","AQP1"
"BTK","VCPIP1","AQP1"
"BTK","ATR","AQP1"
"BTK","SGK3","AQP1"
"BTK","CCND1","AQP1"
"BTK","STAP1","AQP1"
"BTK","TBK1","AQP1"
"BTK","CALM1","AQP1"
"BTK","FADD","AQP1"
"BTK","TLK1","AQP1"
"BTK","C9orf72","AQP1"
"BTK","MAP4K1","AQP1"
"BTK","RET","AQP1"
"BTK","SHC1","AQP1"
"BTK","GPSM3","AQP1"
"BTK","PTPRR","AQP1"
"BTK","GRIP1","AQP1"
"BTK","CCR2","AQP1"
"BTK","ARRB2","AQP1"
"BTK","CD28","AQP1"
"BTK","FRS2","AQP1"
"BTK","SH2B2","AQP1"
"BTK","BCL10","AQP1"
"BTK","MRE11","AQP1"
"BTK","KSR1","AQP1"
"BTK","DDX58","AQP1"
"BTK","GRB14","AQP1"
"BTK","SPEN","AQP1"
"BTK","NFKB1","AQP1"
"BTK","CTDP1","AQP1"
"BTK","TELO2","AQP1"
"BTK","RBL2","AQP1"
"BTK","PPP1R14B","AQP1"
"BTK","MAPK3","LMNA"
"BTK","PRKCQ","LMNA"
"BTK","RPS6K","LMNA"
"BTK","ERK1/2","LMNA"
"BTK","LCK","LMNA"
"BTK","CDK9","LMNA"
"BTK","PDPK1","LMNA"
"BTK","MAP3K1","LMNA"
"BTK","AKT","LMNA"
"BTK","IKBKB","LMNA"
"BTK","WWTR1","LMNA"
"BTK","DOK1","LMNA"
"BTK","PXN","LMNA"
"BTK","FGG","LMNA"
"BTK","BCL3","LMNA"
"BTK","DVL1","LMNA"
"BTK","VCPIP1","LMNA"
"BTK","SGK3","LMNA"
"BTK","CCND1","LMNA"
"BTK","SPRED1","LMNA"
"BTK","MEK1/2","LMNA"
"BTK","PTPN7","LMNA"
"BTK","STK38","LMNA"
"BTK","TLK1","LMNA"
"BTK","CDKN2A","LMNA"
"BTK","MAP4K1","LMNA"
"BTK","IKK-complex","LMNA"
"BTK","SHC1","LMNA"
"BTK","MAP3K8","LMNA"
"BTK","PTPRR","LMNA"
"BTK","CDKN1B","LMNA"
"BTK","VCP","LMNA"
"BTK","GRIP1","LMNA"
"BTK","CCR2","LMNA"
"BTK","STIP1","LMNA"
"BTK","PSTPIP1","LMNA"
"BTK","TRAF3","LMNA"
"BTK","CRTC2","LMNA"
"BTK","CD28","LMNA"
"BTK","INPP5D","LMNA"
"BTK","SET","LMNA"
"BTK","PIK3CG","LMNA"
"BTK","SH2B2","LMNA"
"BTK","TRPV1","LMNA"
"BTK","PPP1R14A","LMNA"
"BTK","BCL10","LMNA"
"BTK","KSR1","LMNA"
"BTK","DDX58","LMNA"
"BTK","IFIH1","LMNA"
"BTK","PIK3C3","LMNA"
"BTK","RND1","LMNA"
"BTK","NFKB1","LMNA"
"BTK","CTDP1","LMNA"
"BTK","TELO2","LMNA"
"BTK","BLVRA","LMNA"
"BTK","PLCG2","LMNA"
"BTK","PPP1R14B","LMNA"
"BTK","CHUK","NR2C2"
"BTK","AKT2","NR2C2"
"BTK","PTEN","NR2C2"
"BTK","PRKCQ","NR2C2"
"BTK","PRKG1","NR2C2"
"BTK","CCP110","NR2C2"
"BTK","RPS6K","NR2C2"
"BTK","ERK1/2","NR2C2"
"BTK","Gbeta","NR2C2"
"BTK","PRKCG","NR2C2"
"BTK","MAP3K1","NR2C2"
"BTK","IKBKB","NR2C2"
"BTK","WWTR1","NR2C2"
"BTK","DOK1","NR2C2"
"BTK","MAP3K4","NR2C2"
"BTK","PXN","NR2C2"
"BTK","RPS6KA3","NR2C2"
"BTK","FZR1","NR2C2"
"BTK","VCPIP1","NR2C2"
"BTK","SGK3","NR2C2"
"BTK","PTK6","NR2C2"
"BTK","IKBKE","NR2C2"
"BTK","TBK1","NR2C2"
"BTK","SPRED1","NR2C2"
"BTK","PTPN7","NR2C2"
"BTK","CALM1","NR2C2"
"BTK","FADD","NR2C2"
"BTK","CDKN2A","NR2C2"
"BTK","RET","NR2C2"
"BTK","IKK-complex","NR2C2"
"BTK","SHC1","NR2C2"
"BTK","RPS6KA4","NR2C2"
"BTK","NTRK1","NR2C2"
"BTK","GPSM3","NR2C2"
"BTK","MAPKAPK5","NR2C2"
"BTK","EPHA2","NR2C2"
"BTK","MAP3K8","NR2C2"
"BTK","CDKN1B","NR2C2"
"BTK","TEC","NR2C2"
"BTK","VCP","NR2C2"
"BTK","GRIP1","NR2C2"
"BTK","TMIGD2","NR2C2"
"BTK","CCR2","NR2C2"
"BTK","PSTPIP1","NR2C2"
"BTK","CCNE1","NR2C2"
"BTK","SET","NR2C2"
"BTK","PPP1R14A","NR2C2"
"BTK","BCL10","NR2C2"
"BTK","MRE11","NR2C2"
"BTK","KSR1","NR2C2"
"BTK","DDX58","NR2C2"
"BTK","MST1R","NR2C2"
"BTK","ROR2","NR2C2"
"BTK","ABI1","NR2C2"
"BTK","RAD50","NR2C2"
"BTK","TTI1","NR2C2"
"BTK","WDFY3","NR2C2"
"BTK","LRP6","NR2C2"
"BTK","GRB14","NR2C2"
"BTK","PIK3C3","NR2C2"
"BTK","RND1","NR2C2"
"BTK","NFKB1","NR2C2"
"BTK","CTDP1","NR2C2"
"BTK","BLVRA","NR2C2"
"BTK","CLSPN","NR2C2"
"BTK","MAPKAP1","NR2C2"
"BTK","GRB7","NR2C2"
"BTK","BAZ1B","NR2C2"
"BTK","RBL2","NR2C2"
"BTK","PPP1R14B","NR2C2"
"BTK","AKT3","TTC3"
"BTK","CHUK","TTC3"
"BTK","PRKCQ","TTC3"
"BTK","MTOR","TTC3"
"BTK","PRKG1","TTC3"
"BTK","RPS6K","TTC3"
"BTK","Gbeta","TTC3"
"BTK","LCK","TTC3"
"BTK","CDK9","TTC3"
"BTK","RPS6KA5","TTC3"
"BTK","WNK1","TTC3"
"BTK","MAP2K1","TTC3"
"BTK","CyclinD/CDK4","TTC3"
"BTK","MAP3K7","TTC3"
"BTK","AKT","TTC3"
"BTK","IKBKB","TTC3"
"BTK","DAPK1","TTC3"
"BTK","FGG","TTC3"
"BTK","ITK","TTC3"
"BTK","RPS6KA3","TTC3"
"BTK","DVL1","TTC3"
"BTK","PTK6","TTC3"
"BTK","ILK","TTC3"
"BTK","STAP1","TTC3"
"BTK","TBK1","TTC3"
"BTK","SPRED1","TTC3"
"BTK","PTPN7","TTC3"
"BTK","FADD","TTC3"
"BTK","STK38","TTC3"
"BTK","TLK1","TTC3"
"BTK","MAP4K1","TTC3"
"BTK","DDX41","TTC3"
"BTK","GPSM3","TTC3"
"BTK","RELA","TTC3"
"BTK","PTPRR","TTC3"
"BTK","FBLIM1","TTC3"
"BTK","CCR2","TTC3"
"BTK","STIP1","TTC3"
"BTK","PSTPIP1","TTC3"
"BTK","TRAF3","TTC3"
"BTK","CRTC2","TTC3"
"BTK","INPP5D","TTC3"
"BTK","FRS2","TTC3"
"BTK","IMPDH2","TTC3"
"BTK","PIK3CG","TTC3"
"BTK","TRPV1","TTC3"
"BTK","PPP1R14A","TTC3"
"BTK","MRE11","TTC3"
"BTK","HDAC2","TTC3"
"BTK","KSR1","TTC3"
"BTK","MST1R","TTC3"
"BTK","ROR2","TTC3"
"BTK","TTI1","TTC3"
"BTK","WDFY3","TTC3"
"BTK","LRP6","TTC3"
"BTK","HOXB7","TTC3"
"BTK","PIK3C3","TTC3"
"BTK","RND1","TTC3"
"BTK","STING1","TTC3"
"BTK","NFKB1","TTC3"
"BTK","BLVRA","TTC3"
"BTK","CLSPN","TTC3"
"BTK","MAPKAP1","TTC3"
"BTK","GRB7","TTC3"
"BTK","PLCG2","TTC3"
"BTK","RBL2","TTC3"
"BTK","PPP1R14B","TTC3"
"BTK","MAPK3","ITGB1"
"BTK","AKT3","ITGB1"
"BTK","CHUK","ITGB1"
"BTK","AKT2","ITGB1"
"BTK","PRKCQ","ITGB1"
"BTK","MTOR","ITGB1"
"BTK","CCP110","ITGB1"
"BTK","RPS6K","ITGB1"
"BTK","CALM2","ITGB1"
"BTK","ERK1/2","ITGB1"
"BTK","Gbeta","ITGB1"
"BTK","LCK","ITGB1"
"BTK","RPS6KA5","ITGB1"
"BTK","WNK1","ITGB1"
"BTK","PDPK1","ITGB1"
"BTK","MAP2K1","ITGB1"
"BTK","PRKCG","ITGB1"
"BTK","PRKCZ","ITGB1"
"BTK","MAP3K1","ITGB1"
"BTK","MAP3K7","ITGB1"
"BTK","DOK1","ITGB1"
"BTK","PXN","ITGB1"
"BTK","FGG","ITGB1"
"BTK","DVL1","ITGB1"
"BTK","GRB2","ITGB1"
"BTK","VCPIP1","ITGB1"
"BTK","ATR","ITGB1"
"BTK","PTK6","ITGB1"
"BTK","IKBKE","ITGB1"
"BTK","STAP1","ITGB1"
"BTK","TBK1","ITGB1"
"BTK","RET","ITGB1"
"BTK","DDX41","ITGB1"
"BTK","IKK-complex","ITGB1"
"BTK","SHC1","ITGB1"
"BTK","RPS6KA4","ITGB1"
"BTK","GPSM3","ITGB1"
"BTK","MAPKAPK5","ITGB1"
"BTK","EPHA2","ITGB1"
"BTK","MAP3K8","ITGB1"
"BTK","CDKN1B","ITGB1"
"BTK","GRIP1","ITGB1"
"BTK","TMIGD2","ITGB1"
"BTK","STIP1","ITGB1"
"BTK","PSTPIP1","ITGB1"
"BTK","CD28","ITGB1"
"BTK","CCNE1","ITGB1"
"BTK","PIK3CG","ITGB1"
"BTK","TRPV1","ITGB1"
"BTK","PPP1R14A","ITGB1"
"BTK","BCL10","ITGB1"
"BTK","MRE11","ITGB1"
"BTK","MST1R","ITGB1"
"BTK","ABI1","ITGB1"
"BTK","IFIH1","ITGB1"
"BTK","RAD50","ITGB1"
"BTK","TTI1","ITGB1"
"BTK","WDFY3","ITGB1"
"BTK","NFKB1","ITGB1"
"BTK","TELO2","ITGB1"
"BTK","BLVRA","ITGB1"
"BTK","BAZ1B","ITGB1"
"BTK","AKT3","DPYSL2"
"BTK","CDK9","DPYSL2"
"BTK","ABL1","DPYSL2"
"BTK","PDPK1","DPYSL2"
"BTK","MAP2K1","DPYSL2"
"BTK","PRKCG","DPYSL2"
"BTK","PRKCZ","DPYSL2"
"BTK","CyclinD/CDK4","DPYSL2"
"BTK","MAP3K1","DPYSL2"
"BTK","WWTR1","DPYSL2"
"BTK","MAP3K4","DPYSL2"
"BTK","DAPK1","DPYSL2"
"BTK","RPS6KA3","DPYSL2"
"BTK","FZR1","DPYSL2"
"BTK","IKBKE","DPYSL2"
"BTK","MEK1/2","DPYSL2"
"BTK","TLK1","DPYSL2"
"BTK","IKK-complex","DPYSL2"
"BTK","NTRK1","DPYSL2"
"BTK","MAPKAPK5","DPYSL2"
"BTK","EPHA2","DPYSL2"
"BTK","MAP3K8","DPYSL2"
"BTK","FBLIM1","DPYSL2"
"BTK","VCP","DPYSL2"
"BTK","CCR2","DPYSL2"
"BTK","CD28","DPYSL2"
"BTK","FRS2","DPYSL2"
"BTK","CCNE1","DPYSL2"
"BTK","IMPDH2","DPYSL2"
"BTK","DDX58","DPYSL2"
"BTK","UBXN2B","DPYSL2"
"BTK","TTI1","DPYSL2"
"BTK","GRB14","DPYSL2"
"BTK","RND1","DPYSL2"
"BTK","STING1","DPYSL2"
"BTK","TELO2","DPYSL2"
"BTK","BLVRA","DPYSL2"
"BTK","GRB7","DPYSL2"
"BTK","BAZ1B","DPYSL2"
"BTK","PLCG2","DPYSL2"
"BTK","RBL2","DPYSL2"
"BTK","MAPK3","ARP2/3"
"BTK","CHUK","ARP2/3"
"BTK","PRKCQ","ARP2/3"
"BTK","MTOR","ARP2/3"
"BTK","AKT1","ARP2/3"
"BTK","CCP110","ARP2/3"
"BTK","CALM2","ARP2/3"
"BTK","LCK","ARP2/3"
"BTK","CDK9","ARP2/3"
"BTK","RPS6KA5","ARP2/3"
"BTK","WWTR1","ARP2/3"
"BTK","RPS6KA3","ARP2/3"
"BTK","BCL3","ARP2/3"
"BTK","GRB2","ARP2/3"
"BTK","VCPIP1","ARP2/3"
"BTK","ATR","ARP2/3"
"BTK","SGK3","ARP2/3"
"BTK","PTK6","ARP2/3"
"BTK","PTPN7","ARP2/3"
"BTK","STK38","ARP2/3"
"BTK","TLK1","ARP2/3"
"BTK","C9orf72","ARP2/3"
"BTK","CDKN2A","ARP2/3"
"BTK","MAP4K1","ARP2/3"
"BTK","RET","ARP2/3"
"BTK","DDX41","ARP2/3"
"BTK","IKK-complex","ARP2/3"
"BTK","SHC1","ARP2/3"
"BTK","RPS6KA4","ARP2/3"
"BTK","NTRK1","ARP2/3"
"BTK","RELA","ARP2/3"
"BTK","EPHA2","ARP2/3"
"BTK","CDKN1B","ARP2/3"
"BTK","GRIP1","ARP2/3"
"BTK","CCR2","ARP2/3"
"BTK","PSTPIP1","ARP2/3"
"BTK","ARRB2","ARP2/3"
"BTK","TRAF3","ARP2/3"
"BTK","CRTC2","ARP2/3"
"BTK","CD28","ARP2/3"
"BTK","FRS2","ARP2/3"
"BTK","CCNE1","ARP2/3"
"BTK","IMPDH2","ARP2/3"
"BTK","PPP1R14A","ARP2/3"
"BTK","MRE11","ARP2/3"
"BTK","UBXN2B","ARP2/3"
"BTK","MST1R","ARP2/3"
"BTK","ROR2","ARP2/3"
"BTK","ABI1","ARP2/3"
"BTK","IFIH1","ARP2/3"
"BTK","TTI1","ARP2/3"
"BTK","WDFY3","ARP2/3"
"BTK","LRP6","ARP2/3"
"BTK","GRB14","ARP2/3"
"BTK","HOXB7","ARP2/3"
"BTK","SPEN","ARP2/3"
"BTK","NFKB1","ARP2/3"
"BTK","CTDP1","ARP2/3"
"BTK","TELO2","ARP2/3"
"BTK","CLSPN","ARP2/3"
"BTK","MAPKAP1","ARP2/3"
"BTK","GRB7","ARP2/3"
"BTK","PLCG2","ARP2/3"
"BTK","RBL2","ARP2/3"
"BTK","PABIR1","ARP2/3"
"BTK","MAPK3","Hexokinase"
"BTK","PRKCQ","Hexokinase"
"BTK","MTOR","Hexokinase"
"BTK","CCP110","Hexokinase"
"BTK","RPS6K","Hexokinase"
"BTK","Gbeta","Hexokinase"
"BTK","RPS6KA5","Hexokinase"
"BTK","PDPK1","Hexokinase"
"BTK","MAP2K1","Hexokinase"
"BTK","PRKCB","Hexokinase"
"BTK","CyclinD/CDK4","Hexokinase"
"BTK","MAP3K1","Hexokinase"
"BTK","DOK1","Hexokinase"
"BTK","FGG","Hexokinase"
"BTK","ITK","Hexokinase"
"BTK","RPS6KA3","Hexokinase"
"BTK","BCL3","Hexokinase"
"BTK","ATR","Hexokinase"
"BTK","SPRED1","Hexokinase"
"BTK","FADD","Hexokinase"
"BTK","MAP4K1","Hexokinase"
"BTK","RET","Hexokinase"
"BTK","SHC1","Hexokinase"
"BTK","NTRK1","Hexokinase"
"BTK","MAPKAPK5","Hexokinase"
"BTK","MAP3K8","Hexokinase"
"BTK","PTPRR","Hexokinase"
"BTK","CDKN1B","Hexokinase"
"BTK","FBLIM1","Hexokinase"
"BTK","TMIGD2","Hexokinase"
"BTK","CRTC2","Hexokinase"
"BTK","FRS2","Hexokinase"
"BTK","TRPV1","Hexokinase"
"BTK","MRE11","Hexokinase"
"BTK","HDAC2","Hexokinase"
"BTK","DDX58","Hexokinase"
"BTK","UBXN2B","Hexokinase"
"BTK","RAD50","Hexokinase"
"BTK","TTI1","Hexokinase"
"BTK","LRP6","Hexokinase"
"BTK","STING1","Hexokinase"
"BTK","SPEN","Hexokinase"
"BTK","CTDP1","Hexokinase"
"BTK","TELO2","Hexokinase"
"BTK","MAPKAP1","Hexokinase"
"BTK","GRB7","Hexokinase"
"BTK","BAZ1B","Hexokinase"
"BTK","RBL2","Hexokinase"
"BTK","PPP1R14B","Hexokinase"
"BTK","PABIR1","Hexokinase"
"BTK","MAPK3","KIF2C"
"BTK","AKT3","KIF2C"
"BTK","AKT2","KIF2C"
"BTK","PTEN","KIF2C"
"BTK","PRKCQ","KIF2C"
"BTK","MTOR","KIF2C"
"BTK","AKT1","KIF2C"
"BTK","CCP110","KIF2C"
"BTK","RPS6K","KIF2C"
"BTK","CALM2","KIF2C"
"BTK","ERK1/2","KIF2C"
"BTK","Gbeta","KIF2C"
"BTK","LCK","KIF2C"
"BTK","WNK1","KIF2C"
"BTK","MAP2K1","KIF2C"
"BTK","PRKCB","KIF2C"
"BTK","PRKCZ","KIF2C"
"BTK","MAP3K7","KIF2C"
"BTK","AKT","KIF2C"
"BTK","IKBKB","KIF2C"
"BTK","WWTR1","KIF2C"
"BTK","DOK1","KIF2C"
"BTK","MAP3K4","KIF2C"
"BTK","DAPK1","KIF2C"
"BTK","FGG","KIF2C"
"BTK","ITK","KIF2C"
"BTK","RPS6KA3","KIF2C"
"BTK","DVL1","KIF2C"
"BTK","FZR1","KIF2C"
"BTK","GRB2","KIF2C"
"BTK","ATR","KIF2C"
"BTK","SGK3","KIF2C"
"BTK","IKBKE","KIF2C"
"BTK","CCND1","KIF2C"
"BTK","TBK1","KIF2C"
"BTK","MEK1/2","KIF2C"
"BTK","PTPN7","KIF2C"
"BTK","CALM1","KIF2C"
"BTK","FADD","KIF2C"
"BTK","STK38","KIF2C"
"BTK","TLK1","KIF2C"
"BTK","C9orf72","KIF2C"
"BTK","CDKN2A","KIF2C"
"BTK","RET","KIF2C"
"BTK","DDX41","KIF2C"
"BTK","IKK-complex","KIF2C"
"BTK","SHC1","KIF2C"
"BTK","NTRK1","KIF2C"
"BTK","GPSM3","KIF2C"
"BTK","RELA","KIF2C"
"BTK","MAP3K8","KIF2C"
"BTK","PTPRR","KIF2C"
"BTK","FBLIM1","KIF2C"
"BTK","VCP","KIF2C"
"BTK","GRIP1","KIF2C"
"BTK","TMIGD2","KIF2C"
"BTK","CCR2","KIF2C"
"BTK","STIP1","KIF2C"
"BTK","ARRB2","KIF2C"
"BTK","CD28","KIF2C"
"BTK","INPP5D","KIF2C"
"BTK","IMPDH2","KIF2C"
"BTK","SET","KIF2C"
"BTK","BCL10","KIF2C"
"BTK","PIK3R6","KIF2C"
"BTK","MRE11","KIF2C"
"BTK","HDAC2","KIF2C"
"BTK","KSR1","KIF2C"
"BTK","DDX58","KIF2C"
"BTK","UBXN2B","KIF2C"
"BTK","MST1R","KIF2C"
"BTK","ROR2","KIF2C"
"BTK","ABI1","KIF2C"
"BTK","IFIH1","KIF2C"
"BTK","RAD50","KIF2C"
"BTK","WDFY3","KIF2C"
"BTK","GRB14","KIF2C"
"BTK","RND1","KIF2C"
"BTK","SPEN","KIF2C"
"BTK","CTDP1","KIF2C"
"BTK","BLVRA","KIF2C"
"BTK","MAPKAP1","KIF2C"
"BTK","GRB7","KIF2C"
"BTK","BAZ1B","KIF2C"
"BTK","PLCG2","KIF2C"
"BTK","RBL2","KIF2C"
"BTK","PPP1R14B","KIF2C"
"BTK","PABIR1","KIF2C"
"BTK","MAPK3","EPOR"
"BTK","AKT3","EPOR"
"BTK","MTOR","EPOR"
"BTK","PRKG1","EPOR"
"BTK","CCP110","EPOR"
"BTK","Gbeta","EPOR"
"BTK","LCK","EPOR"
"BTK","CDK9","EPOR"
"BTK","ABL1","EPOR"
"BTK","RPS6KA5","EPOR"
"BTK","PDPK1","EPOR"
"BTK","SGK1","EPOR"
"BTK","MAP2K1","EPOR"
"BTK","PRKCB","EPOR"
"BTK","PRKCG","EPOR"
"BTK","MAP3K7","EPOR"
"BTK","AKT","EPOR"
"BTK","IKBKB","EPOR"
"BTK","WWTR1","EPOR"
"BTK","DOK1","EPOR"
"BTK","MAP3K4","EPOR"
"BTK","DAPK1","EPOR"
"BTK","PXN","EPOR"
"BTK","LEPR","EPOR"
"BTK","ITK","EPOR"
"BTK","BCL3","EPOR"
"BTK","FZR1","EPOR"
"BTK","GRB2","EPOR"
"BTK","VCPIP1","EPOR"
"BTK","SGK3","EPOR"
"BTK","IKBKE","EPOR"
"BTK","ILK","EPOR"
"BTK","TBK1","EPOR"
"BTK","SPRED1","EPOR"
"BTK","MEK1/2","EPOR"
"BTK","PTPN7","EPOR"
"BTK","CALM1","EPOR"
"BTK","FADD","EPOR"
"BTK","STK38","EPOR"
"BTK","C9orf72","EPOR"
"BTK","CDKN2A","EPOR"
"BTK","RET","EPOR"
"BTK","IKK-complex","EPOR"
"BTK","SHC1","EPOR"
"BTK","RPS6KA4","EPOR"
"BTK","NTRK1","EPOR"
"BTK","GPSM3","EPOR"
"BTK","MAP3K8","EPOR"
"BTK","CDKN1B","EPOR"
"BTK","FBLIM1","EPOR"
"BTK","TEC","EPOR"
"BTK","TMIGD2","EPOR"
"BTK","ARRB2","EPOR"
"BTK","CRTC2","EPOR"
"BTK","CD28","EPOR"
"BTK","IMPDH2","EPOR"
"BTK","SET","EPOR"
"BTK","TRPV1","EPOR"
"BTK","PPP1R14A","EPOR"
"BTK","HDAC2","EPOR"
"BTK","KSR1","EPOR"
"BTK","DDX58","EPOR"
"BTK","UBXN2B","EPOR"
"BTK","ROR2","EPOR"
"BTK","ABI1","EPOR"
"BTK","IFIH1","EPOR"
"BTK","TTI1","EPOR"
"BTK","LRP6","EPOR"
"BTK","PIK3C3","EPOR"
"BTK","RND1","EPOR"
"BTK","STING1","EPOR"
"BTK","SPEN","EPOR"
"BTK","CTDP1","EPOR"
"BTK","TELO2","EPOR"
"BTK","PPP1R14B","EPOR"
"BTK","MAPK3","A11/b1 integrin"
"BTK","AKT2","A11/b1 integrin"
"BTK","PTEN","A11/b1 integrin"
"BTK","PRKCQ","A11/b1 integrin"
"BTK","AKT1","A11/b1 integrin"
"BTK","PRKG1","A11/b1 integrin"
"BTK","RPS6K","A11/b1 integrin"
"BTK","ERK1/2","A11/b1 integrin"
"BTK","Gbeta","A11/b1 integrin"
"BTK","LCK","A11/b1 integrin"
"BTK","ABL1","A11/b1 integrin"
"BTK","WNK1","A11/b1 integrin"
"BTK","CyclinD/CDK4","A11/b1 integrin"
"BTK","MAP3K1","A11/b1 integrin"
"BTK","MAP3K7","A11/b1 integrin"
"BTK","AKT","A11/b1 integrin"
"BTK","IKBKB","A11/b1 integrin"
"BTK","DOK1","A11/b1 integrin"
"BTK","MAP3K4","A11/b1 integrin"
"BTK","DAPK1","A11/b1 integrin"
"BTK","FGG","A11/b1 integrin"
"BTK","LEPR","A11/b1 integrin"
"BTK","BCL3","A11/b1 integrin"
"BTK","DVL1","A11/b1 integrin"
"BTK","FZR1","A11/b1 integrin"
"BTK","GRB2","A11/b1 integrin"
"BTK","VCPIP1","A11/b1 integrin"
"BTK","ATR","A11/b1 integrin"
"BTK","IKBKE","A11/b1 integrin"
"BTK","CCND1","A11/b1 integrin"
"BTK","ILK","A11/b1 integrin"
"BTK","PTPN7","A11/b1 integrin"
"BTK","FADD","A11/b1 integrin"
"BTK","STK38","A11/b1 integrin"
"BTK","C9orf72","A11/b1 integrin"
"BTK","RET","A11/b1 integrin"
"BTK","IKK-complex","A11/b1 integrin"
"BTK","SHC1","A11/b1 integrin"
"BTK","RPS6KA4","A11/b1 integrin"
"BTK","RELA","A11/b1 integrin"
"BTK","MAPKAPK5","A11/b1 integrin"
"BTK","EPHA2","A11/b1 integrin"
"BTK","MAP3K8","A11/b1 integrin"
"BTK","CDKN1B","A11/b1 integrin"
"BTK","FBLIM1","A11/b1 integrin"
"BTK","TEC","A11/b1 integrin"
"BTK","VCP","A11/b1 integrin"
"BTK","GRIP1","A11/b1 integrin"
"BTK","TMIGD2","A11/b1 integrin"
"BTK","STIP1","A11/b1 integrin"
"BTK","PSTPIP1","A11/b1 integrin"
"BTK","ARRB2","A11/b1 integrin"
"BTK","TRAF3","A11/b1 integrin"
"BTK","CRTC2","A11/b1 integrin"
"BTK","INPP5D","A11/b1 integrin"
"BTK","CCNE1","A11/b1 integrin"
"BTK","IMPDH2","A11/b1 integrin"
"BTK","SET","A11/b1 integrin"
"BTK","SH2B2","A11/b1 integrin"
"BTK","TRPV1","A11/b1 integrin"
"BTK","PPP1R14A","A11/b1 integrin"
"BTK","BCL10","A11/b1 integrin"
"BTK","PIK3R6","A11/b1 integrin"
"BTK","HDAC2","A11/b1 integrin"
"BTK","KSR1","A11/b1 integrin"
"BTK","DDX58","A11/b1 integrin"
"BTK","ROR2","A11/b1 integrin"
"BTK","ABI1","A11/b1 integrin"
"BTK","TTI1","A11/b1 integrin"
"BTK","LRP6","A11/b1 integrin"
"BTK","HOXB7","A11/b1 integrin"
"BTK","PIK3C3","A11/b1 integrin"
"BTK","RND1","A11/b1 integrin"
"BTK","BLVRA","A11/b1 integrin"
"BTK","PLCG2","A11/b1 integrin"
"BTK","RBL2","A11/b1 integrin"
"BTK","MAPK3","WASF2"
"BTK","CHUK","WASF2"
"BTK","CCP110","WASF2"
"BTK","CALM2","WASF2"
"BTK","ERK1/2","WASF2"
"BTK","Gbeta","WASF2"
"BTK","RPS6KA5","WASF2"
"BTK","WNK1","WASF2"
"BTK","PDPK1","WASF2"
"BTK","PRKCB","WASF2"
"BTK","PRKCZ","WASF2"
"BTK","CyclinD/CDK4","WASF2"
"BTK","MAP3K7","WASF2"
"BTK","AKT","WASF2"
"BTK","MAP3K4","WASF2"
"BTK","PXN","WASF2"
"BTK","RPS6KA3","WASF2"
"BTK","DVL1","WASF2"
"BTK","VCPIP1","WASF2"
"BTK","ATR","WASF2"
"BTK","SGK3","WASF2"
"BTK","ILK","WASF2"
"BTK","TBK1","WASF2"
"BTK","CALM1","WASF2"
"BTK","FADD","WASF2"
"BTK","STK38","WASF2"
"BTK","TLK1","WASF2"
"BTK","C9orf72","WASF2"
"BTK","MAP4K1","WASF2"
"BTK","IKK-complex","WASF2"
"BTK","NTRK1","WASF2"
"BTK","RELA","WASF2"
"BTK","MAPKAPK5","WASF2"
"BTK","FBLIM1","WASF2"
"BTK","GRIP1","WASF2"
"BTK","TMIGD2","WASF2"
"BTK","CCR2","WASF2"
"BTK","ARRB2","WASF2"
"BTK","TRAF3","WASF2"
"BTK","CRTC2","WASF2"
"BTK","INPP5D","WASF2"
"BTK","CCNE1","WASF2"
"BTK","IMPDH2","WASF2"
"BTK","SH2B2","WASF2"
"BTK","PPP1R14A","WASF2"
"BTK","KSR1","WASF2"
"BTK","UBXN2B","WASF2"
"BTK","MST1R","WASF2"
"BTK","ROR2","WASF2"
"BTK","RAD50","WASF2"
"BTK","TTI1","WASF2"
"BTK","PIK3C3","WASF2"
"BTK","RND1","WASF2"
"BTK","SPEN","WASF2"
"BTK","NFKB1","WASF2"
"BTK","TELO2","WASF2"
"BTK","BLVRA","WASF2"
"BTK","MAPKAP1","WASF2"
"BTK","GRB7","WASF2"
"BTK","RBL2","WASF2"
"BTK","AKT2","CDX2"
"BTK","PTEN","CDX2"
"BTK","PRKCQ","CDX2"
"BTK","PRKG1","CDX2"
"BTK","RPS6K","CDX2"
"BTK","CALM2","CDX2"
"BTK","ERK1/2","CDX2"
"BTK","Gbeta","CDX2"
"BTK","LCK","CDX2"
"BTK","CDK9","CDX2"
"BTK","ABL1","CDX2"
"BTK","RPS6KA5","CDX2"
"BTK","WNK1","CDX2"
"BTK","PDPK1","CDX2"
"BTK","SGK1","CDX2"
"BTK","PRKCB","CDX2"
"BTK","PRKCZ","CDX2"
"BTK","AKT","CDX2"
"BTK","IKBKB","CDX2"
"BTK","WWTR1","CDX2"
"BTK","DOK1","CDX2"
"BTK","BCL3","CDX2"
"BTK","DVL1","CDX2"
"BTK","GRB2","CDX2"
"BTK","ATR","CDX2"
"BTK","SGK3","CDX2"
"BTK","PTK6","CDX2"
"BTK","IKBKE","CDX2"
"BTK","CCND1","CDX2"
"BTK","SPRED1","CDX2"
"BTK","CALM1","CDX2"
"BTK","FADD","CDX2"
"BTK","CDKN2A","CDX2"
"BTK","MAP4K1","CDX2"
"BTK","DDX41","CDX2"
"BTK","SHC1","CDX2"
"BTK","RELA","CDX2"
"BTK","MAPKAPK5","CDX2"
"BTK","EPHA2","CDX2"
"BTK","MAP3K8","CDX2"
"BTK","PTPRR","CDX2"
"BTK","CDKN1B","CDX2"
"BTK","FBLIM1","CDX2"
"BTK","TEC","CDX2"
"BTK","VCP","CDX2"
"BTK","TMIGD2","CDX2"
"BTK","TRAF3","CDX2"
"BTK","CRTC2","CDX2"
"BTK","CD28","CDX2"
"BTK","INPP5D","CDX2"
"BTK","FRS2","CDX2"
"BTK","CCNE1","CDX2"
"BTK","PIK3CG","CDX2"
"BTK","TRPV1","CDX2"
"BTK","BCL10","CDX2"
"BTK","PIK3R6","CDX2"
"BTK","HDAC2","CDX2"
"BTK","KSR1","CDX2"
"BTK","DDX58","CDX2"
"BTK","UBXN2B","CDX2"
"BTK","MST1R","CDX2"
"BTK","ABI1","CDX2"
"BTK","RAD50","CDX2"
"BTK","WDFY3","CDX2"
"BTK","LRP6","CDX2"
"BTK","HOXB7","CDX2"
"BTK","RND1","CDX2"
"BTK","STING1","CDX2"
"BTK","SPEN","CDX2"
"BTK","GRB7","CDX2"
"BTK","PABIR1","CDX2"
"BTK","MAPK3","ARID4A"
"BTK","PTEN","ARID4A"
"BTK","PRKCQ","ARID4A"
"BTK","AKT1","ARID4A"
"BTK","PRKG1","ARID4A"
"BTK","CCP110","ARID4A"
"BTK","RPS6K","ARID4A"
"BTK","CALM2","ARID4A"
"BTK","ERK1/2","ARID4A"
"BTK","CDK9","ARID4A"
"BTK","WNK1","ARID4A"
"BTK","SGK1","ARID4A"
"BTK","PRKCB","ARID4A"
"BTK","PRKCZ","ARID4A"
"BTK","MAP3K1","ARID4A"
"BTK","MAP3K7","ARID4A"
"BTK","IKBKB","ARID4A"
"BTK","PXN","ARID4A"
"BTK","VCPIP1","ARID4A"
"BTK","SGK3","ARID4A"
"BTK","IKBKE","ARID4A"
"BTK","CCND1","ARID4A"
"BTK","ILK","ARID4A"
"BTK","TBK1","ARID4A"
"BTK","SPRED1","ARID4A"
"BTK","MEK1/2","ARID4A"
"BTK","FADD","ARID4A"
"BTK","MAP4K1","ARID4A"
"BTK","RET","ARID4A"
"BTK","DDX41","ARID4A"
"BTK","IKK-complex","ARID4A"
"BTK","SHC1","ARID4A"
"BTK","RPS6KA4","ARID4A"
"BTK","GPSM3","ARID4A"
"BTK","RELA","ARID4A"
"BTK","CDKN1B","ARID4A"
"BTK","VCP","ARID4A"
"BTK","GRIP1","ARID4A"
"BTK","TMIGD2","ARID4A"
"BTK","STIP1","ARID4A"
"BTK","CD28","ARID4A"
"BTK","CCNE1","ARID4A"
"BTK","SET","ARID4A"
"BTK","PIK3CG","ARID4A"
"BTK","TRPV1","ARID4A"
"BTK","BCL10","ARID4A"
"BTK","PIK3R6","ARID4A"
"BTK","HDAC2","ARID4A"
"BTK","MST1R","ARID4A"
"BTK","TTI1","ARID4A"
"BTK","WDFY3","ARID4A"
"BTK","PIK3C3","ARID4A"
"BTK","STING1","ARID4A"
"BTK","SPEN","ARID4A"
"BTK","NFKB1","ARID4A"
"BTK","TELO2","ARID4A"
"BTK","CLSPN","ARID4A"
"BTK","GRB7","ARID4A"
"BTK","BAZ1B","ARID4A"
"BTK","PLCG2","ARID4A"
"BTK","RBL2","ARID4A"
"BTK","MAPK3","PARVA"
"BTK","AKT3","PARVA"
"BTK","CCP110","PARVA"
"BTK","RPS6K","PARVA"
"BTK","ERK1/2","PARVA"
"BTK","Gbeta","PARVA"
"BTK","LCK","PARVA"
"BTK","WNK1","PARVA"
"BTK","MAP2K1","PARVA"
"BTK","PRKCB","PARVA"
"BTK","PRKCZ","PARVA"
"BTK","MAP3K7","PARVA"
"BTK","MAP3K4","PARVA"
"BTK","DAPK1","PARVA"
"BTK","PXN","PARVA"
"BTK","LEPR","PARVA"
"BTK","ITK","PARVA"
"BTK","RPS6KA3","PARVA"
"BTK","DVL1","PARVA"
"BTK","FZR1","PARVA"
"BTK","GRB2","PARVA"
"BTK","SGK3","PARVA"
"BTK","IKBKE","PARVA"
"BTK","TBK1","PARVA"
"BTK","MEK1/2","PARVA"
"BTK","PTPN7","PARVA"
"BTK","CALM1","PARVA"
"BTK","FADD","PARVA"
"BTK","STK38","PARVA"
"BTK","TLK1","PARVA"
"BTK","C9orf72","PARVA"
"BTK","MAP4K1","PARVA"
"BTK","DDX41","PARVA"
"BTK","SHC1","PARVA"
"BTK","RPS6KA4","PARVA"
"BTK","MAPKAPK5","PARVA"
"BTK","EPHA2","PARVA"
"BTK","MAP3K8","PARVA"
"BTK","CDKN1B","PARVA"
"BTK","TEC","PARVA"
"BTK","GRIP1","PARVA"
"BTK","TMIGD2","PARVA"
"BTK","CCR2","PARVA"
"BTK","PSTPIP1","PARVA"
"BTK","CRTC2","PARVA"
"BTK","INPP5D","PARVA"
"BTK","FRS2","PARVA"
"BTK","CCNE1","PARVA"
"BTK","PIK3CG","PARVA"
"BTK","TRPV1","PARVA"
"BTK","BCL10","PARVA"
"BTK","HDAC2","PARVA"
"BTK","KSR1","PARVA"
"BTK","DDX58","PARVA"
"BTK","MST1R","PARVA"
"BTK","ABI1","PARVA"
"BTK","IFIH1","PARVA"
"BTK","WDFY3","PARVA"
"BTK","GRB14","PARVA"
"BTK","NFKB1","PARVA"
"BTK","BLVRA","PARVA"
"BTK","CLSPN","PARVA"
"BTK","MAPKAP1","PARVA"
"BTK","GRB7","PARVA"
"BTK","BAZ1B","PARVA"
"BTK","PLCG2","PARVA"
"BTK","RBL2","PARVA"
"BTK","PPP1R14B","PARVA"
"BTK","PABIR1","PARVA"
"BTK","MAPK3","GYS1"
"BTK","CHUK","GYS1"
"BTK","PTEN","GYS1"
"BTK","MTOR","GYS1"
"BTK","AKT1","GYS1"
"BTK","PRKG1","GYS1"
"BTK","RPS6K","GYS1"
"BTK","CALM2","GYS1"
"BTK","LCK","GYS1"
"BTK","RPS6KA5","GYS1"
"BTK","WNK1","GYS1"
"BTK","PDPK1","GYS1"
"BTK","SGK1","GYS1"
"BTK","MAP2K1","GYS1"
"BTK","PRKCB","GYS1"
"BTK","PRKCG","GYS1"
"BTK","PRKCZ","GYS1"
"BTK","MAP3K7","GYS1"
"BTK","WWTR1","GYS1"
"BTK","DVL1","GYS1"
"BTK","GRB2","GYS1"
"BTK","ATR","GYS1"
"BTK","SGK3","GYS1"
"BTK","PTK6","GYS1"
"BTK","CCND1","GYS1"
"BTK","ILK","GYS1"
"BTK","MEK1/2","GYS1"
"BTK","STK38","GYS1"
"BTK","C9orf72","GYS1"
"BTK","MAP4K1","GYS1"
"BTK","SHC1","GYS1"
"BTK","NTRK1","GYS1"
"BTK","GPSM3","GYS1"
"BTK","MAPKAPK5","GYS1"
"BTK","MAP3K8","GYS1"
"BTK","CDKN1B","GYS1"
"BTK","TEC","GYS1"
"BTK","GRIP1","GYS1"
"BTK","STIP1","GYS1"
"BTK","CRTC2","GYS1"
"BTK","CD28","GYS1"
"BTK","INPP5D","GYS1"
"BTK","FRS2","GYS1"
"BTK","CCNE1","GYS1"
"BTK","IMPDH2","GYS1"
"BTK","SET","GYS1"
"BTK","PPP1R14A","GYS1"
"BTK","BCL10","GYS1"
"BTK","PIK3R6","GYS1"
"BTK","MRE11","GYS1"
"BTK","UBXN2B","GYS1"
"BTK","ABI1","GYS1"
"BTK","TTI1","GYS1"
"BTK","GRB14","GYS1"
"BTK","RND1","GYS1"
"BTK","CTDP1","GYS1"
"BTK","BLVRA","GYS1"
"BTK","MAPKAP1","GYS1"
"BTK","BAZ1B","GYS1"
"BTK","CHUK","KCNH2"
"BTK","PRKG1","KCNH2"
"BTK","CCP110","KCNH2"
"BTK","ERK1/2","KCNH2"
"BTK","Gbeta","KCNH2"
"BTK","CDK9","KCNH2"
"BTK","ABL1","KCNH2"
"BTK","SGK1","KCNH2"
"BTK","MAP3K7","KCNH2"
"BTK","AKT","KCNH2"
"BTK","IKBKB","KCNH2"
"BTK","DAPK1","KCNH2"
"BTK","PXN","KCNH2"
"BTK","LEPR","KCNH2"
"BTK","RPS6KA3","KCNH2"
"BTK","DVL1","KCNH2"
"BTK","VCPIP1","KCNH2"
"BTK","PTK6","KCNH2"
"BTK","SPRED1","KCNH2"
"BTK","STK38","KCNH2"
"BTK","CDKN2A","KCNH2"
"BTK","MAP4K1","KCNH2"
"BTK","RET","KCNH2"
"BTK","DDX41","KCNH2"
"BTK","RPS6KA4","KCNH2"
"BTK","NTRK1","KCNH2"
"BTK","RELA","KCNH2"
"BTK","MAPKAPK5","KCNH2"
"BTK","EPHA2","KCNH2"
"BTK","MAP3K8","KCNH2"
"BTK","PTPRR","KCNH2"
"BTK","FBLIM1","KCNH2"
"BTK","TEC","KCNH2"
"BTK","VCP","KCNH2"
"BTK","GRIP1","KCNH2"
"BTK","CCR2","KCNH2"
"BTK","STIP1","KCNH2"
"BTK","PSTPIP1","KCNH2"
"BTK","INPP5D","KCNH2"
"BTK","FRS2","KCNH2"
"BTK","CCNE1","KCNH2"
"BTK","IMPDH2","KCNH2"
"BTK","SET","KCNH2"
"BTK","SH2B2","KCNH2"
"BTK","PPP1R14A","KCNH2"
"BTK","BCL10","KCNH2"
"BTK","KSR1","KCNH2"
"BTK","UBXN2B","KCNH2"
"BTK","MST1R","KCNH2"
"BTK","ROR2","KCNH2"
"BTK","ABI1","KCNH2"
"BTK","RAD50","KCNH2"
"BTK","TTI1","KCNH2"
"BTK","WDFY3","KCNH2"
"BTK","LRP6","KCNH2"
"BTK","GRB14","KCNH2"
"BTK","HOXB7","KCNH2"
"BTK","PIK3C3","KCNH2"
"BTK","STING1","KCNH2"
"BTK","SPEN","KCNH2"
"BTK","NFKB1","KCNH2"
"BTK","CTDP1","KCNH2"
"BTK","TELO2","KCNH2"
"BTK","BLVRA","KCNH2"
"BTK","CLSPN","KCNH2"
"BTK","MAPKAP1","KCNH2"
"BTK","PLCG2","KCNH2"
"BTK","PPP1R14B","KCNH2"
"BTK","MAPK3","ERF"
"BTK","AKT3","ERF"
"BTK","CHUK","ERF"
"BTK","AKT2","ERF"
"BTK","PTEN","ERF"
"BTK","PRKCQ","ERF"
"BTK","MTOR","ERF"
"BTK","AKT1","ERF"
"BTK","PRKG1","ERF"
"BTK","CCP110","ERF"
"BTK","RPS6K","ERF"
"BTK","CALM2","ERF"
"BTK","ERK1/2","ERF"
"BTK","Gbeta","ERF"
"BTK","LCK","ERF"
"BTK","ABL1","ERF"
"BTK","RPS6KA5","ERF"
"BTK","PDPK1","ERF"
"BTK","SGK1","ERF"
"BTK","MAP2K1","ERF"
"BTK","PRKCB","ERF"
"BTK","PRKCG","ERF"
"BTK","PRKCZ","ERF"
"BTK","CyclinD/CDK4","ERF"
"BTK","MAP3K1","ERF"
"BTK","MAP3K7","ERF"
"BTK","AKT","ERF"
"BTK","DOK1","ERF"
"BTK","MAP3K4","ERF"
"BTK","DAPK1","ERF"
"BTK","PXN","ERF"
"BTK","FGG","ERF"
"BTK","LEPR","ERF"
"BTK","RPS6KA3","ERF"
"BTK","BCL3","ERF"
"BTK","DVL1","ERF"
"BTK","FZR1","ERF"
"BTK","GRB2","ERF"
"BTK","SGK3","ERF"
"BTK","CCND1","ERF"
"BTK","TBK1","ERF"
"BTK","SPRED1","ERF"
"BTK","PTPN7","ERF"
"BTK","FADD","ERF"
"BTK","TLK1","ERF"
"BTK","C9orf72","ERF"
"BTK","RPS6KA4","ERF"
"BTK","GPSM3","ERF"
"BTK","MAPKAPK5","ERF"
"BTK","MAP3K8","ERF"
"BTK","PTPRR","ERF"
"BTK","GRIP1","ERF"
"BTK","CCR2","ERF"
"BTK","PSTPIP1","ERF"
"BTK","ARRB2","ERF"
"BTK","INPP5D","ERF"
"BTK","FRS2","ERF"
"BTK","CCNE1","ERF"
"BTK","IMPDH2","ERF"
"BTK","PIK3CG","ERF"
"BTK","SH2B2","ERF"
"BTK","TRPV1","ERF"
"BTK","PPP1R14A","ERF"
"BTK","BCL10","ERF"
"BTK","PIK3R6","ERF"
"BTK","HDAC2","ERF"
"BTK","DDX58","ERF"
"BTK","UBXN2B","ERF"
"BTK","RAD50","ERF"
"BTK","TTI1","ERF"
"BTK","GRB14","ERF"
"BTK","PIK3C3","ERF"
"BTK","RND1","ERF"
"BTK","STING1","ERF"
"BTK","NFKB1","ERF"
"BTK","CHUK","SNAP25"
"BTK","PTEN","SNAP25"
"BTK","PRKG1","SNAP25"
"BTK","Gbeta","SNAP25"
"BTK","LCK","SNAP25"
"BTK","WNK1","SNAP25"
"BTK","MAP3K1","SNAP25"
"BTK","WWTR1","SNAP25"
"BTK","PXN","SNAP25"
"BTK","FGG","SNAP25"
"BTK","BCL3","SNAP25"
"BTK","DVL1","SNAP25"
"BTK","FZR1","SNAP25"
"BTK","ATR","SNAP25"
"BTK","SGK3","SNAP25"
"BTK","IKBKE","SNAP25"
"BTK","CCND1","SNAP25"
"BTK","CDKN2A","SNAP25"
"BTK","RPS6KA4","SNAP25"
"BTK","MAPKAPK5","SNAP25"
"BTK","PTPRR","SNAP25"
"BTK","CDKN1B","SNAP25"
"BTK","GRIP1","SNAP25"
"BTK","TMIGD2","SNAP25"
"BTK","CCR2","SNAP25"
"BTK","PSTPIP1","SNAP25"
"BTK","TRAF3","SNAP25"
"BTK","FRS2","SNAP25"
"BTK","CCNE1","SNAP25"
"BTK","IMPDH2","SNAP25"
"BTK","SET","SNAP25"
"BTK","TRPV1","SNAP25"
"BTK","PPP1R14A","SNAP25"
"BTK","PIK3R6","SNAP25"
"BTK","MRE11","SNAP25"
"BTK","HDAC2","SNAP25"
"BTK","KSR1","SNAP25"
"BTK","DDX58","SNAP25"
"BTK","UBXN2B","SNAP25"
"BTK","MST1R","SNAP25"
"BTK","ROR2","SNAP25"
"BTK","ABI1","SNAP25"
"BTK","RAD50","SNAP25"
"BTK","TTI1","SNAP25"
"BTK","LRP6","SNAP25"
"BTK","CTDP1","SNAP25"
"BTK","TELO2","SNAP25"
"BTK","CLSPN","SNAP25"
"BTK","GRB7","SNAP25"
"BTK","BAZ1B","SNAP25"
"BTK","PLCG2","SNAP25"
"BTK","PPP1R14B","SNAP25"
"BTK","PABIR1","SNAP25"
"BTK","AKT2","CDC34"
"BTK","AKT1","CDC34"
"BTK","CCP110","CDC34"
"BTK","CALM2","CDC34"
"BTK","LCK","CDC34"
"BTK","CDK9","CDC34"
"BTK","RPS6KA5","CDC34"
"BTK","WNK1","CDC34"
"BTK","SGK1","CDC34"
"BTK","PRKCB","CDC34"
"BTK","PRKCZ","CDC34"
"BTK","MAP3K1","CDC34"
"BTK","AKT","CDC34"
"BTK","DOK1","CDC34"
"BTK","PXN","CDC34"
"BTK","FGG","CDC34"
"BTK","ITK","CDC34"
"BTK","RPS6KA3","CDC34"
"BTK","FZR1","CDC34"
"BTK","GRB2","CDC34"
"BTK","ATR","CDC34"
"BTK","SGK3","CDC34"
"BTK","PTK6","CDC34"
"BTK","CCND1","CDC34"
"BTK","FADD","CDC34"
"BTK","TLK1","CDC34"
"BTK","C9orf72","CDC34"
"BTK","CDKN2A","CDC34"
"BTK","MAP4K1","CDC34"
"BTK","RET","CDC34"
"BTK","IKK-complex","CDC34"
"BTK","EPHA2","CDC34"
"BTK","MAP3K8","CDC34"
"BTK","PTPRR","CDC34"
"BTK","FBLIM1","CDC34"
"BTK","VCP","CDC34"
"BTK","GRIP1","CDC34"
"BTK","CCR2","CDC34"
"BTK","STIP1","CDC34"
"BTK","PSTPIP1","CDC34"
"BTK","ARRB2","CDC34"
"BTK","TRAF3","CDC34"
"BTK","FRS2","CDC34"
"BTK","CCNE1","CDC34"
"BTK","TRPV1","CDC34"
"BTK","BCL10","CDC34"
"BTK","HDAC2","CDC34"
"BTK","UBXN2B","CDC34"
"BTK","MST1R","CDC34"
"BTK","ABI1","CDC34"
"BTK","GRB14","CDC34"
"BTK","HOXB7","CDC34"
"BTK","PIK3C3","CDC34"
"BTK","RND1","CDC34"
"BTK","STING1","CDC34"
"BTK","SPEN","CDC34"
"BTK","NFKB1","CDC34"
"BTK","CTDP1","CDC34"
"BTK","MAPKAP1","CDC34"
"BTK","BAZ1B","CDC34"
"BTK","RBL2","CDC34"
"BTK","PPP1R14B","CDC34"
"BTK","PABIR1","CDC34"
"BTK","MAPK3","TFCP2"
"BTK","AKT3","TFCP2"
"BTK","CHUK","TFCP2"
"BTK","PTEN","TFCP2"
"BTK","AKT1","TFCP2"
"BTK","PRKG1","TFCP2"
"BTK","CCP110","TFCP2"
"BTK","RPS6K","TFCP2"
"BTK","ERK1/2","TFCP2"
"BTK","Gbeta","TFCP2"
"BTK","LCK","TFCP2"
"BTK","SGK1","TFCP2"
"BTK","PRKCB","TFCP2"
"BTK","CyclinD/CDK4","TFCP2"
"BTK","MAP3K1","TFCP2"
"BTK","AKT","TFCP2"
"BTK","IKBKB","TFCP2"
"BTK","WWTR1","TFCP2"
"BTK","DOK1","TFCP2"
"BTK","MAP3K4","TFCP2"
"BTK","RPS6KA3","TFCP2"
"BTK","DVL1","TFCP2"
"BTK","PTK6","TFCP2"
"BTK","CCND1","TFCP2"
"BTK","STAP1","TFCP2"
"BTK","SPRED1","TFCP2"
"BTK","PTPN7","TFCP2"
"BTK","FADD","TFCP2"
"BTK","STK38","TFCP2"
"BTK","MAP4K1","TFCP2"
"BTK","RET","TFCP2"
"BTK","DDX41","TFCP2"
"BTK","IKK-complex","TFCP2"
"BTK","RPS6KA4","TFCP2"
"BTK","NTRK1","TFCP2"
"BTK","GPSM3","TFCP2"
"BTK","RELA","TFCP2"
"BTK","MAPKAPK5","TFCP2"
"BTK","EPHA2","TFCP2"
"BTK","PTPRR","TFCP2"
"BTK","FBLIM1","TFCP2"
"BTK","STIP1","TFCP2"
"BTK","ARRB2","TFCP2"
"BTK","TRAF3","TFCP2"
"BTK","CRTC2","TFCP2"
"BTK","CD28","TFCP2"
"BTK","FRS2","TFCP2"
"BTK","CCNE1","TFCP2"
"BTK","IMPDH2","TFCP2"
"BTK","SH2B2","TFCP2"
"BTK","TRPV1","TFCP2"
"BTK","BCL10","TFCP2"
"BTK","HDAC2","TFCP2"
"BTK","KSR1","TFCP2"
"BTK","DDX58","TFCP2"
"BTK","UBXN2B","TFCP2"
"BTK","MST1R","TFCP2"
"BTK","ROR2","TFCP2"
"BTK","RAD50","TFCP2"
"BTK","TTI1","TFCP2"
"BTK","WDFY3","TFCP2"
"BTK","BLVRA","TFCP2"
"BTK","BAZ1B","TFCP2"
"BTK","PLCG2","RRN3"
"BTK","AKT3","A10/b1 integrin"
"BTK","AKT2","A10/b1 integrin"
"BTK","PTEN","A10/b1 integrin"
"BTK","AKT1","A10/b1 integrin"
"BTK","PRKG1","A10/b1 integrin"
"BTK","CCP110","A10/b1 integrin"
"BTK","RPS6K","A10/b1 integrin"
"BTK","CALM2","A10/b1 integrin"
"BTK","ERK1/2","A10/b1 integrin"
"BTK","Gbeta","A10/b1 integrin"
"BTK","ABL1","A10/b1 integrin"
"BTK","PDPK1","A10/b1 integrin"
"BTK","SGK1","A10/b1 integrin"
"BTK","MAP2K1","A10/b1 integrin"
"BTK","PRKCB","A10/b1 integrin"
"BTK","PRKCG","A10/b1 integrin"
"BTK","PRKCZ","A10/b1 integrin"
"BTK","CyclinD/CDK4","A10/b1 integrin"
"BTK","MAP3K7","A10/b1 integrin"
"BTK","AKT","A10/b1 integrin"
"BTK","MAP3K4","A10/b1 integrin"
"BTK","PXN","A10/b1 integrin"
"BTK","LEPR","A10/b1 integrin"
"BTK","RPS6KA3","A10/b1 integrin"
"BTK","DVL1","A10/b1 integrin"
"BTK","GRB2","A10/b1 integrin"
"BTK","ATR","A10/b1 integrin"
"BTK","IKBKE","A10/b1 integrin"
"BTK","ILK","A10/b1 integrin"
"BTK","SPRED1","A10/b1 integrin"
"BTK","MEK1/2","A10/b1 integrin"
"BTK","C9orf72","A10/b1 integrin"
"BTK","CDKN2A","A10/b1 integrin"
"BTK","MAP4K1","A10/b1 integrin"
"BTK","RET","A10/b1 integrin"
"BTK","DDX41","A10/b1 integrin"
"BTK","IKK-complex","A10/b1 integrin"
"BTK","SHC1","A10/b1 integrin"
"BTK","RELA","A10/b1 integrin"
"BTK","MAPKAPK5","A10/b1 integrin"
"BTK","EPHA2","A10/b1 integrin"
"BTK","MAP3K8","A10/b1 integrin"
"BTK","PTPRR","A10/b1 integrin"
"BTK","FBLIM1","A10/b1 integrin"
"BTK","TEC","A10/b1 integrin"
"BTK","VCP","A10/b1 integrin"
"BTK","TMIGD2","A10/b1 integrin"
"BTK","CCR2","A10/b1 integrin"
"BTK","PSTPIP1","A10/b1 integrin"
"BTK","ARRB2","A10/b1 integrin"
"BTK","CRTC2","A10/b1 integrin"
"BTK","CD28","A10/b1 integrin"
"BTK","IMPDH2","A10/b1 integrin"
"BTK","SET","A10/b1 integrin"
"BTK","TRPV1","A10/b1 integrin"
"BTK","PPP1R14A","A10/b1 integrin"
"BTK","KSR1","A10/b1 integrin"
"BTK","MST1R","A10/b1 integrin"
"BTK","ROR2","A10/b1 integrin"
"BTK","IFIH1","A10/b1 integrin"
"BTK","RAD50","A10/b1 integrin"
"BTK","LRP6","A10/b1 integrin"
"BTK","GRB14","A10/b1 integrin"
"BTK","MAPKAP1","A10/b1 integrin"
"BTK","GRB7","A10/b1 integrin"
"BTK","BAZ1B","A10/b1 integrin"
"BTK","PLCG2","A10/b1 integrin"
"BTK","RBL2","A10/b1 integrin"
"BTK","PABIR1","A10/b1 integrin"
"BTK","AKT3","MNX1"
"BTK","CHUK","MNX1"
"BTK","AKT2","MNX1"
"BTK","PRKCQ","MNX1"
"BTK","MTOR","MNX1"
"BTK","CCP110","MNX1"
"BTK","RPS6K","MNX1"
"BTK","CALM2","MNX1"
"BTK","ERK1/2","MNX1"
"BTK","Gbeta","MNX1"
"BTK","RPS6KA5","MNX1"
"BTK","SGK1","MNX1"
"BTK","PRKCG","MNX1"
"BTK","CyclinD/CDK4","MNX1"
"BTK","MAP3K1","MNX1"
"BTK","MAP3K7","MNX1"
"BTK","IKBKB","MNX1"
"BTK","LEPR","MNX1"
"BTK","FZR1","MNX1"
"BTK","CCND1","MNX1"
"BTK","ILK","MNX1"
"BTK","PTPN7","MNX1"
"BTK","FADD","MNX1"
"BTK","TLK1","MNX1"
"BTK","C9orf72","MNX1"
"BTK","DDX41","MNX1"
"BTK","IKK-complex","MNX1"
"BTK","RPS6KA4","MNX1"
"BTK","GPSM3","MNX1"
"BTK","CDKN1B","MNX1"
"BTK","FBLIM1","MNX1"
"BTK","PSTPIP1","MNX1"
"BTK","ARRB2","MNX1"
"BTK","CRTC2","MNX1"
"BTK","INPP5D","MNX1"
"BTK","FRS2","MNX1"
"BTK","CCNE1","MNX1"
"BTK","IMPDH2","MNX1"
"BTK","TRPV1","MNX1"
"BTK","BCL10","MNX1"
"BTK","PIK3R6","MNX1"
"BTK","KSR1","MNX1"
"BTK","DDX58","MNX1"
"BTK","UBXN2B","MNX1"
"BTK","RAD50","MNX1"
"BTK","LRP6","MNX1"
"BTK","GRB14","MNX1"
"BTK","HOXB7","MNX1"
"BTK","CTDP1","MNX1"
"BTK","BLVRA","MNX1"
"BTK","CLSPN","MNX1"
"BTK","MAPKAP1","MNX1"
"BTK","BAZ1B","MNX1"
"BTK","RBL2","MNX1"
"BTK","PABIR1","MNX1"
"BTK","AKT3","PKD2"
"BTK","PTEN","PKD2"
"BTK","PRKCQ","PKD2"
"BTK","RPS6K","PKD2"
"BTK","Gbeta","PKD2"
"BTK","LCK","PKD2"
"BTK","ABL1","PKD2"
"BTK","RPS6KA5","PKD2"
"BTK","WNK1","PKD2"
"BTK","MAP2K1","PKD2"
"BTK","PRKCG","PKD2"
"BTK","PRKCZ","PKD2"
"BTK","PXN","PKD2"
"BTK","FGG","PKD2"
"BTK","LEPR","PKD2"
"BTK","BCL3","PKD2"
"BTK","VCPIP1","PKD2"
"BTK","SGK3","PKD2"
"BTK","PTK6","PKD2"
"BTK","ILK","PKD2"
"BTK","PTPN7","PKD2"
"BTK","CALM1","PKD2"
"BTK","STK38","PKD2"
"BTK","TLK1","PKD2"
"BTK","C9orf72","PKD2"
"BTK","CDKN2A","PKD2"
"BTK","MAP4K1","PKD2"
"BTK","RET","PKD2"
"BTK","DDX41","PKD2"
"BTK","GPSM3","PKD2"
"BTK","RELA","PKD2"
"BTK","EPHA2","PKD2"
"BTK","PTPRR","PKD2"
"BTK","CDKN1B","PKD2"
"BTK","FBLIM1","PKD2"
"BTK","TEC","PKD2"
"BTK","TMIGD2","PKD2"
"BTK","PSTPIP1","PKD2"
"BTK","SET","PKD2"
"BTK","BCL10","PKD2"
"BTK","KSR1","PKD2"
"BTK","DDX58","PKD2"
"BTK","MST1R","PKD2"
"BTK","ROR2","PKD2"
"BTK","ABI1","PKD2"
"BTK","IFIH1","PKD2"
"BTK","RAD50","PKD2"
"BTK","WDFY3","PKD2"
"BTK","STING1","PKD2"
"BTK","SPEN","PKD2"
"BTK","NFKB1","PKD2"
"BTK","CTDP1","PKD2"
"BTK","TELO2","PKD2"
"BTK","BLVRA","PKD2"
"BTK","MAPKAP1","PKD2"
"BTK","GRB7","PKD2"
"BTK","PLCG2","PKD2"
"BTK","RBL2","PKD2"
"BTK","PPP1R14B","PKD2"
"BTK","PABIR1","PKD2"
"BTK","MAPK3","CEP55"
"BTK","CHUK","CEP55"
"BTK","AKT2","CEP55"
"BTK","PRKCQ","CEP55"
"BTK","MTOR","CEP55"
"BTK","PRKG1","CEP55"
"BTK","CCP110","CEP55"
"BTK","CDK9","CEP55"
"BTK","ABL1","CEP55"
"BTK","RPS6KA5","CEP55"
"BTK","WNK1","CEP55"
"BTK","PDPK1","CEP55"
"BTK","PRKCB","CEP55"
"BTK","PRKCG","CEP55"
"BTK","PRKCZ","CEP55"
"BTK","CyclinD/CDK4","CEP55"
"BTK","AKT","CEP55"
"BTK","IKBKB","CEP55"
"BTK","DOK1","CEP55"
"BTK","MAP3K4","CEP55"
"BTK","FGG","CEP55"
"BTK","LEPR","CEP55"
"BTK","ITK","CEP55"
"BTK","BCL3","CEP55"
"BTK","DVL1","CEP55"
"BTK","GRB2","CEP55"
"BTK","VCPIP1","CEP55"
"BTK","PTK6","CEP55"
"BTK","IKBKE","CEP55"
"BTK","CCND1","CEP55"
"BTK","ILK","CEP55"
"BTK","STAP1","CEP55"
"BTK","TBK1","CEP55"
"BTK","MEK1/2","CEP55"
"BTK","PTPN7","CEP55"
"BTK","FADD","CEP55"
"BTK","STK38","CEP55"
"BTK","TLK1","CEP55"
"BTK","C9orf72","CEP55"
"BTK","MAP4K1","CEP55"
"BTK","DDX41","CEP55"
"BTK","GPSM3","CEP55"
"BTK","MAPKAPK5","CEP55"
"BTK","EPHA2","CEP55"
"BTK","MAP3K8","CEP55"
"BTK","PTPRR","CEP55"
"BTK","FBLIM1","CEP55"
"BTK","TEC","CEP55"
"BTK","GRIP1","CEP55"
"BTK","TMIGD2","CEP55"
"BTK","CCR2","CEP55"
"BTK","STIP1","CEP55"
"BTK","ARRB2","CEP55"
"BTK","TRAF3","CEP55"
"BTK","CRTC2","CEP55"
"BTK","CD28","CEP55"
"BTK","FRS2","CEP55"
"BTK","IMPDH2","CEP55"
"BTK","SET","CEP55"
"BTK","PPP1R14A","CEP55"
"BTK","BCL10","CEP55"
"BTK","PIK3R6","CEP55"
"BTK","MRE11","CEP55"
"BTK","HDAC2","CEP55"
"BTK","KSR1","CEP55"
"BTK","MST1R","CEP55"
"BTK","ABI1","CEP55"
"BTK","RAD50","CEP55"
"BTK","TTI1","CEP55"
"BTK","WDFY3","CEP55"
"BTK","HOXB7","CEP55"
"BTK","RND1","CEP55"
"BTK","STING1","CEP55"
"BTK","CTDP1","CEP55"
"BTK","BLVRA","CEP55"
"BTK","GRB7","CEP55"
"BTK","BAZ1B","CEP55"
"BTK","PLCG2","CEP55"
"BTK","RBL2","CEP55"
"BTK","PABIR1","CEP55"
"BTK","MAPK3","A4/b1 integrin"
"BTK","AKT3","A4/b1 integrin"
"BTK","CHUK","A4/b1 integrin"
"BTK","AKT2","A4/b1 integrin"
"BTK","PTEN","A4/b1 integrin"
"BTK","PRKCQ","A4/b1 integrin"
"BTK","MTOR","A4/b1 integrin"
"BTK","AKT1","A4/b1 integrin"
"BTK","PRKG1","A4/b1 integrin"
"BTK","RPS6K","A4/b1 integrin"
"BTK","Gbeta","A4/b1 integrin"
"BTK","LCK","A4/b1 integrin"
"BTK","CDK9","A4/b1 integrin"
"BTK","ABL1","A4/b1 integrin"
"BTK","RPS6KA5","A4/b1 integrin"
"BTK","WNK1","A4/b1 integrin"
"BTK","PDPK1","A4/b1 integrin"
"BTK","SGK1","A4/b1 integrin"
"BTK","PRKCG","A4/b1 integrin"
"BTK","PRKCZ","A4/b1 integrin"
"BTK","CyclinD/CDK4","A4/b1 integrin"
"BTK","MAP3K1","A4/b1 integrin"
"BTK","MAP3K7","A4/b1 integrin"
"BTK","AKT","A4/b1 integrin"
"BTK","DOK1","A4/b1 integrin"
"BTK","MAP3K4","A4/b1 integrin"
"BTK","DAPK1","A4/b1 integrin"
"BTK","FGG","A4/b1 integrin"
"BTK","RPS6KA3","A4/b1 integrin"
"BTK","BCL3","A4/b1 integrin"
"BTK","DVL1","A4/b1 integrin"
"BTK","FZR1","A4/b1 integrin"
"BTK","SGK3","A4/b1 integrin"
"BTK","CCND1","A4/b1 integrin"
"BTK","ILK","A4/b1 integrin"
"BTK","SPRED1","A4/b1 integrin"
"BTK","PTPN7","A4/b1 integrin"
"BTK","FADD","A4/b1 integrin"
"BTK","STK38","A4/b1 integrin"
"BTK","TLK1","A4/b1 integrin"
"BTK","MAP4K1","A4/b1 integrin"
"BTK","IKK-complex","A4/b1 integrin"
"BTK","SHC1","A4/b1 integrin"
"BTK","TEC","A4/b1 integrin"
"BTK","VCP","A4/b1 integrin"
"BTK","GRIP1","A4/b1 integrin"
"BTK","TMIGD2","A4/b1 integrin"
"BTK","CCR2","A4/b1 integrin"
"BTK","PSTPIP1","A4/b1 integrin"
"BTK","TRAF3","A4/b1 integrin"
"BTK","CRTC2","A4/b1 integrin"
"BTK","CD28","A4/b1 integrin"
"BTK","FRS2","A4/b1 integrin"
"BTK","PIK3CG","A4/b1 integrin"
"BTK","SH2B2","A4/b1 integrin"
"BTK","TRPV1","A4/b1 integrin"
"BTK","PPP1R14A","A4/b1 integrin"
"BTK","BCL10","A4/b1 integrin"
"BTK","KSR1","A4/b1 integrin"
"BTK","MST1R","A4/b1 integrin"
"BTK","IFIH1","A4/b1 integrin"
"BTK","TTI1","A4/b1 integrin"
"BTK","HOXB7","A4/b1 integrin"
"BTK","STING1","A4/b1 integrin"
"BTK","NFKB1","A4/b1 integrin"
"BTK","CTDP1","A4/b1 integrin"
"BTK","CLSPN","A4/b1 integrin"
"BTK","MAPKAP1","A4/b1 integrin"
"BTK","BAZ1B","A4/b1 integrin"
"BTK","PPP1R14B","A4/b1 integrin"
"BTK","PABIR1","A4/b1 integrin"
"BTK","CHUK","SCN2A"
"BTK","AKT2","SCN2A"
"BTK","PTEN","SCN2A"
"BTK","PRKCQ","SCN2A"
"BTK","MTOR","SCN2A"
"BTK","PRKG1","SCN2A"
"BTK","CCP110","SCN2A"
"BTK","RPS6K","SCN2A"
"BTK","CALM2","SCN2A"
"BTK","ERK1/2","SCN2A"
"BTK","Gbeta","SCN2A"
"BTK","CDK9","SCN2A"
"BTK","ABL1","SCN2A"
"BTK","RPS6KA5","SCN2A"
"BTK","PDPK1","SCN2A"
"BTK","PRKCZ","SCN2A"
"BTK","MAP3K1","SCN2A"
"BTK","AKT","SCN2A"
"BTK","WWTR1","SCN2A"
"BTK","DOK1","SCN2A"
"BTK","MAP3K4","SCN2A"
"BTK","DAPK1","SCN2A"
"BTK","PXN","SCN2A"
"BTK","FGG","SCN2A"
"BTK","LEPR","SCN2A"
"BTK","RPS6KA3","SCN2A"
"BTK","DVL1","SCN2A"
"BTK","GRB2","SCN2A"
"BTK","ATR","SCN2A"
"BTK","PTK6","SCN2A"
"BTK","IKBKE","SCN2A"
"BTK","CCND1","SCN2A"
"BTK","PTPN7","SCN2A"
"BTK","CALM1","SCN2A"
"BTK","STK38","SCN2A"
"BTK","TLK1","SCN2A"
"BTK","C9orf72","SCN2A"
"BTK","CDKN2A","SCN2A"
"BTK","MAP4K1","SCN2A"
"BTK","RET","SCN2A"
"BTK","DDX41","SCN2A"
"BTK","IKK-complex","SCN2A"
"BTK","SHC1","SCN2A"
"BTK","RPS6KA4","SCN2A"
"BTK","RELA","SCN2A"
"BTK","MAPKAPK5","SCN2A"
"BTK","MAP3K8","SCN2A"
"BTK","PTPRR","SCN2A"
"BTK","CDKN1B","SCN2A"
"BTK","FBLIM1","SCN2A"
"BTK","TEC","SCN2A"
"BTK","GRIP1","SCN2A"
"BTK","TMIGD2","SCN2A"
"BTK","PSTPIP1","SCN2A"
"BTK","CD28","SCN2A"
"BTK","INPP5D","SCN2A"
"BTK","FRS2","SCN2A"
"BTK","CCNE1","SCN2A"
"BTK","IMPDH2","SCN2A"
"BTK","SET","SCN2A"
"BTK","PIK3CG","SCN2A"
"BTK","SH2B2","SCN2A"
"BTK","TRPV1","SCN2A"
"BTK","PPP1R14A","SCN2A"
"BTK","BCL10","SCN2A"
"BTK","HDAC2","SCN2A"
"BTK","KSR1","SCN2A"
"BTK","DDX58","SCN2A"
"BTK","UBXN2B","SCN2A"
"BTK","MST1R","SCN2A"
"BTK","ROR2","SCN2A"
"BTK","RAD50","SCN2A"
"BTK","TTI1","SCN2A"
"BTK","WDFY3","SCN2A"
"BTK","LRP6","SCN2A"
"BTK","GRB14","SCN2A"
"BTK","PIK3C3","SCN2A"
"BTK","RND1","SCN2A"
"BTK","STING1","SCN2A"
"BTK","SPEN","SCN2A"
"BTK","NFKB1","SCN2A"
"BTK","CTDP1","SCN2A"
"BTK","CLSPN","SCN2A"
"BTK","BAZ1B","SCN2A"
"BTK","PLCG2","SCN2A"
"BTK","PPP1R14B","SCN2A"
"BTK","PABIR1","SCN2A"
"BTK","MAPK3","A2/b1 integrin"
"BTK","CHUK","A2/b1 integrin"
"BTK","AKT2","A2/b1 integrin"
"BTK","PTEN","A2/b1 integrin"
"BTK","MTOR","A2/b1 integrin"
"BTK","AKT1","A2/b1 integrin"
"BTK","RPS6K","A2/b1 integrin"
"BTK","CALM2","A2/b1 integrin"
"BTK","CDK9","A2/b1 integrin"
"BTK","WNK1","A2/b1 integrin"
"BTK","PRKCG","A2/b1 integrin"
"BTK","PRKCZ","A2/b1 integrin"
"BTK","CyclinD/CDK4","A2/b1 integrin"
"BTK","MAP3K1","A2/b1 integrin"
"BTK","MAP3K7","A2/b1 integrin"
"BTK","AKT","A2/b1 integrin"
"BTK","WWTR1","A2/b1 integrin"
"BTK","DOK1","A2/b1 integrin"
"BTK","MAP3K4","A2/b1 integrin"
"BTK","PXN","A2/b1 integrin"
"BTK","RPS6KA3","A2/b1 integrin"
"BTK","BCL3","A2/b1 integrin"
"BTK","DVL1","A2/b1 integrin"
"BTK","FZR1","A2/b1 integrin"
"BTK","GRB2","A2/b1 integrin"
"BTK","PTK6","A2/b1 integrin"
"BTK","ILK","A2/b1 integrin"
"BTK","SPRED1","A2/b1 integrin"
"BTK","PTPN7","A2/b1 integrin"
"BTK","CALM1","A2/b1 integrin"
"BTK","TLK1","A2/b1 integrin"
"BTK","MAP4K1","A2/b1 integrin"
"BTK","DDX41","A2/b1 integrin"
"BTK","IKK-complex","A2/b1 integrin"
"BTK","NTRK1","A2/b1 integrin"
"BTK","GPSM3","A2/b1 integrin"
"BTK","RELA","A2/b1 integrin"
"BTK","EPHA2","A2/b1 integrin"
"BTK","MAP3K8","A2/b1 integrin"
"BTK","PTPRR","A2/b1 integrin"
"BTK","CDKN1B","A2/b1 integrin"
"BTK","FBLIM1","A2/b1 integrin"
"BTK","VCP","A2/b1 integrin"
"BTK","GRIP1","A2/b1 integrin"
"BTK","TMIGD2","A2/b1 integrin"
"BTK","CCR2","A2/b1 integrin"
"BTK","STIP1","A2/b1 integrin"
"BTK","ARRB2","A2/b1 integrin"
"BTK","TRAF3","A2/b1 integrin"
"BTK","CRTC2","A2/b1 integrin"
"BTK","CD28","A2/b1 integrin"
"BTK","INPP5D","A2/b1 integrin"
"BTK","PIK3CG","A2/b1 integrin"
"BTK","PPP1R14A","A2/b1 integrin"
"BTK","MRE11","A2/b1 integrin"
"BTK","UBXN2B","A2/b1 integrin"
"BTK","MST1R","A2/b1 integrin"
"BTK","ROR2","A2/b1 integrin"
"BTK","ABI1","A2/b1 integrin"
"BTK","IFIH1","A2/b1 integrin"
"BTK","RAD50","A2/b1 integrin"
"BTK","WDFY3","A2/b1 integrin"
"BTK","GRB14","A2/b1 integrin"
"BTK","HOXB7","A2/b1 integrin"
"BTK","RND1","A2/b1 integrin"
"BTK","STING1","A2/b1 integrin"
"BTK","SPEN","A2/b1 integrin"
"BTK","CTDP1","A2/b1 integrin"
"BTK","TELO2","A2/b1 integrin"
"BTK","CLSPN","A2/b1 integrin"
"BTK","MAPKAP1","A2/b1 integrin"
"BTK","PLCG2","A2/b1 integrin"
"BTK","PABIR1","A2/b1 integrin"
"BTK","MAPK3","SPIB"
"BTK","AKT3","SPIB"
"BTK","CHUK","SPIB"
"BTK","AKT2","SPIB"
"BTK","PTEN","SPIB"
"BTK","PRKCQ","SPIB"
"BTK","AKT1","SPIB"
"BTK","PRKG1","SPIB"
"BTK","CCP110","SPIB"
"BTK","RPS6K","SPIB"
"BTK","ERK1/2","SPIB"
"BTK","Gbeta","SPIB"
"BTK","LCK","SPIB"
"BTK","RPS6KA5","SPIB"
"BTK","WNK1","SPIB"
"BTK","SGK1","SPIB"
"BTK","MAP2K1","SPIB"
"BTK","PRKCB","SPIB"
"BTK","PRKCG","SPIB"
"BTK","CyclinD/CDK4","SPIB"
"BTK","AKT","SPIB"
"BTK","WWTR1","SPIB"
"BTK","DOK1","SPIB"
"BTK","MAP3K4","SPIB"
"BTK","FGG","SPIB"
"BTK","LEPR","SPIB"
"BTK","FZR1","SPIB"
"BTK","GRB2","SPIB"
"BTK","VCPIP1","SPIB"
"BTK","ATR","SPIB"
"BTK","SGK3","SPIB"
"BTK","PTK6","SPIB"
"BTK","IKBKE","SPIB"
"BTK","CCND1","SPIB"
"BTK","ILK","SPIB"
"BTK","STAP1","SPIB"
"BTK","TBK1","SPIB"
"BTK","SPRED1","SPIB"
"BTK","MEK1/2","SPIB"
"BTK","PTPN7","SPIB"
"BTK","FADD","SPIB"
"BTK","C9orf72","SPIB"
"BTK","MAP4K1","SPIB"
"BTK","SHC1","SPIB"
"BTK","NTRK1","SPIB"
"BTK","GPSM3","SPIB"
"BTK","RELA","SPIB"
"BTK","MAPKAPK5","SPIB"
"BTK","EPHA2","SPIB"
"BTK","MAP3K8","SPIB"
"BTK","CDKN1B","SPIB"
"BTK","GRIP1","SPIB"
"BTK","CCR2","SPIB"
"BTK","PSTPIP1","SPIB"
"BTK","ARRB2","SPIB"
"BTK","INPP5D","SPIB"
"BTK","FRS2","SPIB"
"BTK","CCNE1","SPIB"
"BTK","IMPDH2","SPIB"
"BTK","SET","SPIB"
"BTK","SH2B2","SPIB"
"BTK","TRPV1","SPIB"
"BTK","PPP1R14A","SPIB"
"BTK","BCL10","SPIB"
"BTK","PIK3R6","SPIB"
"BTK","DDX58","SPIB"
"BTK","UBXN2B","SPIB"
"BTK","MST1R","SPIB"
"BTK","ROR2","SPIB"
"BTK","ABI1","SPIB"
"BTK","IFIH1","SPIB"
"BTK","RAD50","SPIB"
"BTK","TTI1","SPIB"
"BTK","LRP6","SPIB"
"BTK","GRB14","SPIB"
"BTK","PIK3C3","SPIB"
"BTK","STING1","SPIB"
"BTK","NFKB1","SPIB"
"BTK","TELO2","SPIB"
"BTK","BLVRA","SPIB"
"BTK","CLSPN","SPIB"
"BTK","GRB7","SPIB"
"BTK","BAZ1B","SPIB"
"BTK","PPP1R14B","SPIB"
"BTK","PABIR1","SPIB"
"BTK","CHUK","CASP3"
"BTK","PTEN","CASP3"
"BTK","PRKCQ","CASP3"
"BTK","CALM2","CASP3"
"BTK","LCK","CASP3"
"BTK","ABL1","CASP3"
"BTK","PDPK1","CASP3"
"BTK","SGK1","CASP3"
"BTK","MAP2K1","CASP3"
"BTK","PRKCZ","CASP3"
"BTK","CyclinD/CDK4","CASP3"
"BTK","MAP3K7","CASP3"
"BTK","IKBKB","CASP3"
"BTK","DOK1","CASP3"
"BTK","MAP3K4","CASP3"
"BTK","DAPK1","CASP3"
"BTK","PXN","CASP3"
"BTK","LEPR","CASP3"
"BTK","RPS6KA3","CASP3"
"BTK","BCL3","CASP3"
"BTK","VCPIP1","CASP3"
"BTK","SGK3","CASP3"
"BTK","IKBKE","CASP3"
"BTK","ILK","CASP3"
"BTK","STAP1","CASP3"
"BTK","SPRED1","CASP3"
"BTK","MEK1/2","CASP3"
"BTK","FADD","CASP3"
"BTK","C9orf72","CASP3"
"BTK","MAP4K1","CASP3"
"BTK","SHC1","CASP3"
"BTK","NTRK1","CASP3"
"BTK","MAPKAPK5","CASP3"
"BTK","MAP3K8","CASP3"
"BTK","CDKN1B","CASP3"
"BTK","TEC","CASP3"
"BTK","TMIGD2","CASP3"
"BTK","CCR2","CASP3"
"BTK","PSTPIP1","CASP3"
"BTK","CRTC2","CASP3"
"BTK","CD28","CASP3"
"BTK","FRS2","CASP3"
"BTK","IMPDH2","CASP3"
"BTK","PPP1R14A","CASP3"
"BTK","MRE11","CASP3"
"BTK","HDAC2","CASP3"
"BTK","KSR1","CASP3"
"BTK","ABI1","CASP3"
"BTK","LRP6","CASP3"
"BTK","STING1","CASP3"
"BTK","SPEN","CASP3"
"BTK","GRB7","CASP3"
"BTK","MAPK3","EIF2B5"
"BTK","AKT3","EIF2B5"
"BTK","CHUK","EIF2B5"
"BTK","AKT2","EIF2B5"
"BTK","PRKCQ","EIF2B5"
"BTK","PRKG1","EIF2B5"
"BTK","CCP110","EIF2B5"
"BTK","RPS6K","EIF2B5"
"BTK","CALM2","EIF2B5"
"BTK","ERK1/2","EIF2B5"
"BTK","ABL1","EIF2B5"
"BTK","PDPK1","EIF2B5"
"BTK","MAP2K1","EIF2B5"
"BTK","PRKCZ","EIF2B5"
"BTK","IKBKB","EIF2B5"
"BTK","DOK1","EIF2B5"
"BTK","DAPK1","EIF2B5"
"BTK","FGG","EIF2B5"
"BTK","LEPR","EIF2B5"
"BTK","RPS6KA3","EIF2B5"
"BTK","BCL3","EIF2B5"
"BTK","VCPIP1","EIF2B5"
"BTK","ATR","EIF2B5"
"BTK","ILK","EIF2B5"
"BTK","STAP1","EIF2B5"
"BTK","CALM1","EIF2B5"
"BTK","C9orf72","EIF2B5"
"BTK","CDKN2A","EIF2B5"
"BTK","DDX41","EIF2B5"
"BTK","IKK-complex","EIF2B5"
"BTK","SHC1","EIF2B5"
"BTK","RPS6KA4","EIF2B5"
"BTK","GPSM3","EIF2B5"
"BTK","MAPKAPK5","EIF2B5"
"BTK","EPHA2","EIF2B5"
"BTK","PTPRR","EIF2B5"
"BTK","CDKN1B","EIF2B5"
"BTK","VCP","EIF2B5"
"BTK","GRIP1","EIF2B5"
"BTK","STIP1","EIF2B5"
"BTK","PSTPIP1","EIF2B5"
"BTK","ARRB2","EIF2B5"
"BTK","TRAF3","EIF2B5"
"BTK","INPP5D","EIF2B5"
"BTK","SET","EIF2B5"
"BTK","PPP1R14A","EIF2B5"
"BTK","PIK3R6","EIF2B5"
"BTK","KSR1","EIF2B5"
"BTK","UBXN2B","EIF2B5"
"BTK","MST1R","EIF2B5"
"BTK","ROR2","EIF2B5"
"BTK","TTI1","EIF2B5"
"BTK","LRP6","EIF2B5"
"BTK","HOXB7","EIF2B5"
"BTK","SPEN","EIF2B5"
"BTK","NFKB1","EIF2B5"
"BTK","CTDP1","EIF2B5"
"BTK","BLVRA","EIF2B5"
"BTK","RBL2","EIF2B5"
"BTK","MAPK3","ELAVL1"
"BTK","PRKCQ","ELAVL1"
"BTK","CCP110","ELAVL1"
"BTK","RPS6K","ELAVL1"
"BTK","CALM2","ELAVL1"
"BTK","Gbeta","ELAVL1"
"BTK","ABL1","ELAVL1"
"BTK","PRKCG","ELAVL1"
"BTK","PRKCZ","ELAVL1"
"BTK","CyclinD/CDK4","ELAVL1"
"BTK","MAP3K1","ELAVL1"
"BTK","IKBKB","ELAVL1"
"BTK","ITK","ELAVL1"
"BTK","RPS6KA3","ELAVL1"
"BTK","BCL3","ELAVL1"
"BTK","VCPIP1","ELAVL1"
"BTK","ILK","ELAVL1"
"BTK","SPRED1","ELAVL1"
"BTK","PTPN7","ELAVL1"
"BTK","STK38","ELAVL1"
"BTK","C9orf72","ELAVL1"
"BTK","NTRK1","ELAVL1"
"BTK","EPHA2","ELAVL1"
"BTK","MAP3K8","ELAVL1"
"BTK","TEC","ELAVL1"
"BTK","GRIP1","ELAVL1"
"BTK","CRTC2","ELAVL1"
"BTK","FRS2","ELAVL1"
"BTK","CCNE1","ELAVL1"
"BTK","BCL10","ELAVL1"
"BTK","UBXN2B","ELAVL1"
"BTK","MST1R","ELAVL1"
"BTK","ROR2","ELAVL1"
"BTK","RAD50","ELAVL1"
"BTK","WDFY3","ELAVL1"
"BTK","LRP6","ELAVL1"
"BTK","HOXB7","ELAVL1"
"BTK","PIK3C3","ELAVL1"
"BTK","RND1","ELAVL1"
"BTK","STING1","ELAVL1"
"BTK","SPEN","ELAVL1"
"BTK","CTDP1","ELAVL1"
"BTK","TELO2","ELAVL1"
"BTK","BLVRA","ELAVL1"
"BTK","MAPKAP1","ELAVL1"
"BTK","GRB7","ELAVL1"
"BTK","BAZ1B","ELAVL1"
"BTK","PLCG2","ELAVL1"
"BTK","PPP1R14B","ELAVL1"
"BTK","MAPK3","HNF4A"
"BTK","PTEN","HNF4A"
"BTK","PRKCQ","HNF4A"
"BTK","PRKG1","HNF4A"
"BTK","CCP110","HNF4A"
"BTK","ERK1/2","HNF4A"
"BTK","Gbeta","HNF4A"
"BTK","CDK9","HNF4A"
"BTK","ABL1","HNF4A"
"BTK","PDPK1","HNF4A"
"BTK","PRKCZ","HNF4A"
"BTK","MAP3K1","HNF4A"
"BTK","MAP3K7","HNF4A"
"BTK","WWTR1","HNF4A"
"BTK","DOK1","HNF4A"
"BTK","DAPK1","HNF4A"
"BTK","PXN","HNF4A"
"BTK","LEPR","HNF4A"
"BTK","BCL3","HNF4A"
"BTK","DVL1","HNF4A"
"BTK","FZR1","HNF4A"
"BTK","GRB2","HNF4A"
"BTK","VCPIP1","HNF4A"
"BTK","PTK6","HNF4A"
"BTK","IKBKE","HNF4A"
"BTK","ILK","HNF4A"
"BTK","STAP1","HNF4A"
"BTK","SPRED1","HNF4A"
"BTK","MEK1/2","HNF4A"
"BTK","CALM1","HNF4A"
"BTK","STK38","HNF4A"
"BTK","TLK1","HNF4A"
"BTK","C9orf72","HNF4A"
"BTK","CDKN2A","HNF4A"
"BTK","SHC1","HNF4A"
"BTK","RELA","HNF4A"
"BTK","EPHA2","HNF4A"
"BTK","CDKN1B","HNF4A"
"BTK","FBLIM1","HNF4A"
"BTK","TEC","HNF4A"
"BTK","VCP","HNF4A"
"BTK","TMIGD2","HNF4A"
"BTK","CCR2","HNF4A"
"BTK","ARRB2","HNF4A"
"BTK","TRAF3","HNF4A"
"BTK","INPP5D","HNF4A"
"BTK","CCNE1","HNF4A"
"BTK","IMPDH2","HNF4A"
"BTK","BCL10","HNF4A"
"BTK","PIK3R6","HNF4A"
"BTK","HDAC2","HNF4A"
"BTK","ROR2","HNF4A"
"BTK","TTI1","HNF4A"
"BTK","WDFY3","HNF4A"
"BTK","LRP6","HNF4A"
"BTK","HOXB7","HNF4A"
"BTK","PIK3C3","HNF4A"
"BTK","STING1","HNF4A"
"BTK","BLVRA","HNF4A"
"BTK","CLSPN","HNF4A"
"BTK","MAPKAP1","HNF4A"
"BTK","GRB7","HNF4A"
"BTK","BAZ1B","HNF4A"
"BTK","PLCG2","HNF4A"
"BTK","RBL2","HNF4A"
"BTK","AKT2","GRIA4"
"BTK","PTEN","GRIA4"
"BTK","MTOR","GRIA4"
"BTK","PRKG1","GRIA4"
"BTK","RPS6KA5","GRIA4"
"BTK","MAP2K1","GRIA4"
"BTK","PRKCG","GRIA4"
"BTK","MAP3K7","GRIA4"
"BTK","WWTR1","GRIA4"
"BTK","DOK1","GRIA4"
"BTK","PXN","GRIA4"
"BTK","RPS6KA3","GRIA4"
"BTK","SGK3","GRIA4"
"BTK","IKBKE","GRIA4"
"BTK","CCND1","GRIA4"
"BTK","ILK","GRIA4"
"BTK","STAP1","GRIA4"
"BTK","TBK1","GRIA4"
"BTK","SPRED1","GRIA4"
"BTK","STK38","GRIA4"
"BTK","TLK1","GRIA4"
"BTK","C9orf72","GRIA4"
"BTK","NTRK1","GRIA4"
"BTK","EPHA2","GRIA4"
"BTK","MAP3K8","GRIA4"
"BTK","VCP","GRIA4"
"BTK","TMIGD2","GRIA4"
"BTK","STIP1","GRIA4"
"BTK","PSTPIP1","GRIA4"
"BTK","ARRB2","GRIA4"
"BTK","TRAF3","GRIA4"
"BTK","CD28","GRIA4"
"BTK","FRS2","GRIA4"
"BTK","SET","GRIA4"
"BTK","PIK3CG","GRIA4"
"BTK","TRPV1","GRIA4"
"BTK","BCL10","GRIA4"
"BTK","PIK3R6","GRIA4"
"BTK","HDAC2","GRIA4"
"BTK","HOXB7","GRIA4"
"BTK","RND1","GRIA4"
"BTK","TELO2","GRIA4"
"BTK","CLSPN","GRIA4"
"BTK","MAPKAP1","GRIA4"
"BTK","BAZ1B","GRIA4"
"BTK","PLCG2","GRIA4"
"BTK","RBL2","GRIA4"
"BTK","PPP1R14B","GRIA4"
"BTK","PABIR1","GRIA4"
"BTK","MAPK3","LIPE"
"BTK","CHUK","LIPE"
"BTK","MTOR","LIPE"
"BTK","AKT1","LIPE"
"BTK","PRKG1","LIPE"
"BTK","RPS6K","LIPE"
"BTK","Gbeta","LIPE"
"BTK","PRKCZ","LIPE"
"BTK","DOK1","LIPE"
"BTK","BCL3","LIPE"
"BTK","GRB2","LIPE"
"BTK","ATR","LIPE"
"BTK","PTK6","LIPE"
"BTK","IKBKE","LIPE"
"BTK","CALM1","LIPE"
"BTK","STK38","LIPE"
"BTK","TLK1","LIPE"
"BTK","CDKN2A","LIPE"
"BTK","MAP4K1","LIPE"
"BTK","RPS6KA4","LIPE"
"BTK","GPSM3","LIPE"
"BTK","RELA","LIPE"
"BTK","EPHA2","LIPE"
"BTK","MAP3K8","LIPE"
"BTK","PTPRR","LIPE"
"BTK","FBLIM1","LIPE"
"BTK","STIP1","LIPE"
"BTK","PSTPIP1","LIPE"
"BTK","CD28","LIPE"
"BTK","INPP5D","LIPE"
"BTK","PPP1R14A","LIPE"
"BTK","BCL10","LIPE"
"BTK","KSR1","LIPE"
"BTK","UBXN2B","LIPE"
"BTK","ROR2","LIPE"
"BTK","IFIH1","LIPE"
"BTK","WDFY3","LIPE"
"BTK","PIK3C3","LIPE"
"BTK","NFKB1","LIPE"
"BTK","CTDP1","LIPE"
"BTK","PLCG2","LIPE"
"BTK","PPP1R14B","LIPE"
"BTK","MAPK3","JMJD1C"
"BTK","CHUK","JMJD1C"
"BTK","AKT2","JMJD1C"
"BTK","CCP110","JMJD1C"
"BTK","CALM2","JMJD1C"
"BTK","CDK9","JMJD1C"
"BTK","ABL1","JMJD1C"
"BTK","PDPK1","JMJD1C"
"BTK","SGK1","JMJD1C"
"BTK","PRKCG","JMJD1C"
"BTK","MAP3K7","JMJD1C"
"BTK","PXN","JMJD1C"
"BTK","FGG","JMJD1C"
"BTK","LEPR","JMJD1C"
"BTK","DVL1","JMJD1C"
"BTK","FZR1","JMJD1C"
"BTK","VCPIP1","JMJD1C"
"BTK","ATR","JMJD1C"
"BTK","SGK3","JMJD1C"
"BTK","PTK6","JMJD1C"
"BTK","ILK","JMJD1C"
"BTK","SPRED1","JMJD1C"
"BTK","TLK1","JMJD1C"
"BTK","DDX41","JMJD1C"
"BTK","RPS6KA4","JMJD1C"
"BTK","GPSM3","JMJD1C"
"BTK","RELA","JMJD1C"
"BTK","MAP3K8","JMJD1C"
"BTK","PTPRR","JMJD1C"
"BTK","FBLIM1","JMJD1C"
"BTK","CCR2","JMJD1C"
"BTK","CRTC2","JMJD1C"
"BTK","CD28","JMJD1C"
"BTK","INPP5D","JMJD1C"
"BTK","FRS2","JMJD1C"
"BTK","CCNE1","JMJD1C"
"BTK","PIK3CG","JMJD1C"
"BTK","SH2B2","JMJD1C"
"BTK","TRPV1","JMJD1C"
"BTK","PPP1R14A","JMJD1C"
"BTK","PIK3R6","JMJD1C"
"BTK","DDX58","JMJD1C"
"BTK","UBXN2B","JMJD1C"
"BTK","MST1R","JMJD1C"
"BTK","ROR2","JMJD1C"
"BTK","IFIH1","JMJD1C"
"BTK","GRB14","JMJD1C"
"BTK","NFKB1","JMJD1C"
"BTK","CTDP1","JMJD1C"
"BTK","BAZ1B","JMJD1C"
"BTK","PLCG2","JMJD1C"
"BTK","RBL2","JMJD1C"
"BTK","PPP1R14B","JMJD1C"
"BTK","PABIR1","JMJD1C"
"BTK","CHUK","STAT5B"
"BTK","PTEN","STAT5B"
"BTK","PRKCQ","STAT5B"
"BTK","MTOR","STAT5B"
"BTK","PRKG1","STAT5B"
"BTK","RPS6K","STAT5B"
"BTK","CALM2","STAT5B"
"BTK","Gbeta","STAT5B"
"BTK","WNK1","STAT5B"
"BTK","PDPK1","STAT5B"
"BTK","SGK1","STAT5B"
"BTK","PRKCB","STAT5B"
"BTK","PRKCG","STAT5B"
"BTK","PRKCZ","STAT5B"
"BTK","MAP3K1","STAT5B"
"BTK","MAP3K7","STAT5B"
"BTK","IKBKB","STAT5B"
"BTK","WWTR1","STAT5B"
"BTK","DAPK1","STAT5B"
"BTK","PXN","STAT5B"
"BTK","LEPR","STAT5B"
"BTK","ITK","STAT5B"
"BTK","RPS6KA3","STAT5B"
"BTK","BCL3","STAT5B"
"BTK","DVL1","STAT5B"
"BTK","FZR1","STAT5B"
"BTK","GRB2","STAT5B"
"BTK","VCPIP1","STAT5B"
"BTK","ATR","STAT5B"
"BTK","PTK6","STAT5B"
"BTK","IKBKE","STAT5B"
"BTK","ILK","STAT5B"
"BTK","TLK1","STAT5B"
"BTK","C9orf72","STAT5B"
"BTK","MAP4K1","STAT5B"
"BTK","DDX41","STAT5B"
"BTK","IKK-complex","STAT5B"
"BTK","SHC1","STAT5B"
"BTK","NTRK1","STAT5B"
"BTK","GPSM3","STAT5B"
"BTK","MAP3K8","STAT5B"
"BTK","VCP","STAT5B"
"BTK","TMIGD2","STAT5B"
"BTK","STIP1","STAT5B"
"BTK","CRTC2","STAT5B"
"BTK","CD28","STAT5B"
"BTK","INPP5D","STAT5B"
"BTK","FRS2","STAT5B"
"BTK","IMPDH2","STAT5B"
"BTK","PIK3CG","STAT5B"
"BTK","TRPV1","STAT5B"
"BTK","BCL10","STAT5B"
"BTK","MRE11","STAT5B"
"BTK","DDX58","STAT5B"
"BTK","WDFY3","STAT5B"
"BTK","PIK3C3","STAT5B"
"BTK","BLVRA","STAT5B"
"BTK","CLSPN","STAT5B"
"BTK","RBL2","STAT5B"
"BTK","PABIR1","STAT5B"
"BTK","AKT3","PTS"
"BTK","PTEN","PTS"
"BTK","PRKCQ","PTS"
"BTK","MTOR","PTS"
"BTK","CCP110","PTS"
"BTK","CALM2","PTS"
"BTK","ERK1/2","PTS"
"BTK","CyclinD/CDK4","PTS"
"BTK","MAP3K1","PTS"
"BTK","AKT","PTS"
"BTK","MAP3K4","PTS"
"BTK","DAPK1","PTS"
"BTK","RPS6KA3","PTS"
"BTK","FZR1","PTS"
"BTK","ATR","PTS"
"BTK","SGK3","PTS"
"BTK","PTK6","PTS"
"BTK","CCND1","PTS"
"BTK","TBK1","PTS"
"BTK","CALM1","PTS"
"BTK","RET","PTS"
"BTK","IKK-complex","PTS"
"BTK","RPS6KA4","PTS"
"BTK","GPSM3","PTS"
"BTK","MAPKAPK5","PTS"
"BTK","CDKN1B","PTS"
"BTK","GRIP1","PTS"
"BTK","ARRB2","PTS"
"BTK","CD28","PTS"
"BTK","INPP5D","PTS"
"BTK","CCNE1","PTS"
"BTK","TRPV1","PTS"
"BTK","PPP1R14A","PTS"
"BTK","MRE11","PTS"
"BTK","KSR1","PTS"
"BTK","DDX58","PTS"
"BTK","UBXN2B","PTS"
"BTK","MST1R","PTS"
"BTK","ROR2","PTS"
"BTK","ABI1","PTS"
"BTK","IFIH1","PTS"
"BTK","RAD50","PTS"
"BTK","TTI1","PTS"
"BTK","WDFY3","PTS"
"BTK","GRB14","PTS"
"BTK","HOXB7","PTS"
"BTK","RND1","PTS"
"BTK","MAPKAP1","PTS"
"BTK","GRB7","PTS"
"BTK","PLCG2","PTS"
"BTK","PPP1R14B","PTS"
"BTK","PABIR1","PTS"
"BTK","MAPK3","AGO2"
"BTK","CHUK","AGO2"
"BTK","AKT2","AGO2"
"BTK","AKT1","AGO2"
"BTK","CALM2","AGO2"
"BTK","Gbeta","AGO2"
"BTK","CDK9","AGO2"
"BTK","PDPK1","AGO2"
"BTK","MAP2K1","AGO2"
"BTK","PRKCB","AGO2"
"BTK","PRKCZ","AGO2"
"BTK","MAP3K1","AGO2"
"BTK","AKT","AGO2"
"BTK","WWTR1","AGO2"
"BTK","MAP3K4","AGO2"
"BTK","FGG","AGO2"
"BTK","BCL3","AGO2"
"BTK","FZR1","AGO2"
"BTK","GRB2","AGO2"
"BTK","SGK3","AGO2"
"BTK","PTK6","AGO2"
"BTK","ILK","AGO2"
"BTK","STAP1","AGO2"
"BTK","TBK1","AGO2"
"BTK","SPRED1","AGO2"
"BTK","PTPN7","AGO2"
"BTK","CALM1","AGO2"
"BTK","FADD","AGO2"
"BTK","STK38","AGO2"
"BTK","TLK1","AGO2"
"BTK","C9orf72","AGO2"
"BTK","CDKN2A","AGO2"
"BTK","MAP4K1","AGO2"
"BTK","DDX41","AGO2"
"BTK","IKK-complex","AGO2"
"BTK","CDKN1B","AGO2"
"BTK","VCP","AGO2"
"BTK","CCR2","AGO2"
"BTK","PSTPIP1","AGO2"
"BTK","ARRB2","AGO2"
"BTK","TRAF3","AGO2"
"BTK","CD28","AGO2"
"BTK","INPP5D","AGO2"
"BTK","IMPDH2","AGO2"
"BTK","SET","AGO2"
"BTK","SH2B2","AGO2"
"BTK","TRPV1","AGO2"
"BTK","PPP1R14A","AGO2"
"BTK","PIK3R6","AGO2"
"BTK","KSR1","AGO2"
"BTK","DDX58","AGO2"
"BTK","UBXN2B","AGO2"
"BTK","MST1R","AGO2"
"BTK","ROR2","AGO2"
"BTK","ABI1","AGO2"
"BTK","IFIH1","AGO2"
"BTK","TTI1","AGO2"
"BTK","WDFY3","AGO2"
"BTK","GRB14","AGO2"
"BTK","PIK3C3","AGO2"
"BTK","NFKB1","AGO2"
"BTK","TELO2","AGO2"
"BTK","CLSPN","AGO2"
"BTK","BAZ1B","AGO2"
"BTK","MAPK3","ITGB8"
"BTK","AKT2","ITGB8"
"BTK","PTEN","ITGB8"
"BTK","CCP110","ITGB8"
"BTK","RPS6K","ITGB8"
"BTK","CALM2","ITGB8"
"BTK","ERK1/2","ITGB8"
"BTK","LCK","ITGB8"
"BTK","PRKCB","ITGB8"
"BTK","PRKCG","ITGB8"
"BTK","PRKCZ","ITGB8"
"BTK","CyclinD/CDK4","ITGB8"
"BTK","MAP3K1","ITGB8"
"BTK","IKBKB","ITGB8"
"BTK","DOK1","ITGB8"
"BTK","DAPK1","ITGB8"
"BTK","PXN","ITGB8"
"BTK","DVL1","ITGB8"
"BTK","VCPIP1","ITGB8"
"BTK","ATR","ITGB8"
"BTK","SGK3","ITGB8"
"BTK","ILK","ITGB8"
"BTK","TBK1","ITGB8"
"BTK","MEK1/2","ITGB8"
"BTK","CALM1","ITGB8"
"BTK","FADD","ITGB8"
"BTK","STK38","ITGB8"
"BTK","C9orf72","ITGB8"
"BTK","CDKN2A","ITGB8"
"BTK","MAP4K1","ITGB8"
"BTK","RET","ITGB8"
"BTK","RPS6KA4","ITGB8"
"BTK","NTRK1","ITGB8"
"BTK","MAPKAPK5","ITGB8"
"BTK","EPHA2","ITGB8"
"BTK","MAP3K8","ITGB8"
"BTK","PTPRR","ITGB8"
"BTK","CDKN1B","ITGB8"
"BTK","FBLIM1","ITGB8"
"BTK","TEC","ITGB8"
"BTK","GRIP1","ITGB8"
"BTK","TMIGD2","ITGB8"
"BTK","CCR2","ITGB8"
"BTK","STIP1","ITGB8"
"BTK","PSTPIP1","ITGB8"
"BTK","TRAF3","ITGB8"
"BTK","FRS2","ITGB8"
"BTK","CCNE1","ITGB8"
"BTK","IMPDH2","ITGB8"
"BTK","SET","ITGB8"
"BTK","PIK3CG","ITGB8"
"BTK","TRPV1","ITGB8"
"BTK","PPP1R14A","ITGB8"
"BTK","ROR2","ITGB8"
"BTK","ABI1","ITGB8"
"BTK","RAD50","ITGB8"
"BTK","LRP6","ITGB8"
"BTK","PIK3C3","ITGB8"
"BTK","STING1","ITGB8"
"BTK","SPEN","ITGB8"
"BTK","CTDP1","ITGB8"
"BTK","CLSPN","ITGB8"
"BTK","GRB7","ITGB8"
"BTK","PLCG2","ITGB8"
"BTK","RBL2","ITGB8"
"BTK","PPP1R14B","ITGB8"
"BTK","PABIR1","ITGB8"
"BTK","PLCG2","IL16"
"BTK","MAPK3","MAP4"
"BTK","AKT3","MAP4"
"BTK","PTEN","MAP4"
"BTK","PRKCQ","MAP4"
"BTK","MTOR","MAP4"
"BTK","PRKG1","MAP4"
"BTK","CCP110","MAP4"
"BTK","CDK9","MAP4"
"BTK","SGK1","MAP4"
"BTK","PRKCZ","MAP4"
"BTK","CyclinD/CDK4","MAP4"
"BTK","MAP3K7","MAP4"
"BTK","AKT","MAP4"
"BTK","WWTR1","MAP4"
"BTK","DOK1","MAP4"
"BTK","MAP3K4","MAP4"
"BTK","PXN","MAP4"
"BTK","FGG","MAP4"
"BTK","RPS6KA3","MAP4"
"BTK","FZR1","MAP4"
"BTK","VCPIP1","MAP4"
"BTK","ATR","MAP4"
"BTK","SGK3","MAP4"
"BTK","PTK6","MAP4"
"BTK","IKBKE","MAP4"
"BTK","ILK","MAP4"
"BTK","PTPN7","MAP4"
"BTK","TLK1","MAP4"
"BTK","CDKN2A","MAP4"
"BTK","RET","MAP4"
"BTK","SHC1","MAP4"
"BTK","RELA","MAP4"
"BTK","MAP3K8","MAP4"
"BTK","PTPRR","MAP4"
"BTK","TMIGD2","MAP4"
"BTK","CCR2","MAP4"
"BTK","PSTPIP1","MAP4"
"BTK","ARRB2","MAP4"
"BTK","INPP5D","MAP4"
"BTK","IMPDH2","MAP4"
"BTK","SET","MAP4"
"BTK","SH2B2","MAP4"
"BTK","PPP1R14A","MAP4"
"BTK","BCL10","MAP4"
"BTK","PIK3R6","MAP4"
"BTK","MRE11","MAP4"
"BTK","HDAC2","MAP4"
"BTK","KSR1","MAP4"
"BTK","DDX58","MAP4"
"BTK","ROR2","MAP4"
"BTK","ABI1","MAP4"
"BTK","IFIH1","MAP4"
"BTK","WDFY3","MAP4"
"BTK","STING1","MAP4"
"BTK","TELO2","MAP4"
"BTK","BLVRA","MAP4"
"BTK","GRB7","MAP4"
"BTK","BAZ1B","MAP4"
"BTK","PLCG2","MAP4"
"BTK","PPP1R14B","MAP4"
"BTK","PABIR1","MAP4"
"BTK","AKT3","CCR4-NOT complex"
"BTK","CHUK","CCR4-NOT complex"
"BTK","AKT2","CCR4-NOT complex"
"BTK","MTOR","CCR4-NOT complex"
"BTK","AKT1","CCR4-NOT complex"
"BTK","CCP110","CCR4-NOT complex"
"BTK","ERK1/2","CCR4-NOT complex"
"BTK","Gbeta","CCR4-NOT complex"
"BTK","LCK","CCR4-NOT complex"
"BTK","CDK9","CCR4-NOT complex"
"BTK","RPS6KA5","CCR4-NOT complex"
"BTK","WNK1","CCR4-NOT complex"
"BTK","PDPK1","CCR4-NOT complex"
"BTK","SGK1","CCR4-NOT complex"
"BTK","CyclinD/CDK4","CCR4-NOT complex"
"BTK","IKBKB","CCR4-NOT complex"
"BTK","DOK1","CCR4-NOT complex"
"BTK","DAPK1","CCR4-NOT complex"
"BTK","FGG","CCR4-NOT complex"
"BTK","LEPR","CCR4-NOT complex"
"BTK","VCPIP1","CCR4-NOT complex"
"BTK","ATR","CCR4-NOT complex"
"BTK","ILK","CCR4-NOT complex"
"BTK","STAP1","CCR4-NOT complex"
"BTK","CALM1","CCR4-NOT complex"
"BTK","STK38","CCR4-NOT complex"
"BTK","CDKN2A","CCR4-NOT complex"
"BTK","SHC1","CCR4-NOT complex"
"BTK","RPS6KA4","CCR4-NOT complex"
"BTK","RELA","CCR4-NOT complex"
"BTK","MAP3K8","CCR4-NOT complex"
"BTK","TEC","CCR4-NOT complex"
"BTK","GRIP1","CCR4-NOT complex"
"BTK","CRTC2","CCR4-NOT complex"
"BTK","CD28","CCR4-NOT complex"
"BTK","INPP5D","CCR4-NOT complex"
"BTK","IMPDH2","CCR4-NOT complex"
"BTK","SET","CCR4-NOT complex"
"BTK","TRPV1","CCR4-NOT complex"
"BTK","PPP1R14A","CCR4-NOT complex"
"BTK","MRE11","CCR4-NOT complex"
"BTK","KSR1","CCR4-NOT complex"
"BTK","DDX58","CCR4-NOT complex"
"BTK","ROR2","CCR4-NOT complex"
"BTK","IFIH1","CCR4-NOT complex"
"BTK","TTI1","CCR4-NOT complex"
"BTK","WDFY3","CCR4-NOT complex"
"BTK","GRB14","CCR4-NOT complex"
"BTK","RND1","CCR4-NOT complex"
"BTK","STING1","CCR4-NOT complex"
"BTK","BLVRA","CCR4-NOT complex"
"BTK","GRB7","CCR4-NOT complex"
"BTK","MAPK3","WASF3"
"BTK","AKT3","WASF3"
"BTK","CCP110","WASF3"
"BTK","RPS6K","WASF3"
"BTK","Gbeta","WASF3"
"BTK","RPS6KA5","WASF3"
"BTK","PRKCB","WASF3"
"BTK","MAP3K1","WASF3"
"BTK","AKT","WASF3"
"BTK","DOK1","WASF3"
"BTK","MAP3K4","WASF3"
"BTK","DAPK1","WASF3"
"BTK","FGG","WASF3"
"BTK","ITK","WASF3"
"BTK","BCL3","WASF3"
"BTK","DVL1","WASF3"
"BTK","FZR1","WASF3"
"BTK","SGK3","WASF3"
"BTK","STAP1","WASF3"
"BTK","TBK1","WASF3"
"BTK","SPRED1","WASF3"
"BTK","PTPN7","WASF3"
"BTK","CDKN2A","WASF3"
"BTK","MAP4K1","WASF3"
"BTK","IKK-complex","WASF3"
"BTK","RELA","WASF3"
"BTK","MAPKAPK5","WASF3"
"BTK","MAP3K8","WASF3"
"BTK","CDKN1B","WASF3"
"BTK","FBLIM1","WASF3"
"BTK","TEC","WASF3"
"BTK","TMIGD2","WASF3"
"BTK","TRAF3","WASF3"
"BTK","CRTC2","WASF3"
"BTK","INPP5D","WASF3"
"BTK","CCNE1","WASF3"
"BTK","IMPDH2","WASF3"
"BTK","SET","WASF3"
"BTK","PIK3CG","WASF3"
"BTK","PPP1R14A","WASF3"
"BTK","RAD50","WASF3"
"BTK","LRP6","WASF3"
"BTK","HOXB7","WASF3"
"BTK","RND1","WASF3"
"BTK","STING1","WASF3"
"BTK","SPEN","WASF3"
"BTK","NFKB1","WASF3"
"BTK","CTDP1","WASF3"
"BTK","TELO2","WASF3"
"BTK","BLVRA","WASF3"
"BTK","CLSPN","WASF3"
"BTK","MAPKAP1","WASF3"
"BTK","BAZ1B","WASF3"
"BTK","PLCG2","WASF3"
"BTK","PABIR1","WASF3"
"BTK","TBK1","NR4A1"
"BTK","DDX41","NR4A1"
"BTK","STING1","NR4A1"
"BTK","AKT3","CD5"
"BTK","CHUK","CD5"
"BTK","PTEN","CD5"
"BTK","PRKCQ","CD5"
"BTK","MTOR","CD5"
"BTK","AKT1","CD5"
"BTK","PRKG1","CD5"
"BTK","CCP110","CD5"
"BTK","RPS6K","CD5"
"BTK","CALM2","CD5"
"BTK","ERK1/2","CD5"
"BTK","Gbeta","CD5"
"BTK","CDK9","CD5"
"BTK","ABL1","CD5"
"BTK","RPS6KA5","CD5"
"BTK","WNK1","CD5"
"BTK","PDPK1","CD5"
"BTK","SGK1","CD5"
"BTK","MAP2K1","CD5"
"BTK","PRKCB","CD5"
"BTK","PRKCG","CD5"
"BTK","PRKCZ","CD5"
"BTK","CyclinD/CDK4","CD5"
"BTK","MAP3K1","CD5"
"BTK","WWTR1","CD5"
"BTK","DOK1","CD5"
"BTK","LEPR","CD5"
"BTK","DVL1","CD5"
"BTK","FZR1","CD5"
"BTK","GRB2","CD5"
"BTK","VCPIP1","CD5"
"BTK","ATR","CD5"
"BTK","SGK3","CD5"
"BTK","PTK6","CD5"
"BTK","CCND1","CD5"
"BTK","STAP1","CD5"
"BTK","TBK1","CD5"
"BTK","MEK1/2","CD5"
"BTK","PTPN7","CD5"
"BTK","CALM1","CD5"
"BTK","STK38","CD5"
"BTK","CDKN2A","CD5"
"BTK","MAP4K1","CD5"
"BTK","IKK-complex","CD5"
"BTK","RPS6KA4","CD5"
"BTK","NTRK1","CD5"
"BTK","GPSM3","CD5"
"BTK","RELA","CD5"
"BTK","MAPKAPK5","CD5"
"BTK","EPHA2","CD5"
"BTK","MAP3K8","CD5"
"BTK","PTPRR","CD5"
"BTK","FBLIM1","CD5"
"BTK","VCP","CD5"
"BTK","GRIP1","CD5"
"BTK","TMIGD2","CD5"
"BTK","STIP1","CD5"
"BTK","PSTPIP1","CD5"
"BTK","ARRB2","CD5"
"BTK","CD28","CD5"
"BTK","INPP5D","CD5"
"BTK","CCNE1","CD5"
"BTK","IMPDH2","CD5"
"BTK","SET","CD5"
"BTK","PIK3CG","CD5"
"BTK","TRPV1","CD5"
"BTK","PPP1R14A","CD5"
"BTK","PIK3R6","CD5"
"BTK","KSR1","CD5"
"BTK","DDX58","CD5"
"BTK","ROR2","CD5"
"BTK","ABI1","CD5"
"BTK","TTI1","CD5"
"BTK","GRB14","CD5"
"BTK","HOXB7","CD5"
"BTK","RND1","CD5"
"BTK","STING1","CD5"
"BTK","SPEN","CD5"
"BTK","NFKB1","CD5"
"BTK","CTDP1","CD5"
"BTK","CLSPN","CD5"
"BTK","GRB7","CD5"
"BTK","BAZ1B","CD5"
"BTK","RBL2","CD5"
"BTK","PPP1R14B","CD5"
"BTK","PABIR1","CD5"
"BTK","PRKCQ","GORASP1"
"BTK","PRKG1","GORASP1"
"BTK","RPS6K","GORASP1"
"BTK","CALM2","GORASP1"
"BTK","LCK","GORASP1"
"BTK","CDK9","GORASP1"
"BTK","ABL1","GORASP1"
"BTK","WNK1","GORASP1"
"BTK","PDPK1","GORASP1"
"BTK","SGK1","GORASP1"
"BTK","MAP2K1","GORASP1"
"BTK","PRKCB","GORASP1"
"BTK","PRKCZ","GORASP1"
"BTK","MAP3K1","GORASP1"
"BTK","IKBKB","GORASP1"
"BTK","DOK1","GORASP1"
"BTK","DAPK1","GORASP1"
"BTK","FGG","GORASP1"
"BTK","ITK","GORASP1"
"BTK","RPS6KA3","GORASP1"
"BTK","DVL1","GORASP1"
"BTK","ATR","GORASP1"
"BTK","SGK3","GORASP1"
"BTK","PTPN7","GORASP1"
"BTK","FADD","GORASP1"
"BTK","TLK1","GORASP1"
"BTK","CDKN2A","GORASP1"
"BTK","RET","GORASP1"
"BTK","DDX41","GORASP1"
"BTK","IKK-complex","GORASP1"
"BTK","SHC1","GORASP1"
"BTK","NTRK1","GORASP1"
"BTK","MAP3K8","GORASP1"
"BTK","PTPRR","GORASP1"
"BTK","CDKN1B","GORASP1"
"BTK","FBLIM1","GORASP1"
"BTK","VCP","GORASP1"
"BTK","GRIP1","GORASP1"
"BTK","TMIGD2","GORASP1"
"BTK","STIP1","GORASP1"
"BTK","PSTPIP1","GORASP1"
"BTK","ARRB2","GORASP1"
"BTK","TRAF3","GORASP1"
"BTK","CRTC2","GORASP1"
"BTK","INPP5D","GORASP1"
"BTK","CCNE1","GORASP1"
"BTK","PIK3CG","GORASP1"
"BTK","TRPV1","GORASP1"
"BTK","BCL10","GORASP1"
"BTK","MRE11","GORASP1"
"BTK","KSR1","GORASP1"
"BTK","DDX58","GORASP1"
"BTK","UBXN2B","GORASP1"
"BTK","MST1R","GORASP1"
"BTK","ROR2","GORASP1"
"BTK","ABI1","GORASP1"
"BTK","IFIH1","GORASP1"
"BTK","RAD50","GORASP1"
"BTK","TTI1","GORASP1"
"BTK","PIK3C3","GORASP1"
"BTK","STING1","GORASP1"
"BTK","SPEN","GORASP1"
"BTK","BLVRA","GORASP1"
"BTK","CLSPN","GORASP1"
"BTK","MAPKAP1","GORASP1"
"BTK","GRB7","GORASP1"
"BTK","BAZ1B","GORASP1"
"BTK","RBL2","GORASP1"
"BTK","PPP1R14B","GORASP1"
"BTK","PABIR1","GORASP1"
"BTK","MAPK3","JUND"
"BTK","AKT3","JUND"
"BTK","PRKCQ","JUND"
"BTK","MTOR","JUND"
"BTK","AKT1","JUND"
"BTK","PRKG1","JUND"
"BTK","CCP110","JUND"
"BTK","RPS6K","JUND"
"BTK","CALM2","JUND"
"BTK","ERK1/2","JUND"
"BTK","CDK9","JUND"
"BTK","RPS6KA5","JUND"
"BTK","PDPK1","JUND"
"BTK","SGK1","JUND"
"BTK","MAP2K1","JUND"
"BTK","PRKCB","JUND"
"BTK","PRKCG","JUND"
"BTK","PRKCZ","JUND"
"BTK","CyclinD/CDK4","JUND"
"BTK","MAP3K1","JUND"
"BTK","MAP3K7","JUND"
"BTK","AKT","JUND"
"BTK","IKBKB","JUND"
"BTK","WWTR1","JUND"
"BTK","DOK1","JUND"
"BTK","MAP3K4","JUND"
"BTK","PXN","JUND"
"BTK","FGG","JUND"
"BTK","ITK","JUND"
"BTK","RPS6KA3","JUND"
"BTK","BCL3","JUND"
"BTK","FZR1","JUND"
"BTK","VCPIP1","JUND"
"BTK","SGK3","JUND"
"BTK","PTK6","JUND"
"BTK","IKBKE","JUND"
"BTK","TBK1","JUND"
"BTK","SPRED1","JUND"
"BTK","CALM1","JUND"
"BTK","FADD","JUND"
"BTK","CDKN2A","JUND"
"BTK","MAP4K1","JUND"
"BTK","RPS6KA4","JUND"
"BTK","RELA","JUND"
"BTK","EPHA2","JUND"
"BTK","CDKN1B","JUND"
"BTK","FBLIM1","JUND"
"BTK","TEC","JUND"
"BTK","VCP","JUND"
"BTK","TMIGD2","JUND"
"BTK","TRAF3","JUND"
"BTK","FRS2","JUND"
"BTK","IMPDH2","JUND"
"BTK","PIK3CG","JUND"
"BTK","MRE11","JUND"
"BTK","HDAC2","JUND"
"BTK","IFIH1","JUND"
"BTK","LRP6","JUND"
"BTK","HOXB7","JUND"
"BTK","NFKB1","JUND"
"BTK","CTDP1","JUND"
"BTK","BAZ1B","JUND"
"BTK","PLCG2","JUND"
"BTK","RBL2","JUND"
"BTK","PABIR1","JUND"
"BTK","MAPK3","NUP50"
"BTK","AKT3","NUP50"
"BTK","PRKG1","NUP50"
"BTK","CCP110","NUP50"
"BTK","CALM2","NUP50"
"BTK","Gbeta","NUP50"
"BTK","PRKCB","NUP50"
"BTK","MAP3K1","NUP50"
"BTK","AKT","NUP50"
"BTK","MAP3K4","NUP50"
"BTK","DAPK1","NUP50"
"BTK","FGG","NUP50"
"BTK","DVL1","NUP50"
"BTK","VCPIP1","NUP50"
"BTK","PTK6","NUP50"
"BTK","STAP1","NUP50"
"BTK","FADD","NUP50"
"BTK","TLK1","NUP50"
"BTK","C9orf72","NUP50"
"BTK","CDKN2A","NUP50"
"BTK","MAP4K1","NUP50"
"BTK","RET","NUP50"
"BTK","SHC1","NUP50"
"BTK","RPS6KA4","NUP50"
"BTK","EPHA2","NUP50"
"BTK","PTPRR","NUP50"
"BTK","CCR2","NUP50"
"BTK","STIP1","NUP50"
"BTK","SET","NUP50"
"BTK","SH2B2","NUP50"
"BTK","TRPV1","NUP50"
"BTK","PPP1R14A","NUP50"
"BTK","PIK3R6","NUP50"
"BTK","MRE11","NUP50"
"BTK","HDAC2","NUP50"
"BTK","MST1R","NUP50"
"BTK","IFIH1","NUP50"
"BTK","LRP6","NUP50"
"BTK","GRB14","NUP50"
"BTK","PIK3C3","NUP50"
"BTK","NFKB1","NUP50"
"BTK","TELO2","NUP50"
"BTK","BLVRA","NUP50"
"BTK","GRB7","NUP50"
"BTK","MAPK3","PINX1"
"BTK","AKT2","PINX1"
"BTK","CCP110","PINX1"
"BTK","ERK1/2","PINX1"
"BTK","Gbeta","PINX1"
"BTK","SGK1","PINX1"
"BTK","PRKCG","PINX1"
"BTK","MAP3K1","PINX1"
"BTK","AKT","PINX1"
"BTK","MAP3K4","PINX1"
"BTK","DAPK1","PINX1"
"BTK","PXN","PINX1"
"BTK","DVL1","PINX1"
"BTK","FZR1","PINX1"
"BTK","SGK3","PINX1"
"BTK","IKBKE","PINX1"
"BTK","ILK","PINX1"
"BTK","CALM1","PINX1"
"BTK","FADD","PINX1"
"BTK","DDX41","PINX1"
"BTK","NTRK1","PINX1"
"BTK","RELA","PINX1"
"BTK","MAP3K8","PINX1"
"BTK","CDKN1B","PINX1"
"BTK","CCR2","PINX1"
"BTK","STIP1","PINX1"
"BTK","PSTPIP1","PINX1"
"BTK","ARRB2","PINX1"
"BTK","CRTC2","PINX1"
"BTK","CD28","PINX1"
"BTK","INPP5D","PINX1"
"BTK","TRPV1","PINX1"
"BTK","PPP1R14A","PINX1"
"BTK","PIK3R6","PINX1"
"BTK","HDAC2","PINX1"
"BTK","ABI1","PINX1"
"BTK","TTI1","PINX1"
"BTK","HOXB7","PINX1"
"BTK","RND1","PINX1"
"BTK","CTDP1","PINX1"
"BTK","CLSPN","PINX1"
"BTK","PPP1R14B","PINX1"
"BTK","MAPK3","ARID3A"
"BTK","CCP110","ARID3A"
"BTK","ERK1/2","ARID3A"
"BTK","ABL1","ARID3A"
"BTK","WNK1","ARID3A"
"BTK","MAP2K1","ARID3A"
"BTK","PRKCG","ARID3A"
"BTK","PRKCZ","ARID3A"
"BTK","MAP3K1","ARID3A"
"BTK","VCPIP1","ARID3A"
"BTK","ATR","ARID3A"
"BTK","CALM1","ARID3A"
"BTK","FADD","ARID3A"
"BTK","STK38","ARID3A"
"BTK","C9orf72","ARID3A"
"BTK","RET","ARID3A"
"BTK","DDX41","ARID3A"
"BTK","GPSM3","ARID3A"
"BTK","RELA","ARID3A"
"BTK","EPHA2","ARID3A"
"BTK","MAP3K8","ARID3A"
"BTK","PTPRR","ARID3A"
"BTK","CDKN1B","ARID3A"
"BTK","TMIGD2","ARID3A"
"BTK","CCR2","ARID3A"
"BTK","PSTPIP1","ARID3A"
"BTK","SH2B2","ARID3A"
"BTK","MRE11","ARID3A"
"BTK","HDAC2","ARID3A"
"BTK","MST1R","ARID3A"
"BTK","IFIH1","ARID3A"
"BTK","LRP6","ARID3A"
"BTK","PIK3C3","ARID3A"
"BTK","GRB7","ARID3A"
"BTK","PRKCQ","ALOX5"
"BTK","MTOR","ALOX5"
"BTK","CALM2","ALOX5"
"BTK","Gbeta","ALOX5"
"BTK","WNK1","ALOX5"
"BTK","PDPK1","ALOX5"
"BTK","PRKCB","ALOX5"
"BTK","CyclinD/CDK4","ALOX5"
"BTK","AKT","ALOX5"
"BTK","LEPR","ALOX5"
"BTK","DVL1","ALOX5"
"BTK","FZR1","ALOX5"
"BTK","VCPIP1","ALOX5"
"BTK","PTK6","ALOX5"
"BTK","IKBKE","ALOX5"
"BTK","SPRED1","ALOX5"
"BTK","CALM1","ALOX5"
"BTK","TLK1","ALOX5"
"BTK","C9orf72","ALOX5"
"BTK","CDKN2A","ALOX5"
"BTK","MAP4K1","ALOX5"
"BTK","IKK-complex","ALOX5"
"BTK","RELA","ALOX5"
"BTK","MAPKAPK5","ALOX5"
"BTK","CDKN1B","ALOX5"
"BTK","FBLIM1","ALOX5"
"BTK","ARRB2","ALOX5"
"BTK","CRTC2","ALOX5"
"BTK","INPP5D","ALOX5"
"BTK","FRS2","ALOX5"
"BTK","IMPDH2","ALOX5"
"BTK","TRPV1","ALOX5"
"BTK","MRE11","ALOX5"
"BTK","MST1R","ALOX5"
"BTK","IFIH1","ALOX5"
"BTK","RAD50","ALOX5"
"BTK","WDFY3","ALOX5"
"BTK","PIK3C3","ALOX5"
"BTK","RND1","ALOX5"
"BTK","STING1","ALOX5"
"BTK","CLSPN","ALOX5"
"BTK","MAPK3","SNCB"
"BTK","MTOR","SNCB"
"BTK","AKT1","SNCB"
"BTK","CCP110","SNCB"
"BTK","Gbeta","SNCB"
"BTK","LCK","SNCB"
"BTK","CDK9","SNCB"
"BTK","PDPK1","SNCB"
"BTK","MAP3K1","SNCB"
"BTK","LEPR","SNCB"
"BTK","DVL1","SNCB"
"BTK","CCND1","SNCB"
"BTK","SPRED1","SNCB"
"BTK","MEK1/2","SNCB"
"BTK","PTPN7","SNCB"
"BTK","MAP4K1","SNCB"
"BTK","IKK-complex","SNCB"
"BTK","MAPKAPK5","SNCB"
"BTK","TEC","SNCB"
"BTK","CCNE1","SNCB"
"BTK","UBXN2B","SNCB"
"BTK","IFIH1","SNCB"
"BTK","RAD50","SNCB"
"BTK","TTI1","SNCB"
"BTK","WDFY3","SNCB"
"BTK","LRP6","SNCB"
"BTK","GRB14","SNCB"
"BTK","HOXB7","SNCB"
"BTK","PIK3C3","SNCB"
"BTK","RND1","SNCB"
"BTK","STING1","SNCB"
"BTK","NFKB1","SNCB"
"BTK","TELO2","SNCB"
"BTK","MAPKAP1","SNCB"
"BTK","BAZ1B","SNCB"
"BTK","PPP1R14B","SNCB"
"BTK","MAPK3","ESCO1"
"BTK","CHUK","ESCO1"
"BTK","AKT2","ESCO1"
"BTK","PTEN","ESCO1"
"BTK","PRKCQ","ESCO1"
"BTK","MTOR","ESCO1"
"BTK","AKT1","ESCO1"
"BTK","PRKG1","ESCO1"
"BTK","CCP110","ESCO1"
"BTK","RPS6K","ESCO1"
"BTK","CDK9","ESCO1"
"BTK","RPS6KA5","ESCO1"
"BTK","WNK1","ESCO1"
"BTK","PRKCB","ESCO1"
"BTK","PRKCG","ESCO1"
"BTK","PRKCZ","ESCO1"
"BTK","CyclinD/CDK4","ESCO1"
"BTK","MAP3K1","ESCO1"
"BTK","AKT","ESCO1"
"BTK","IKBKB","ESCO1"
"BTK","WWTR1","ESCO1"
"BTK","MAP3K4","ESCO1"
"BTK","LEPR","ESCO1"
"BTK","ITK","ESCO1"
"BTK","RPS6KA3","ESCO1"
"BTK","BCL3","ESCO1"
"BTK","DVL1","ESCO1"
"BTK","FZR1","ESCO1"
"BTK","GRB2","ESCO1"
"BTK","VCPIP1","ESCO1"
"BTK","SGK3","ESCO1"
"BTK","PTK6","ESCO1"
"BTK","CCND1","ESCO1"
"BTK","STAP1","ESCO1"
"BTK","TBK1","ESCO1"
"BTK","SPRED1","ESCO1"
"BTK","PTPN7","ESCO1"
"BTK","CDKN2A","ESCO1"
"BTK","MAP4K1","ESCO1"
"BTK","RET","ESCO1"
"BTK","DDX41","ESCO1"
"BTK","IKK-complex","ESCO1"
"BTK","SHC1","ESCO1"
"BTK","RPS6KA4","ESCO1"
"BTK","GPSM3","ESCO1"
"BTK","RELA","ESCO1"
"BTK","MAPKAPK5","ESCO1"
"BTK","EPHA2","ESCO1"
"BTK","PTPRR","ESCO1"
"BTK","CDKN1B","ESCO1"
"BTK","FBLIM1","ESCO1"
"BTK","VCP","ESCO1"
"BTK","TMIGD2","ESCO1"
"BTK","PSTPIP1","ESCO1"
"BTK","ARRB2","ESCO1"
"BTK","TRAF3","ESCO1"
"BTK","CD28","ESCO1"
"BTK","INPP5D","ESCO1"
"BTK","CCNE1","ESCO1"
"BTK","IMPDH2","ESCO1"
"BTK","SET","ESCO1"
"BTK","SH2B2","ESCO1"
"BTK","PIK3R6","ESCO1"
"BTK","MRE11","ESCO1"
"BTK","DDX58","ESCO1"
"BTK","UBXN2B","ESCO1"
"BTK","ABI1","ESCO1"
"BTK","IFIH1","ESCO1"
"BTK","RAD50","ESCO1"
"BTK","TTI1","ESCO1"
"BTK","LRP6","ESCO1"
"BTK","GRB14","ESCO1"
"BTK","HOXB7","ESCO1"
"BTK","PIK3C3","ESCO1"
"BTK","RND1","ESCO1"
"BTK","SPEN","ESCO1"
"BTK","TELO2","ESCO1"
"BTK","BLVRA","ESCO1"
"BTK","CLSPN","ESCO1"
"BTK","MAPKAP1","ESCO1"
"BTK","BAZ1B","ESCO1"
"BTK","PLCG2","ESCO1"
"BTK","AKT3","GRIN2B"
"BTK","AKT2","GRIN2B"
"BTK","PTEN","GRIN2B"
"BTK","MTOR","GRIN2B"
"BTK","PRKG1","GRIN2B"
"BTK","CCP110","GRIN2B"
"BTK","ERK1/2","GRIN2B"
"BTK","Gbeta","GRIN2B"
"BTK","CDK9","GRIN2B"
"BTK","ABL1","GRIN2B"
"BTK","RPS6KA5","GRIN2B"
"BTK","WNK1","GRIN2B"
"BTK","PDPK1","GRIN2B"
"BTK","SGK1","GRIN2B"
"BTK","MAP2K1","GRIN2B"
"BTK","PRKCB","GRIN2B"
"BTK","CyclinD/CDK4","GRIN2B"
"BTK","AKT","GRIN2B"
"BTK","RPS6KA3","GRIN2B"
"BTK","BCL3","GRIN2B"
"BTK","FZR1","GRIN2B"
"BTK","GRB2","GRIN2B"
"BTK","VCPIP1","GRIN2B"
"BTK","SGK3","GRIN2B"
"BTK","PTK6","GRIN2B"
"BTK","CCND1","GRIN2B"
"BTK","STAP1","GRIN2B"
"BTK","PTPN7","GRIN2B"
"BTK","FADD","GRIN2B"
"BTK","TLK1","GRIN2B"
"BTK","RET","GRIN2B"
"BTK","IKK-complex","GRIN2B"
"BTK","SHC1","GRIN2B"
"BTK","NTRK1","GRIN2B"
"BTK","RELA","GRIN2B"
"BTK","EPHA2","GRIN2B"
"BTK","PTPRR","GRIN2B"
"BTK","FBLIM1","GRIN2B"
"BTK","GRIP1","GRIN2B"
"BTK","ARRB2","GRIN2B"
"BTK","TRAF3","GRIN2B"
"BTK","CRTC2","GRIN2B"
"BTK","CD28","GRIN2B"
"BTK","INPP5D","GRIN2B"
"BTK","FRS2","GRIN2B"
"BTK","CCNE1","GRIN2B"
"BTK","IMPDH2","GRIN2B"
"BTK","SET","GRIN2B"
"BTK","PIK3CG","GRIN2B"
"BTK","SH2B2","GRIN2B"
"BTK","MRE11","GRIN2B"
"BTK","HDAC2","GRIN2B"
"BTK","ROR2","GRIN2B"
"BTK","IFIH1","GRIN2B"
"BTK","RAD50","GRIN2B"
"BTK","LRP6","GRIN2B"
"BTK","GRB14","GRIN2B"
"BTK","HOXB7","GRIN2B"
"BTK","PIK3C3","GRIN2B"
"BTK","RND1","GRIN2B"
"BTK","STING1","GRIN2B"
"BTK","SPEN","GRIN2B"
"BTK","NFKB1","GRIN2B"
"BTK","TELO2","GRIN2B"
"BTK","BLVRA","GRIN2B"
"BTK","GRB7","GRIN2B"
"BTK","BAZ1B","GRIN2B"
"BTK","PLCG2","GRIN2B"
"BTK","RBL2","GRIN2B"
"BTK","PABIR1","GRIN2B"
"BTK","MAPK3","MED1"
"BTK","AKT3","MED1"
"BTK","CHUK","MED1"
"BTK","AKT2","MED1"
"BTK","PRKCQ","MED1"
"BTK","MTOR","MED1"
"BTK","AKT1","MED1"
"BTK","CCP110","MED1"
"BTK","RPS6K","MED1"
"BTK","CALM2","MED1"
"BTK","LCK","MED1"
"BTK","CDK9","MED1"
"BTK","ABL1","MED1"
"BTK","RPS6KA5","MED1"
"BTK","WNK1","MED1"
"BTK","PDPK1","MED1"
"BTK","SGK1","MED1"
"BTK","MAP2K1","MED1"
"BTK","PRKCB","MED1"
"BTK","PRKCZ","MED1"
"BTK","CyclinD/CDK4","MED1"
"BTK","MAP3K1","MED1"
"BTK","MAP3K7","MED1"
"BTK","AKT","MED1"
"BTK","MAP3K4","MED1"
"BTK","DAPK1","MED1"
"BTK","PXN","MED1"
"BTK","LEPR","MED1"
"BTK","DVL1","MED1"
"BTK","VCPIP1","MED1"
"BTK","ATR","MED1"
"BTK","SGK3","MED1"
"BTK","PTK6","MED1"
"BTK","IKBKE","MED1"
"BTK","STAP1","MED1"
"BTK","TBK1","MED1"
"BTK","SPRED1","MED1"
"BTK","MEK1/2","MED1"
"BTK","PTPN7","MED1"
"BTK","CALM1","MED1"
"BTK","FADD","MED1"
"BTK","STK38","MED1"
"BTK","TLK1","MED1"
"BTK","C9orf72","MED1"
"BTK","CDKN2A","MED1"
"BTK","MAP4K1","MED1"
"BTK","DDX41","MED1"
"BTK","IKK-complex","MED1"
"BTK","RPS6KA4","MED1"
"BTK","NTRK1","MED1"
"BTK","GPSM3","MED1"
"BTK","RELA","MED1"
"BTK","MAP3K8","MED1"
"BTK","PTPRR","MED1"
"BTK","CDKN1B","MED1"
"BTK","FBLIM1","MED1"
"BTK","TEC","MED1"
"BTK","GRIP1","MED1"
"BTK","TMIGD2","MED1"
"BTK","CCR2","MED1"
"BTK","STIP1","MED1"
"BTK","ARRB2","MED1"
"BTK","CRTC2","MED1"
"BTK","INPP5D","MED1"
"BTK","IMPDH2","MED1"
"BTK","BCL10","MED1"
"BTK","PIK3R6","MED1"
"BTK","HDAC2","MED1"
"BTK","DDX58","MED1"
"BTK","MST1R","MED1"
"BTK","RAD50","MED1"
"BTK","WDFY3","MED1"
"BTK","LRP6","MED1"
"BTK","GRB14","MED1"
"BTK","TELO2","MED1"
"BTK","BLVRA","MED1"
"BTK","CLSPN","MED1"
"BTK","PABIR1","MED1"
"BTK","AKT3","TP63"
"BTK","PTEN","TP63"
"BTK","AKT1","TP63"
"BTK","CCP110","TP63"
"BTK","ERK1/2","TP63"
"BTK","LCK","TP63"
"BTK","WNK1","TP63"
"BTK","MAP2K1","TP63"
"BTK","PRKCB","TP63"
"BTK","PRKCG","TP63"
"BTK","CyclinD/CDK4","TP63"
"BTK","MAP3K7","TP63"
"BTK","IKBKB","TP63"
"BTK","MAP3K4","TP63"
"BTK","FGG","TP63"
"BTK","FZR1","TP63"
"BTK","ATR","TP63"
"BTK","IKBKE","TP63"
"BTK","CCND1","TP63"
"BTK","TBK1","TP63"
"BTK","CALM1","TP63"
"BTK","STK38","TP63"
"BTK","TLK1","TP63"
"BTK","C9orf72","TP63"
"BTK","CDKN2A","TP63"
"BTK","RET","TP63"
"BTK","DDX41","TP63"
"BTK","CDKN1B","TP63"
"BTK","VCP","TP63"
"BTK","TRAF3","TP63"
"BTK","CD28","TP63"
"BTK","CCNE1","TP63"
"BTK","SET","TP63"
"BTK","SH2B2","TP63"
"BTK","PPP1R14A","TP63"
"BTK","MRE11","TP63"
"BTK","DDX58","TP63"
"BTK","IFIH1","TP63"
"BTK","TTI1","TP63"
"BTK","WDFY3","TP63"
"BTK","PIK3C3","TP63"
"BTK","STING1","TP63"
"BTK","RBL2","TP63"
"BTK","PABIR1","TP63"
"BTK","PLCG2","TWIST1"
"BTK","RET","HSF1"
"BTK","MAPK3","BMI1"
"BTK","AKT2","BMI1"
"BTK","PRKCQ","BMI1"
"BTK","CCP110","BMI1"
"BTK","CALM2","BMI1"
"BTK","CDK9","BMI1"
"BTK","RPS6KA5","BMI1"
"BTK","SGK1","BMI1"
"BTK","PRKCG","BMI1"
"BTK","CyclinD/CDK4","BMI1"
"BTK","MAP3K1","BMI1"
"BTK","IKBKB","BMI1"
"BTK","DAPK1","BMI1"
"BTK","PXN","BMI1"
"BTK","ITK","BMI1"
"BTK","RPS6KA3","BMI1"
"BTK","GRB2","BMI1"
"BTK","ATR","BMI1"
"BTK","SGK3","BMI1"
"BTK","PTK6","BMI1"
"BTK","IKBKE","BMI1"
"BTK","ILK","BMI1"
"BTK","SPRED1","BMI1"
"BTK","MEK1/2","BMI1"
"BTK","C9orf72","BMI1"
"BTK","MAP4K1","BMI1"
"BTK","RPS6KA4","BMI1"
"BTK","CDKN1B","BMI1"
"BTK","TEC","BMI1"
"BTK","GRIP1","BMI1"
"BTK","CCR2","BMI1"
"BTK","CRTC2","BMI1"
"BTK","CD28","BMI1"
"BTK","INPP5D","BMI1"
"BTK","IMPDH2","BMI1"
"BTK","SET","BMI1"
"BTK","TRPV1","BMI1"
"BTK","PPP1R14A","BMI1"
"BTK","MRE11","BMI1"
"BTK","KSR1","BMI1"
"BTK","DDX58","BMI1"
"BTK","ABI1","BMI1"
"BTK","IFIH1","BMI1"
"BTK","TTI1","BMI1"
"BTK","WDFY3","BMI1"
"BTK","LRP6","BMI1"
"BTK","GRB14","BMI1"
"BTK","HOXB7","BMI1"
"BTK","STING1","BMI1"
"BTK","SPEN","BMI1"
"BTK","NFKB1","BMI1"
"BTK","CTDP1","BMI1"
"BTK","TELO2","BMI1"
"BTK","BLVRA","BMI1"
"BTK","CLSPN","BMI1"
"BTK","MAPKAP1","BMI1"
"BTK","BAZ1B","BMI1"
"BTK","PLCG2","BMI1"
"BTK","RBL2","BMI1"
"BTK","MAPK3","HIF1A"
"BTK","MTOR","HIF1A"
"BTK","Gbeta","HIF1A"
"BTK","ABL1","HIF1A"
"BTK","RPS6KA5","HIF1A"
"BTK","PDPK1","HIF1A"
"BTK","SGK1","HIF1A"
"BTK","PRKCB","HIF1A"
"BTK","PRKCG","HIF1A"
"BTK","CyclinD/CDK4","HIF1A"
"BTK","MAP3K7","HIF1A"
"BTK","WWTR1","HIF1A"
"BTK","DOK1","HIF1A"
"BTK","PXN","HIF1A"
"BTK","RPS6KA3","HIF1A"
"BTK","BCL3","HIF1A"
"BTK","DVL1","HIF1A"
"BTK","FZR1","HIF1A"
"BTK","VCPIP1","HIF1A"
"BTK","ATR","HIF1A"
"BTK","SGK3","HIF1A"
"BTK","IKBKE","HIF1A"
"BTK","CCND1","HIF1A"
"BTK","ILK","HIF1A"
"BTK","STAP1","HIF1A"
"BTK","TBK1","HIF1A"
"BTK","SPRED1","HIF1A"
"BTK","MEK1/2","HIF1A"
"BTK","FADD","HIF1A"
"BTK","TLK1","HIF1A"
"BTK","CDKN2A","HIF1A"
"BTK","DDX41","HIF1A"
"BTK","SHC1","HIF1A"
"BTK","RPS6KA4","HIF1A"
"BTK","RELA","HIF1A"
"BTK","MAPKAPK5","HIF1A"
"BTK","PTPRR","HIF1A"
"BTK","CDKN1B","HIF1A"
"BTK","TMIGD2","HIF1A"
"BTK","STIP1","HIF1A"
"BTK","PSTPIP1","HIF1A"
"BTK","ARRB2","HIF1A"
"BTK","TRAF3","HIF1A"
"BTK","CRTC2","HIF1A"
"BTK","INPP5D","HIF1A"
"BTK","CCNE1","HIF1A"
"BTK","SET","HIF1A"
"BTK","TRPV1","HIF1A"
"BTK","PPP1R14A","HIF1A"
"BTK","BCL10","HIF1A"
"BTK","PIK3R6","HIF1A"
"BTK","KSR1","HIF1A"
"BTK","DDX58","HIF1A"
"BTK","TTI1","HIF1A"
"BTK","LRP6","HIF1A"
"BTK","HOXB7","HIF1A"
"BTK","CTDP1","HIF1A"
"BTK","TELO2","HIF1A"
"BTK","CLSPN","HIF1A"
"BTK","RBL2","HIF1A"
"BTK","AKT3","ARHGEF1"
"BTK","CHUK","ARHGEF1"
"BTK","AKT2","ARHGEF1"
"BTK","PRKCQ","ARHGEF1"
"BTK","MTOR","ARHGEF1"
"BTK","PRKG1","ARHGEF1"
"BTK","CCP110","ARHGEF1"
"BTK","LCK","ARHGEF1"
"BTK","ABL1","ARHGEF1"
"BTK","RPS6KA5","ARHGEF1"
"BTK","SGK1","ARHGEF1"
"BTK","MAP2K1","ARHGEF1"
"BTK","AKT","ARHGEF1"
"BTK","IKBKB","ARHGEF1"
"BTK","DOK1","ARHGEF1"
"BTK","DAPK1","ARHGEF1"
"BTK","GRB2","ARHGEF1"
"BTK","CCND1","ARHGEF1"
"BTK","SPRED1","ARHGEF1"
"BTK","STK38","ARHGEF1"
"BTK","RET","ARHGEF1"
"BTK","IKK-complex","ARHGEF1"
"BTK","SHC1","ARHGEF1"
"BTK","MAP3K8","ARHGEF1"
"BTK","VCP","ARHGEF1"
"BTK","TMIGD2","ARHGEF1"
"BTK","PSTPIP1","ARHGEF1"
"BTK","ARRB2","ARHGEF1"
"BTK","TRAF3","ARHGEF1"
"BTK","CRTC2","ARHGEF1"
"BTK","CD28","ARHGEF1"
"BTK","CCNE1","ARHGEF1"
"BTK","IMPDH2","ARHGEF1"
"BTK","SET","ARHGEF1"
"BTK","PIK3CG","ARHGEF1"
"BTK","TRPV1","ARHGEF1"
"BTK","MRE11","ARHGEF1"
"BTK","HDAC2","ARHGEF1"
"BTK","DDX58","ARHGEF1"
"BTK","UBXN2B","ARHGEF1"
"BTK","MST1R","ARHGEF1"
"BTK","TTI1","ARHGEF1"
"BTK","HOXB7","ARHGEF1"
"BTK","RND1","ARHGEF1"
"BTK","STING1","ARHGEF1"
"BTK","CLSPN","ARHGEF1"
"BTK","MAPKAP1","ARHGEF1"
"BTK","GRB7","ARHGEF1"
"BTK","BAZ1B","ARHGEF1"
"BTK","PLCG2","ARHGEF1"
"BTK","RBL2","ARHGEF1"
"BTK","PABIR1","ARHGEF1"
"BTK","AKT3","SP3"
"BTK","CHUK","SP3"
"BTK","AKT2","SP3"
"BTK","PRKCQ","SP3"
"BTK","AKT1","SP3"
"BTK","PRKG1","SP3"
"BTK","RPS6K","SP3"
"BTK","CDK9","SP3"
"BTK","ABL1","SP3"
"BTK","RPS6KA5","SP3"
"BTK","PDPK1","SP3"
"BTK","SGK1","SP3"
"BTK","MAP2K1","SP3"
"BTK","PRKCG","SP3"
"BTK","CyclinD/CDK4","SP3"
"BTK","AKT","SP3"
"BTK","MAP3K4","SP3"
"BTK","PXN","SP3"
"BTK","RPS6KA3","SP3"
"BTK","BCL3","SP3"
"BTK","DVL1","SP3"
"BTK","PTK6","SP3"
"BTK","IKBKE","SP3"
"BTK","TBK1","SP3"
"BTK","MEK1/2","SP3"
"BTK","CALM1","SP3"
"BTK","MAP4K1","SP3"
"BTK","DDX41","SP3"
"BTK","SHC1","SP3"
"BTK","MAPKAPK5","SP3"
"BTK","CDKN1B","SP3"
"BTK","TEC","SP3"
"BTK","GRIP1","SP3"
"BTK","STIP1","SP3"
"BTK","INPP5D","SP3"
"BTK","FRS2","SP3"
"BTK","CCNE1","SP3"
"BTK","IMPDH2","SP3"
"BTK","PIK3CG","SP3"
"BTK","SH2B2","SP3"
"BTK","DDX58","SP3"
"BTK","UBXN2B","SP3"
"BTK","ROR2","SP3"
"BTK","IFIH1","SP3"
"BTK","STING1","SP3"
"BTK","TELO2","SP3"
"BTK","CLSPN","SP3"
"BTK","GRB7","SP3"
"BTK","RBL2","SP3"
"BTK","PABIR1","SP3"
"BTK","PTEN","SIAH2"
"BTK","AKT1","SIAH2"
"BTK","Gbeta","SIAH2"
"BTK","LCK","SIAH2"
"BTK","CDK9","SIAH2"
"BTK","ABL1","SIAH2"
"BTK","WNK1","SIAH2"
"BTK","PDPK1","SIAH2"
"BTK","PRKCB","SIAH2"
"BTK","PRKCG","SIAH2"
"BTK","PRKCZ","SIAH2"
"BTK","CyclinD/CDK4","SIAH2"
"BTK","MAP3K1","SIAH2"
"BTK","MAP3K7","SIAH2"
"BTK","WWTR1","SIAH2"
"BTK","DOK1","SIAH2"
"BTK","MAP3K4","SIAH2"
"BTK","PXN","SIAH2"
"BTK","ITK","SIAH2"
"BTK","BCL3","SIAH2"
"BTK","DVL1","SIAH2"
"BTK","ATR","SIAH2"
"BTK","IKBKE","SIAH2"
"BTK","CCND1","SIAH2"
"BTK","MEK1/2","SIAH2"
"BTK","FADD","SIAH2"
"BTK","STK38","SIAH2"
"BTK","C9orf72","SIAH2"
"BTK","CDKN2A","SIAH2"
"BTK","IKK-complex","SIAH2"
"BTK","SHC1","SIAH2"
"BTK","MAP3K8","SIAH2"
"BTK","CDKN1B","SIAH2"
"BTK","TEC","SIAH2"
"BTK","VCP","SIAH2"
"BTK","GRIP1","SIAH2"
"BTK","TMIGD2","SIAH2"
"BTK","CCR2","SIAH2"
"BTK","PSTPIP1","SIAH2"
"BTK","TRAF3","SIAH2"
"BTK","CRTC2","SIAH2"
"BTK","CD28","SIAH2"
"BTK","INPP5D","SIAH2"
"BTK","FRS2","SIAH2"
"BTK","PIK3CG","SIAH2"
"BTK","SH2B2","SIAH2"
"BTK","PPP1R14A","SIAH2"
"BTK","BCL10","SIAH2"
"BTK","KSR1","SIAH2"
"BTK","DDX58","SIAH2"
"BTK","MST1R","SIAH2"
"BTK","IFIH1","SIAH2"
"BTK","TTI1","SIAH2"
"BTK","WDFY3","SIAH2"
"BTK","HOXB7","SIAH2"
"BTK","TELO2","SIAH2"
"BTK","GRB7","SIAH2"
"BTK","PLCG2","NFAT5"
"BTK","PTEN","MME"
"BTK","PRKCQ","MME"
"BTK","MTOR","MME"
"BTK","RPS6K","MME"
"BTK","CALM2","MME"
"BTK","Gbeta","MME"
"BTK","LCK","MME"
"BTK","CDK9","MME"
"BTK","ABL1","MME"
"BTK","RPS6KA5","MME"
"BTK","PXN","MME"
"BTK","FGG","MME"
"BTK","ITK","MME"
"BTK","BCL3","MME"
"BTK","DVL1","MME"
"BTK","PTK6","MME"
"BTK","IKBKE","MME"
"BTK","STAP1","MME"
"BTK","TBK1","MME"
"BTK","MEK1/2","MME"
"BTK","STK38","MME"
"BTK","MAP4K1","MME"
"BTK","NTRK1","MME"
"BTK","RELA","MME"
"BTK","TMIGD2","MME"
"BTK","STIP1","MME"
"BTK","INPP5D","MME"
"BTK","PPP1R14A","MME"
"BTK","BCL10","MME"
"BTK","MRE11","MME"
"BTK","HDAC2","MME"
"BTK","KSR1","MME"
"BTK","UBXN2B","MME"
"BTK","MST1R","MME"
"BTK","ROR2","MME"
"BTK","ABI1","MME"
"BTK","IFIH1","MME"
"BTK","RAD50","MME"
"BTK","TTI1","MME"
"BTK","WDFY3","MME"
"BTK","LRP6","MME"
"BTK","GRB14","MME"
"BTK","PIK3C3","MME"
"BTK","RND1","MME"
"BTK","STING1","MME"
"BTK","SPEN","MME"
"BTK","NFKB1","MME"
"BTK","CTDP1","MME"
"BTK","BLVRA","MME"
"BTK","MAPKAP1","MME"
"BTK","PABIR1","MME"
"BTK","CHUK","CAPN2"
"BTK","AKT2","CAPN2"
"BTK","PRKCQ","CAPN2"
"BTK","MTOR","CAPN2"
"BTK","AKT1","CAPN2"
"BTK","CCP110","CAPN2"
"BTK","RPS6K","CAPN2"
"BTK","ERK1/2","CAPN2"
"BTK","Gbeta","CAPN2"
"BTK","LCK","CAPN2"
"BTK","CDK9","CAPN2"
"BTK","ABL1","CAPN2"
"BTK","SGK1","CAPN2"
"BTK","MAP2K1","CAPN2"
"BTK","PRKCB","CAPN2"
"BTK","PRKCG","CAPN2"
"BTK","PRKCZ","CAPN2"
"BTK","MAP3K1","CAPN2"
"BTK","MAP3K7","CAPN2"
"BTK","AKT","CAPN2"
"BTK","IKBKB","CAPN2"
"BTK","WWTR1","CAPN2"
"BTK","DOK1","CAPN2"
"BTK","LEPR","CAPN2"
"BTK","RPS6KA3","CAPN2"
"BTK","DVL1","CAPN2"
"BTK","GRB2","CAPN2"
"BTK","SGK3","CAPN2"
"BTK","IKBKE","CAPN2"
"BTK","STAP1","CAPN2"
"BTK","TBK1","CAPN2"
"BTK","MEK1/2","CAPN2"
"BTK","CALM1","CAPN2"
"BTK","FADD","CAPN2"
"BTK","STK38","CAPN2"
"BTK","CDKN2A","CAPN2"
"BTK","DDX41","CAPN2"
"BTK","SHC1","CAPN2"
"BTK","RPS6KA4","CAPN2"
"BTK","NTRK1","CAPN2"
"BTK","CDKN1B","CAPN2"
"BTK","TEC","CAPN2"
"BTK","TMIGD2","CAPN2"
"BTK","CCR2","CAPN2"
"BTK","TRAF3","CAPN2"
"BTK","CRTC2","CAPN2"
"BTK","INPP5D","CAPN2"
"BTK","CCNE1","CAPN2"
"BTK","IMPDH2","CAPN2"
"BTK","SET","CAPN2"
"BTK","SH2B2","CAPN2"
"BTK","PPP1R14A","CAPN2"
"BTK","MRE11","CAPN2"
"BTK","HDAC2","CAPN2"
"BTK","KSR1","CAPN2"
"BTK","UBXN2B","CAPN2"
"BTK","ROR2","CAPN2"
"BTK","ABI1","CAPN2"
"BTK","IFIH1","CAPN2"
"BTK","RAD50","CAPN2"
"BTK","WDFY3","CAPN2"
"BTK","PIK3C3","CAPN2"
"BTK","RND1","CAPN2"
"BTK","BLVRA","CAPN2"
"BTK","GRB7","CAPN2"
"BTK","PLCG2","CAPN2"
"BTK","PPP1R14B","CAPN2"
"BTK","PABIR1","CAPN2"
"BTK","MAPK3","ASB8"
"BTK","CHUK","ASB8"
"BTK","AKT2","ASB8"
"BTK","PTEN","ASB8"
"BTK","PRKCQ","ASB8"
"BTK","AKT1","ASB8"
"BTK","ERK1/2","ASB8"
"BTK","LCK","ASB8"
"BTK","CDK9","ASB8"
"BTK","ABL1","ASB8"
"BTK","RPS6KA5","ASB8"
"BTK","WNK1","ASB8"
"BTK","PDPK1","ASB8"
"BTK","SGK1","ASB8"
"BTK","MAP2K1","ASB8"
"BTK","PRKCB","ASB8"
"BTK","PRKCG","ASB8"
"BTK","CyclinD/CDK4","ASB8"
"BTK","MAP3K1","ASB8"
"BTK","MAP3K7","ASB8"
"BTK","AKT","ASB8"
"BTK","WWTR1","ASB8"
"BTK","PXN","ASB8"
"BTK","FGG","ASB8"
"BTK","LEPR","ASB8"
"BTK","DVL1","ASB8"
"BTK","VCPIP1","ASB8"
"BTK","ATR","ASB8"
"BTK","SGK3","ASB8"
"BTK","IKBKE","ASB8"
"BTK","CCND1","ASB8"
"BTK","STAP1","ASB8"
"BTK","SPRED1","ASB8"
"BTK","PTPN7","ASB8"
"BTK","FADD","ASB8"
"BTK","MAP4K1","ASB8"
"BTK","RET","ASB8"
"BTK","IKK-complex","ASB8"
"BTK","SHC1","ASB8"
"BTK","NTRK1","ASB8"
"BTK","MAPKAPK5","ASB8"
"BTK","EPHA2","ASB8"
"BTK","MAP3K8","ASB8"
"BTK","TEC","ASB8"
"BTK","VCP","ASB8"
"BTK","CRTC2","ASB8"
"BTK","CD28","ASB8"
"BTK","IMPDH2","ASB8"
"BTK","SET","ASB8"
"BTK","PIK3CG","ASB8"
"BTK","SH2B2","ASB8"
"BTK","TRPV1","ASB8"
"BTK","PPP1R14A","ASB8"
"BTK","PIK3R6","ASB8"
"BTK","MRE11","ASB8"
"BTK","HDAC2","ASB8"
"BTK","KSR1","ASB8"
"BTK","DDX58","ASB8"
"BTK","UBXN2B","ASB8"
"BTK","ROR2","ASB8"
"BTK","ABI1","ASB8"
"BTK","RAD50","ASB8"
"BTK","WDFY3","ASB8"
"BTK","RND1","ASB8"
"BTK","NFKB1","ASB8"
"BTK","CTDP1","ASB8"
"BTK","CLSPN","ASB8"
"BTK","GRB7","ASB8"
"BTK","PLCG2","ASB8"
"BTK","PPP1R14B","ASB8"
"BTK","PABIR1","ASB8"
"BTK","AKT3","ROS1"
"BTK","CHUK","ROS1"
"BTK","PTEN","ROS1"
"BTK","PRKCQ","ROS1"
"BTK","AKT1","ROS1"
"BTK","PRKG1","ROS1"
"BTK","CALM2","ROS1"
"BTK","RPS6KA5","ROS1"
"BTK","PRKCZ","ROS1"
"BTK","WWTR1","ROS1"
"BTK","DAPK1","ROS1"
"BTK","FGG","ROS1"
"BTK","ITK","ROS1"
"BTK","RPS6KA3","ROS1"
"BTK","BCL3","ROS1"
"BTK","VCPIP1","ROS1"
"BTK","PTK6","ROS1"
"BTK","CCND1","ROS1"
"BTK","ILK","ROS1"
"BTK","STAP1","ROS1"
"BTK","SPRED1","ROS1"
"BTK","PTPN7","ROS1"
"BTK","CALM1","ROS1"
"BTK","STK38","ROS1"
"BTK","TLK1","ROS1"
"BTK","C9orf72","ROS1"
"BTK","MAP4K1","ROS1"
"BTK","SHC1","ROS1"
"BTK","RPS6KA4","ROS1"
"BTK","NTRK1","ROS1"
"BTK","EPHA2","ROS1"
"BTK","MAP3K8","ROS1"
"BTK","VCP","ROS1"
"BTK","CCR2","ROS1"
"BTK","STIP1","ROS1"
"BTK","ARRB2","ROS1"
"BTK","CRTC2","ROS1"
"BTK","CD28","ROS1"
"BTK","FRS2","ROS1"
"BTK","PIK3CG","ROS1"
"BTK","MRE11","ROS1"
"BTK","UBXN2B","ROS1"
"BTK","ABI1","ROS1"
"BTK","TTI1","ROS1"
"BTK","WDFY3","ROS1"
"BTK","LRP6","ROS1"
"BTK","HOXB7","ROS1"
"BTK","PIK3C3","ROS1"
"BTK","STING1","ROS1"
"BTK","SPEN","ROS1"
"BTK","NFKB1","ROS1"
"BTK","CTDP1","ROS1"
"BTK","TELO2","ROS1"
"BTK","BLVRA","ROS1"
"BTK","CLSPN","ROS1"
"BTK","BAZ1B","ROS1"
"BTK","PLCG2","ROS1"
"BTK","RBL2","ROS1"
"BTK","PPP1R14B","ROS1"
"BTK","PABIR1","ROS1"
"BTK","MAPK3","F5"
"BTK","AKT2","F5"
"BTK","PTEN","F5"
"BTK","CCP110","F5"
"BTK","ERK1/2","F5"
"BTK","Gbeta","F5"
"BTK","LCK","F5"
"BTK","CDK9","F5"
"BTK","ABL1","F5"
"BTK","WNK1","F5"
"BTK","PDPK1","F5"
"BTK","PRKCB","F5"
"BTK","PRKCG","F5"
"BTK","PRKCZ","F5"
"BTK","MAP3K1","F5"
"BTK","MAP3K7","F5"
"BTK","DOK1","F5"
"BTK","MAP3K4","F5"
"BTK","DAPK1","F5"
"BTK","PXN","F5"
"BTK","FGG","F5"
"BTK","LEPR","F5"
"BTK","RPS6KA3","F5"
"BTK","BCL3","F5"
"BTK","DVL1","F5"
"BTK","FZR1","F5"
"BTK","GRB2","F5"
"BTK","VCPIP1","F5"
"BTK","ATR","F5"
"BTK","ILK","F5"
"BTK","TBK1","F5"
"BTK","MEK1/2","F5"
"BTK","CALM1","F5"
"BTK","TLK1","F5"
"BTK","MAP4K1","F5"
"BTK","IKK-complex","F5"
"BTK","SHC1","F5"
"BTK","RPS6KA4","F5"
"BTK","GPSM3","F5"
"BTK","RELA","F5"
"BTK","MAP3K8","F5"
"BTK","CDKN1B","F5"
"BTK","FBLIM1","F5"
"BTK","TEC","F5"
"BTK","VCP","F5"
"BTK","GRIP1","F5"
"BTK","TMIGD2","F5"
"BTK","CCR2","F5"
"BTK","STIP1","F5"
"BTK","PSTPIP1","F5"
"BTK","CRTC2","F5"
"BTK","CD28","F5"
"BTK","FRS2","F5"
"BTK","BCL10","F5"
"BTK","PIK3R6","F5"
"BTK","MRE11","F5"
"BTK","HDAC2","F5"
"BTK","DDX58","F5"
"BTK","UBXN2B","F5"
"BTK","MST1R","F5"
"BTK","ABI1","F5"
"BTK","IFIH1","F5"
"BTK","TTI1","F5"
"BTK","LRP6","F5"
"BTK","RND1","F5"
"BTK","SPEN","F5"
"BTK","CTDP1","F5"
"BTK","MAPKAP1","F5"
"BTK","BAZ1B","F5"
"BTK","RBL2","F5"
"BTK","PABIR1","F5"
"BTK","AKT3","ACTN4"
"BTK","AKT2","ACTN4"
"BTK","PRKCQ","ACTN4"
"BTK","AKT1","ACTN4"
"BTK","RPS6K","ACTN4"
"BTK","ABL1","ACTN4"
"BTK","WNK1","ACTN4"
"BTK","SGK1","ACTN4"
"BTK","PRKCB","ACTN4"
"BTK","IKBKB","ACTN4"
"BTK","FGG","ACTN4"
"BTK","LEPR","ACTN4"
"BTK","BCL3","ACTN4"
"BTK","DVL1","ACTN4"
"BTK","VCPIP1","ACTN4"
"BTK","IKBKE","ACTN4"
"BTK","PTPN7","ACTN4"
"BTK","CALM1","ACTN4"
"BTK","FADD","ACTN4"
"BTK","CDKN2A","ACTN4"
"BTK","MAP4K1","ACTN4"
"BTK","DDX41","ACTN4"
"BTK","IKK-complex","ACTN4"
"BTK","SHC1","ACTN4"
"BTK","RPS6KA4","ACTN4"
"BTK","RELA","ACTN4"
"BTK","MAP3K8","ACTN4"
"BTK","GRIP1","ACTN4"
"BTK","ARRB2","ACTN4"
"BTK","CD28","ACTN4"
"BTK","FRS2","ACTN4"
"BTK","CCNE1","ACTN4"
"BTK","PIK3CG","ACTN4"
"BTK","SH2B2","ACTN4"
"BTK","PPP1R14A","ACTN4"
"BTK","BCL10","ACTN4"
"BTK","HDAC2","ACTN4"
"BTK","ROR2","ACTN4"
"BTK","RAD50","ACTN4"
"BTK","TTI1","ACTN4"
"BTK","WDFY3","ACTN4"
"BTK","GRB14","ACTN4"
"BTK","HOXB7","ACTN4"
"BTK","PIK3C3","ACTN4"
"BTK","RND1","ACTN4"
"BTK","STING1","ACTN4"
"BTK","SPEN","ACTN4"
"BTK","NFKB1","ACTN4"
"BTK","CLSPN","ACTN4"
"BTK","BAZ1B","ACTN4"
"BTK","AKT3","HDAC6"
"BTK","PRKCQ","HDAC6"
"BTK","AKT1","HDAC6"
"BTK","RPS6K","HDAC6"
"BTK","Gbeta","HDAC6"
"BTK","LCK","HDAC6"
"BTK","ABL1","HDAC6"
"BTK","RPS6KA5","HDAC6"
"BTK","WNK1","HDAC6"
"BTK","MAP2K1","HDAC6"
"BTK","PRKCB","HDAC6"
"BTK","PRKCZ","HDAC6"
"BTK","MAP3K7","HDAC6"
"BTK","IKBKB","HDAC6"
"BTK","WWTR1","HDAC6"
"BTK","DOK1","HDAC6"
"BTK","MAP3K4","HDAC6"
"BTK","FGG","HDAC6"
"BTK","DVL1","HDAC6"
"BTK","FZR1","HDAC6"
"BTK","GRB2","HDAC6"
"BTK","ATR","HDAC6"
"BTK","PTK6","HDAC6"
"BTK","CCND1","HDAC6"
"BTK","CALM1","HDAC6"
"BTK","C9orf72","HDAC6"
"BTK","SHC1","HDAC6"
"BTK","MAPKAPK5","HDAC6"
"BTK","FBLIM1","HDAC6"
"BTK","TMIGD2","HDAC6"
"BTK","CCR2","HDAC6"
"BTK","STIP1","HDAC6"
"BTK","CRTC2","HDAC6"
"BTK","INPP5D","HDAC6"
"BTK","FRS2","HDAC6"
"BTK","SH2B2","HDAC6"
"BTK","HDAC2","HDAC6"
"BTK","DDX58","HDAC6"
"BTK","UBXN2B","HDAC6"
"BTK","TTI1","HDAC6"
"BTK","WDFY3","HDAC6"
"BTK","LRP6","HDAC6"
"BTK","PIK3C3","HDAC6"
"BTK","RND1","HDAC6"
"BTK","SPEN","HDAC6"
"BTK","CTDP1","HDAC6"
"BTK","BLVRA","HDAC6"
"BTK","MAPKAP1","HDAC6"
"BTK","GRB7","HDAC6"
"BTK","BAZ1B","HDAC6"
"BTK","PLCG2","HDAC6"
"BTK","RBL2","HDAC6"
"BTK","PABIR1","HDAC6"
"BTK","MAPK3","SUZ12"
"BTK","PRKCQ","SUZ12"
"BTK","PRKG1","SUZ12"
"BTK","LCK","SUZ12"
"BTK","MAP2K1","SUZ12"
"BTK","PRKCG","SUZ12"
"BTK","CyclinD/CDK4","SUZ12"
"BTK","MAP3K7","SUZ12"
"BTK","IKBKB","SUZ12"
"BTK","DAPK1","SUZ12"
"BTK","FGG","SUZ12"
"BTK","ITK","SUZ12"
"BTK","BCL3","SUZ12"
"BTK","FZR1","SUZ12"
"BTK","SGK3","SUZ12"
"BTK","PTK6","SUZ12"
"BTK","IKBKE","SUZ12"
"BTK","CCND1","SUZ12"
"BTK","ILK","SUZ12"
"BTK","STAP1","SUZ12"
"BTK","MEK1/2","SUZ12"
"BTK","PTPN7","SUZ12"
"BTK","CALM1","SUZ12"
"BTK","FADD","SUZ12"
"BTK","STK38","SUZ12"
"BTK","TLK1","SUZ12"
"BTK","CDKN2A","SUZ12"
"BTK","MAP4K1","SUZ12"
"BTK","RET","SUZ12"
"BTK","SHC1","SUZ12"
"BTK","GPSM3","SUZ12"
"BTK","MAPKAPK5","SUZ12"
"BTK","EPHA2","SUZ12"
"BTK","FBLIM1","SUZ12"
"BTK","GRIP1","SUZ12"
"BTK","TMIGD2","SUZ12"
"BTK","PSTPIP1","SUZ12"
"BTK","TRAF3","SUZ12"
"BTK","INPP5D","SUZ12"
"BTK","FRS2","SUZ12"
"BTK","IMPDH2","SUZ12"
"BTK","SET","SUZ12"
"BTK","TRPV1","SUZ12"
"BTK","PPP1R14A","SUZ12"
"BTK","IFIH1","SUZ12"
"BTK","RAD50","SUZ12"
"BTK","TTI1","SUZ12"
"BTK","WDFY3","SUZ12"
"BTK","LRP6","SUZ12"
"BTK","GRB14","SUZ12"
"BTK","HOXB7","SUZ12"
"BTK","RND1","SUZ12"
"BTK","STING1","SUZ12"
"BTK","SPEN","SUZ12"
"BTK","NFKB1","SUZ12"
"BTK","CTDP1","SUZ12"
"BTK","TELO2","SUZ12"
"BTK","MAPKAP1","SUZ12"
"BTK","GRB7","SUZ12"
"BTK","RBL2","SUZ12"
"BTK","PPP1R14B","SUZ12"
"BTK","CHUK","AGAP2"
"BTK","PRKCQ","AGAP2"
"BTK","PRKG1","AGAP2"
"BTK","RPS6K","AGAP2"
"BTK","LCK","AGAP2"
"BTK","RPS6KA5","AGAP2"
"BTK","WNK1","AGAP2"
"BTK","PDPK1","AGAP2"
"BTK","SGK1","AGAP2"
"BTK","MAP2K1","AGAP2"
"BTK","PRKCB","AGAP2"
"BTK","PRKCZ","AGAP2"
"BTK","CyclinD/CDK4","AGAP2"
"BTK","MAP3K7","AGAP2"
"BTK","AKT","AGAP2"
"BTK","DOK1","AGAP2"
"BTK","MAP3K4","AGAP2"
"BTK","DAPK1","AGAP2"
"BTK","BCL3","AGAP2"
"BTK","FZR1","AGAP2"
"BTK","ATR","AGAP2"
"BTK","SGK3","AGAP2"
"BTK","PTK6","AGAP2"
"BTK","STAP1","AGAP2"
"BTK","SPRED1","AGAP2"
"BTK","MEK1/2","AGAP2"
"BTK","PTPN7","AGAP2"
"BTK","STK38","AGAP2"
"BTK","TLK1","AGAP2"
"BTK","RET","AGAP2"
"BTK","DDX41","AGAP2"
"BTK","NTRK1","AGAP2"
"BTK","RELA","AGAP2"
"BTK","EPHA2","AGAP2"
"BTK","MAP3K8","AGAP2"
"BTK","PTPRR","AGAP2"
"BTK","CDKN1B","AGAP2"
"BTK","TEC","AGAP2"
"BTK","VCP","AGAP2"
"BTK","CCR2","AGAP2"
"BTK","INPP5D","AGAP2"
"BTK","PIK3CG","AGAP2"
"BTK","TRPV1","AGAP2"
"BTK","BCL10","AGAP2"
"BTK","HDAC2","AGAP2"
"BTK","KSR1","AGAP2"
"BTK","UBXN2B","AGAP2"
"BTK","ROR2","AGAP2"
"BTK","ABI1","AGAP2"
"BTK","IFIH1","AGAP2"
"BTK","TTI1","AGAP2"
"BTK","PIK3C3","AGAP2"
"BTK","STING1","AGAP2"
"BTK","SPEN","AGAP2"
"BTK","TELO2","AGAP2"
"BTK","BLVRA","AGAP2"
"BTK","PPP1R14B","AGAP2"
"BTK","MAPK3","KLF5"
"BTK","AKT3","KLF5"
"BTK","AKT2","KLF5"
"BTK","PTEN","KLF5"
"BTK","PRKCQ","KLF5"
"BTK","MTOR","KLF5"
"BTK","CCP110","KLF5"
"BTK","CALM2","KLF5"
"BTK","PDPK1","KLF5"
"BTK","DOK1","KLF5"
"BTK","PXN","KLF5"
"BTK","FGG","KLF5"
"BTK","LEPR","KLF5"
"BTK","BCL3","KLF5"
"BTK","DVL1","KLF5"
"BTK","PTK6","KLF5"
"BTK","STAP1","KLF5"
"BTK","TBK1","KLF5"
"BTK","MEK1/2","KLF5"
"BTK","FADD","KLF5"
"BTK","STK38","KLF5"
"BTK","CDKN2A","KLF5"
"BTK","RET","KLF5"
"BTK","DDX41","KLF5"
"BTK","SHC1","KLF5"
"BTK","NTRK1","KLF5"
"BTK","EPHA2","KLF5"
"BTK","PTPRR","KLF5"
"BTK","TMIGD2","KLF5"
"BTK","PSTPIP1","KLF5"
"BTK","INPP5D","KLF5"
"BTK","IMPDH2","KLF5"
"BTK","SH2B2","KLF5"
"BTK","MRE11","KLF5"
"BTK","HDAC2","KLF5"
"BTK","KSR1","KLF5"
"BTK","UBXN2B","KLF5"
"BTK","MST1R","KLF5"
"BTK","ROR2","KLF5"
"BTK","ABI1","KLF5"
"BTK","IFIH1","KLF5"
"BTK","TTI1","KLF5"
"BTK","WDFY3","KLF5"
"BTK","HOXB7","KLF5"
"BTK","TELO2","KLF5"
"BTK","CLSPN","KLF5"
"BTK","BAZ1B","KLF5"
"BTK","MAPK3","CACNA1B"
"BTK","AKT2","CACNA1B"
"BTK","PTEN","CACNA1B"
"BTK","PRKCQ","CACNA1B"
"BTK","MTOR","CACNA1B"
"BTK","AKT1","CACNA1B"
"BTK","PRKG1","CACNA1B"
"BTK","CALM2","CACNA1B"
"BTK","CDK9","CACNA1B"
"BTK","RPS6KA5","CACNA1B"
"BTK","WNK1","CACNA1B"
"BTK","PDPK1","CACNA1B"
"BTK","SGK1","CACNA1B"
"BTK","MAP2K1","CACNA1B"
"BTK","PRKCB","CACNA1B"
"BTK","MAP3K1","CACNA1B"
"BTK","IKBKB","CACNA1B"
"BTK","WWTR1","CACNA1B"
"BTK","DOK1","CACNA1B"
"BTK","DAPK1","CACNA1B"
"BTK","PXN","CACNA1B"
"BTK","LEPR","CACNA1B"
"BTK","ATR","CACNA1B"
"BTK","CCND1","CACNA1B"
"BTK","MEK1/2","CACNA1B"
"BTK","CALM1","CACNA1B"
"BTK","TLK1","CACNA1B"
"BTK","NTRK1","CACNA1B"
"BTK","GPSM3","CACNA1B"
"BTK","RELA","CACNA1B"
"BTK","MAP3K8","CACNA1B"
"BTK","PTPRR","CACNA1B"
"BTK","CDKN1B","CACNA1B"
"BTK","FBLIM1","CACNA1B"
"BTK","TEC","CACNA1B"
"BTK","VCP","CACNA1B"
"BTK","CCR2","CACNA1B"
"BTK","STIP1","CACNA1B"
"BTK","CD28","CACNA1B"
"BTK","SET","CACNA1B"
"BTK","TRPV1","CACNA1B"
"BTK","PIK3R6","CACNA1B"
"BTK","HDAC2","CACNA1B"
"BTK","KSR1","CACNA1B"
"BTK","DDX58","CACNA1B"
"BTK","MST1R","CACNA1B"
"BTK","ROR2","CACNA1B"
"BTK","IFIH1","CACNA1B"
"BTK","RAD50","CACNA1B"
"BTK","TTI1","CACNA1B"
"BTK","LRP6","CACNA1B"
"BTK","GRB14","CACNA1B"
"BTK","RND1","CACNA1B"
"BTK","CTDP1","CACNA1B"
"BTK","TELO2","CACNA1B"
"BTK","BLVRA","CACNA1B"
"BTK","CLSPN","CACNA1B"
"BTK","MAPKAP1","CACNA1B"
"BTK","GRB7","CACNA1B"
"BTK","PLCG2","CACNA1B"
"BTK","RBL2","CACNA1B"
"BTK","PABIR1","CACNA1B"
"BTK","AKT3","SSRP1"
"BTK","PRKCQ","SSRP1"
"BTK","AKT1","SSRP1"
"BTK","CCP110","SSRP1"
"BTK","CALM2","SSRP1"
"BTK","ERK1/2","SSRP1"
"BTK","SGK1","SSRP1"
"BTK","MAP3K1","SSRP1"
"BTK","MAP3K7","SSRP1"
"BTK","AKT","SSRP1"
"BTK","IKBKB","SSRP1"
"BTK","WWTR1","SSRP1"
"BTK","DOK1","SSRP1"
"BTK","MAP3K4","SSRP1"
"BTK","FGG","SSRP1"
"BTK","LEPR","SSRP1"
"BTK","ITK","SSRP1"
"BTK","RPS6KA3","SSRP1"
"BTK","BCL3","SSRP1"
"BTK","DVL1","SSRP1"
"BTK","GRB2","SSRP1"
"BTK","VCPIP1","SSRP1"
"BTK","ATR","SSRP1"
"BTK","SGK3","SSRP1"
"BTK","PTK6","SSRP1"
"BTK","IKBKE","SSRP1"
"BTK","ILK","SSRP1"
"BTK","STAP1","SSRP1"
"BTK","SPRED1","SSRP1"
"BTK","MEK1/2","SSRP1"
"BTK","STK38","SSRP1"
"BTK","CDKN2A","SSRP1"
"BTK","MAP4K1","SSRP1"
"BTK","IKK-complex","SSRP1"
"BTK","RPS6KA4","SSRP1"
"BTK","RELA","SSRP1"
"BTK","MAPKAPK5","SSRP1"
"BTK","MAP3K8","SSRP1"
"BTK","PTPRR","SSRP1"
"BTK","TEC","SSRP1"
"BTK","VCP","SSRP1"
"BTK","FRS2","SSRP1"
"BTK","CCNE1","SSRP1"
"BTK","IMPDH2","SSRP1"
"BTK","SET","SSRP1"
"BTK","PIK3CG","SSRP1"
"BTK","TRPV1","SSRP1"
"BTK","BCL10","SSRP1"
"BTK","PIK3R6","SSRP1"
"BTK","MRE11","SSRP1"
"BTK","HDAC2","SSRP1"
"BTK","KSR1","SSRP1"
"BTK","ROR2","SSRP1"
"BTK","ABI1","SSRP1"
"BTK","RAD50","SSRP1"
"BTK","TTI1","SSRP1"
"BTK","HOXB7","SSRP1"
"BTK","STING1","SSRP1"
"BTK","CTDP1","SSRP1"
"BTK","BLVRA","SSRP1"
"BTK","CLSPN","SSRP1"
"BTK","MAPKAP1","SSRP1"
"BTK","BAZ1B","SSRP1"
"BTK","CHUK","CCND2"
"BTK","CCP110","CCND2"
"BTK","RPS6K","CCND2"
"BTK","CALM2","CCND2"
"BTK","ERK1/2","CCND2"
"BTK","LCK","CCND2"
"BTK","CDK9","CCND2"
"BTK","PDPK1","CCND2"
"BTK","SGK1","CCND2"
"BTK","PRKCB","CCND2"
"BTK","CyclinD/CDK4","CCND2"
"BTK","WWTR1","CCND2"
"BTK","DOK1","CCND2"
"BTK","LEPR","CCND2"
"BTK","BCL3","CCND2"
"BTK","DVL1","CCND2"
"BTK","GRB2","CCND2"
"BTK","VCPIP1","CCND2"
"BTK","SGK3","CCND2"
"BTK","PTK6","CCND2"
"BTK","IKBKE","CCND2"
"BTK","CCND1","CCND2"
"BTK","STAP1","CCND2"
"BTK","TBK1","CCND2"
"BTK","SPRED1","CCND2"
"BTK","PTPN7","CCND2"
"BTK","FADD","CCND2"
"BTK","TLK1","CCND2"
"BTK","C9orf72","CCND2"
"BTK","MAP4K1","CCND2"
"BTK","RET","CCND2"
"BTK","DDX41","CCND2"
"BTK","IKK-complex","CCND2"
"BTK","SHC1","CCND2"
"BTK","NTRK1","CCND2"
"BTK","EPHA2","CCND2"
"BTK","MAP3K8","CCND2"
"BTK","CDKN1B","CCND2"
"BTK","TEC","CCND2"
"BTK","VCP","CCND2"
"BTK","CD28","CCND2"
"BTK","INPP5D","CCND2"
"BTK","FRS2","CCND2"
"BTK","SET","CCND2"
"BTK","BCL10","CCND2"
"BTK","HDAC2","CCND2"
"BTK","DDX58","CCND2"
"BTK","MST1R","CCND2"
"BTK","ROR2","CCND2"
"BTK","IFIH1","CCND2"
"BTK","RAD50","CCND2"
"BTK","TTI1","CCND2"
"BTK","GRB14","CCND2"
"BTK","STING1","CCND2"
"BTK","SPEN","CCND2"
"BTK","BLVRA","CCND2"
"BTK","CLSPN","CCND2"
"BTK","MAPKAP1","CCND2"
"BTK","GRB7","CCND2"
"BTK","PLCG2","CCND2"
"BTK","RBL2","CCND2"
"BTK","AKT3","TERT"
"BTK","AKT2","TERT"
"BTK","AKT1","TERT"
"BTK","RPS6K","TERT"
"BTK","Gbeta","TERT"
"BTK","LCK","TERT"
"BTK","RPS6KA5","TERT"
"BTK","WNK1","TERT"
"BTK","PRKCB","TERT"
"BTK","PRKCG","TERT"
"BTK","MAP3K1","TERT"
"BTK","MAP3K7","TERT"
"BTK","WWTR1","TERT"
"BTK","DOK1","TERT"
"BTK","MAP3K4","TERT"
"BTK","FGG","TERT"
"BTK","LEPR","TERT"
"BTK","RPS6KA3","TERT"
"BTK","BCL3","TERT"
"BTK","SGK3","TERT"
"BTK","IKBKE","TERT"
"BTK","ILK","TERT"
"BTK","SPRED1","TERT"
"BTK","C9orf72","TERT"
"BTK","RET","TERT"
"BTK","IKK-complex","TERT"
"BTK","NTRK1","TERT"
"BTK","RELA","TERT"
"BTK","EPHA2","TERT"
"BTK","PTPRR","TERT"
"BTK","VCP","TERT"
"BTK","CRTC2","TERT"
"BTK","SET","TERT"
"BTK","PIK3CG","TERT"
"BTK","TRPV1","TERT"
"BTK","MRE11","TERT"
"BTK","HDAC2","TERT"
"BTK","KSR1","TERT"
"BTK","GRB14","TERT"
"BTK","CLSPN","TERT"
"BTK","MAPKAP1","TERT"
"BTK","BAZ1B","TERT"
"BTK","PLCG2","TERT"
"BTK","RBL2","TERT"
"BTK","PTEN","TRPV4"
"BTK","RPS6K","TRPV4"
"BTK","RPS6KA5","TRPV4"
"BTK","WNK1","TRPV4"
"BTK","MAP3K1","TRPV4"
"BTK","MAP3K4","TRPV4"
"BTK","FADD","TRPV4"
"BTK","NTRK1","TRPV4"
"BTK","EPHA2","TRPV4"
"BTK","PTPRR","TRPV4"
"BTK","VCP","TRPV4"
"BTK","GRIP1","TRPV4"
"BTK","TMIGD2","TRPV4"
"BTK","STIP1","TRPV4"
"BTK","CRTC2","TRPV4"
"BTK","CD28","TRPV4"
"BTK","CCNE1","TRPV4"
"BTK","SET","TRPV4"
"BTK","PIK3CG","TRPV4"
"BTK","MRE11","TRPV4"
"BTK","HDAC2","TRPV4"
"BTK","DDX58","TRPV4"
"BTK","IFIH1","TRPV4"
"BTK","LRP6","TRPV4"
"BTK","GRB14","TRPV4"
"BTK","HOXB7","TRPV4"
"BTK","RND1","TRPV4"
"BTK","SPEN","TRPV4"
"BTK","NFKB1","TRPV4"
"BTK","CTDP1","TRPV4"
"BTK","MAPKAP1","TRPV4"
"BTK","GRB7","TRPV4"
"BTK","BAZ1B","TRPV4"
"BTK","PLCG2","TRPV4"
"BTK","RBL2","TRPV4"
"BTK","PPP1R14B","TRPV4"
"BTK","PABIR1","TRPV4"
"BTK","MAPK3","A3/b1 integrin"
"BTK","PRKCQ","A3/b1 integrin"
"BTK","MTOR","A3/b1 integrin"
"BTK","PRKG1","A3/b1 integrin"
"BTK","RPS6K","A3/b1 integrin"
"BTK","PDPK1","A3/b1 integrin"
"BTK","PRKCG","A3/b1 integrin"
"BTK","CyclinD/CDK4","A3/b1 integrin"
"BTK","IKBKB","A3/b1 integrin"
"BTK","WWTR1","A3/b1 integrin"
"BTK","MAP3K4","A3/b1 integrin"
"BTK","DAPK1","A3/b1 integrin"
"BTK","LEPR","A3/b1 integrin"
"BTK","BCL3","A3/b1 integrin"
"BTK","ILK","A3/b1 integrin"
"BTK","MEK1/2","A3/b1 integrin"
"BTK","CDKN2A","A3/b1 integrin"
"BTK","MAP4K1","A3/b1 integrin"
"BTK","IKK-complex","A3/b1 integrin"
"BTK","RPS6KA4","A3/b1 integrin"
"BTK","GPSM3","A3/b1 integrin"
"BTK","MAPKAPK5","A3/b1 integrin"
"BTK","CDKN1B","A3/b1 integrin"
"BTK","FBLIM1","A3/b1 integrin"
"BTK","VCP","A3/b1 integrin"
"BTK","TMIGD2","A3/b1 integrin"
"BTK","SH2B2","A3/b1 integrin"
"BTK","TRPV1","A3/b1 integrin"
"BTK","BCL10","A3/b1 integrin"
"BTK","HDAC2","A3/b1 integrin"
"BTK","KSR1","A3/b1 integrin"
"BTK","DDX58","A3/b1 integrin"
"BTK","ABI1","A3/b1 integrin"
"BTK","TTI1","A3/b1 integrin"
"BTK","GRB14","A3/b1 integrin"
"BTK","HOXB7","A3/b1 integrin"
"BTK","PIK3C3","A3/b1 integrin"
"BTK","STING1","A3/b1 integrin"
"BTK","CTDP1","A3/b1 integrin"
"BTK","MAPKAP1","A3/b1 integrin"
"BTK","PABIR1","A3/b1 integrin"
"BTK","MAPK3","Polycomb repressive complex 2"
"BTK","CHUK","Polycomb repressive complex 2"
"BTK","PTEN","Polycomb repressive complex 2"
"BTK","MTOR","Polycomb repressive complex 2"
"BTK","PRKG1","Polycomb repressive complex 2"
"BTK","ERK1/2","Polycomb repressive complex 2"
"BTK","ABL1","Polycomb repressive complex 2"
"BTK","MAP2K1","Polycomb repressive complex 2"
"BTK","PRKCZ","Polycomb repressive complex 2"
"BTK","CyclinD/CDK4","Polycomb repressive complex 2"
"BTK","WWTR1","Polycomb repressive complex 2"
"BTK","DOK1","Polycomb repressive complex 2"
"BTK","MAP3K4","Polycomb repressive complex 2"
"BTK","DAPK1","Polycomb repressive complex 2"
"BTK","FGG","Polycomb repressive complex 2"
"BTK","LEPR","Polycomb repressive complex 2"
"BTK","ITK","Polycomb repressive complex 2"
"BTK","ATR","Polycomb repressive complex 2"
"BTK","SGK3","Polycomb repressive complex 2"
"BTK","PTK6","Polycomb repressive complex 2"
"BTK","CCND1","Polycomb repressive complex 2"
"BTK","SPRED1","Polycomb repressive complex 2"
"BTK","CALM1","Polycomb repressive complex 2"
"BTK","FADD","Polycomb repressive complex 2"
"BTK","C9orf72","Polycomb repressive complex 2"
"BTK","CDKN2A","Polycomb repressive complex 2"
"BTK","DDX41","Polycomb repressive complex 2"
"BTK","IKK-complex","Polycomb repressive complex 2"
"BTK","NTRK1","Polycomb repressive complex 2"
"BTK","GPSM3","Polycomb repressive complex 2"
"BTK","RELA","Polycomb repressive complex 2"
"BTK","EPHA2","Polycomb repressive complex 2"
"BTK","MAP3K8","Polycomb repressive complex 2"
"BTK","PTPRR","Polycomb repressive complex 2"
"BTK","CDKN1B","Polycomb repressive complex 2"
"BTK","FBLIM1","Polycomb repressive complex 2"
"BTK","TEC","Polycomb repressive complex 2"
"BTK","VCP","Polycomb repressive complex 2"
"BTK","TMIGD2","Polycomb repressive complex 2"
"BTK","CRTC2","Polycomb repressive complex 2"
"BTK","INPP5D","Polycomb repressive complex 2"
"BTK","CCNE1","Polycomb repressive complex 2"
"BTK","SET","Polycomb repressive complex 2"
"BTK","PIK3CG","Polycomb repressive complex 2"
"BTK","SH2B2","Polycomb repressive complex 2"
"BTK","MRE11","Polycomb repressive complex 2"
"BTK","MST1R","Polycomb repressive complex 2"
"BTK","ROR2","Polycomb repressive complex 2"
"BTK","LRP6","Polycomb repressive complex 2"
"BTK","PIK3C3","Polycomb repressive complex 2"
"BTK","STING1","Polycomb repressive complex 2"
"BTK","NFKB1","Polycomb repressive complex 2"
"BTK","TELO2","Polycomb repressive complex 2"
"BTK","BLVRA","Polycomb repressive complex 2"
"BTK","CLSPN","Polycomb repressive complex 2"
"BTK","GRB7","Polycomb repressive complex 2"
"BTK","BAZ1B","Polycomb repressive complex 2"
"BTK","PLCG2","Polycomb repressive complex 2"
"BTK","RBL2","Polycomb repressive complex 2"
"BTK","PPP1R14B","Polycomb repressive complex 2"
"BTK","PABIR1","Polycomb repressive complex 2"
"BTK","MAPK3","MYL12B"
"BTK","AKT3","MYL12B"
"BTK","AKT2","MYL12B"
"BTK","PRKCQ","MYL12B"
"BTK","RPS6K","MYL12B"
"BTK","CALM2","MYL12B"
"BTK","ERK1/2","MYL12B"
"BTK","CDK9","MYL12B"
"BTK","PDPK1","MYL12B"
"BTK","MAP2K1","MYL12B"
"BTK","MAP3K7","MYL12B"
"BTK","AKT","MYL12B"
"BTK","MAP3K4","MYL12B"
"BTK","FGG","MYL12B"
"BTK","DVL1","MYL12B"
"BTK","VCPIP1","MYL12B"
"BTK","ATR","MYL12B"
"BTK","IKBKE","MYL12B"
"BTK","STAP1","MYL12B"
"BTK","TBK1","MYL12B"
"BTK","SHC1","MYL12B"
"BTK","RPS6KA4","MYL12B"
"BTK","GPSM3","MYL12B"
"BTK","RELA","MYL12B"
"BTK","MAP3K8","MYL12B"
"BTK","PTPRR","MYL12B"
"BTK","CCR2","MYL12B"
"BTK","ARRB2","MYL12B"
"BTK","TRAF3","MYL12B"
"BTK","FRS2","MYL12B"
"BTK","SET","MYL12B"
"BTK","PIK3CG","MYL12B"
"BTK","PPP1R14A","MYL12B"
"BTK","BCL10","MYL12B"
"BTK","KSR1","MYL12B"
"BTK","DDX58","MYL12B"
"BTK","ABI1","MYL12B"
"BTK","RAD50","MYL12B"
"BTK","STING1","MYL12B"
"BTK","RBL2","MYL12B"
"BTK","PABIR1","MYL12B"
"BTK","MAPK3","TBX3"
"BTK","AKT1","TBX3"
"BTK","RPS6K","TBX3"
"BTK","CALM2","TBX3"
"BTK","WNK1","TBX3"
"BTK","PDPK1","TBX3"
"BTK","SGK1","TBX3"
"BTK","MAP3K7","TBX3"
"BTK","WWTR1","TBX3"
"BTK","DOK1","TBX3"
"BTK","DAPK1","TBX3"
"BTK","PXN","TBX3"
"BTK","ITK","TBX3"
"BTK","RPS6KA3","TBX3"
"BTK","BCL3","TBX3"
"BTK","FZR1","TBX3"
"BTK","GRB2","TBX3"
"BTK","ATR","TBX3"
"BTK","SGK3","TBX3"
"BTK","PTK6","TBX3"
"BTK","IKBKE","TBX3"
"BTK","ILK","TBX3"
"BTK","PTPN7","TBX3"
"BTK","FADD","TBX3"
"BTK","TLK1","TBX3"
"BTK","CDKN2A","TBX3"
"BTK","MAP4K1","TBX3"
"BTK","DDX41","TBX3"
"BTK","GPSM3","TBX3"
"BTK","VCP","TBX3"
"BTK","TMIGD2","TBX3"
"BTK","STIP1","TBX3"
"BTK","PSTPIP1","TBX3"
"BTK","ARRB2","TBX3"
"BTK","CRTC2","TBX3"
"BTK","CD28","TBX3"
"BTK","INPP5D","TBX3"
"BTK","FRS2","TBX3"
"BTK","IMPDH2","TBX3"
"BTK","PPP1R14A","TBX3"
"BTK","PIK3R6","TBX3"
"BTK","MRE11","TBX3"
"BTK","MST1R","TBX3"
"BTK","RAD50","TBX3"
"BTK","PIK3C3","TBX3"
"BTK","RND1","TBX3"
"BTK","STING1","TBX3"
"BTK","BLVRA","TBX3"
"BTK","BAZ1B","TBX3"
"BTK","PLCG2","TBX3"
"BTK","PABIR1","TBX3"
"BTK","MAPK3","RUFY1"
"BTK","AKT2","RUFY1"
"BTK","CCP110","RUFY1"
"BTK","ERK1/2","RUFY1"
"BTK","Gbeta","RUFY1"
"BTK","WNK1","RUFY1"
"BTK","PRKCG","RUFY1"
"BTK","PRKCZ","RUFY1"
"BTK","MAP3K1","RUFY1"
"BTK","WWTR1","RUFY1"
"BTK","FGG","RUFY1"
"BTK","ITK","RUFY1"
"BTK","BCL3","RUFY1"
"BTK","FZR1","RUFY1"
"BTK","STAP1","RUFY1"
"BTK","MAP4K1","RUFY1"
"BTK","IKK-complex","RUFY1"
"BTK","RPS6KA4","RUFY1"
"BTK","GPSM3","RUFY1"
"BTK","RELA","RUFY1"
"BTK","EPHA2","RUFY1"
"BTK","FBLIM1","RUFY1"
"BTK","VCP","RUFY1"
"BTK","TMIGD2","RUFY1"
"BTK","FRS2","RUFY1"
"BTK","BCL10","RUFY1"
"BTK","UBXN2B","RUFY1"
"BTK","LRP6","RUFY1"
"BTK","NFKB1","RUFY1"
"BTK","GRB7","RUFY1"
"BTK","MAPK3","ITGB6"
"BTK","ERK1/2","ITGB6"
"BTK","SGK1","ITGB6"
"BTK","MAP2K1","ITGB6"
"BTK","PRKCZ","ITGB6"
"BTK","CyclinD/CDK4","ITGB6"
"BTK","MAP3K1","ITGB6"
"BTK","IKBKB","ITGB6"
"BTK","WWTR1","ITGB6"
"BTK","MAP3K4","ITGB6"
"BTK","DAPK1","ITGB6"
"BTK","FZR1","ITGB6"
"BTK","SGK3","ITGB6"
"BTK","TBK1","ITGB6"
"BTK","CALM1","ITGB6"
"BTK","STK38","ITGB6"
"BTK","TLK1","ITGB6"
"BTK","C9orf72","ITGB6"
"BTK","SHC1","ITGB6"
"BTK","NTRK1","ITGB6"
"BTK","RELA","ITGB6"
"BTK","VCP","ITGB6"
"BTK","STIP1","ITGB6"
"BTK","FRS2","ITGB6"
"BTK","CCNE1","ITGB6"
"BTK","TRPV1","ITGB6"
"BTK","MRE11","ITGB6"
"BTK","UBXN2B","ITGB6"
"BTK","MST1R","ITGB6"
"BTK","ABI1","ITGB6"
"BTK","RAD50","ITGB6"
"BTK","TTI1","ITGB6"
"BTK","PIK3C3","ITGB6"
"BTK","CLSPN","ITGB6"
"BTK","MAPKAP1","ITGB6"
"BTK","BAZ1B","ITGB6"
"BTK","PABIR1","ITGB6"
"BTK","MAPK3","A8/b1 integrin"
"BTK","PTEN","A8/b1 integrin"
"BTK","AKT1","A8/b1 integrin"
"BTK","RPS6K","A8/b1 integrin"
"BTK","CALM2","A8/b1 integrin"
"BTK","ERK1/2","A8/b1 integrin"
"BTK","RPS6KA5","A8/b1 integrin"
"BTK","MAP2K1","A8/b1 integrin"
"BTK","PRKCB","A8/b1 integrin"
"BTK","MAP3K1","A8/b1 integrin"
"BTK","WWTR1","A8/b1 integrin"
"BTK","MAP3K4","A8/b1 integrin"
"BTK","PXN","A8/b1 integrin"
"BTK","LEPR","A8/b1 integrin"
"BTK","DVL1","A8/b1 integrin"
"BTK","ATR","A8/b1 integrin"
"BTK","ILK","A8/b1 integrin"
"BTK","SPRED1","A8/b1 integrin"
"BTK","MEK1/2","A8/b1 integrin"
"BTK","CALM1","A8/b1 integrin"
"BTK","TLK1","A8/b1 integrin"
"BTK","MAP4K1","A8/b1 integrin"
"BTK","DDX41","A8/b1 integrin"
"BTK","SHC1","A8/b1 integrin"
"BTK","GPSM3","A8/b1 integrin"
"BTK","RELA","A8/b1 integrin"
"BTK","EPHA2","A8/b1 integrin"
"BTK","MAP3K8","A8/b1 integrin"
"BTK","PTPRR","A8/b1 integrin"
"BTK","VCP","A8/b1 integrin"
"BTK","TMIGD2","A8/b1 integrin"
"BTK","CCR2","A8/b1 integrin"
"BTK","ARRB2","A8/b1 integrin"
"BTK","CRTC2","A8/b1 integrin"
"BTK","INPP5D","A8/b1 integrin"
"BTK","FRS2","A8/b1 integrin"
"BTK","PIK3CG","A8/b1 integrin"
"BTK","PPP1R14A","A8/b1 integrin"
"BTK","PIK3R6","A8/b1 integrin"
"BTK","KSR1","A8/b1 integrin"
"BTK","DDX58","A8/b1 integrin"
"BTK","UBXN2B","A8/b1 integrin"
"BTK","ROR2","A8/b1 integrin"
"BTK","IFIH1","A8/b1 integrin"
"BTK","WDFY3","A8/b1 integrin"
"BTK","RND1","A8/b1 integrin"
"BTK","STING1","A8/b1 integrin"
"BTK","SPEN","A8/b1 integrin"
"BTK","NFKB1","A8/b1 integrin"
"BTK","TELO2","A8/b1 integrin"
"BTK","CLSPN","A8/b1 integrin"
"BTK","GRB7","A8/b1 integrin"
"BTK","PPP1R14B","A8/b1 integrin"
"BTK","PABIR1","A8/b1 integrin"
"BTK","MAPK3","SIRT7"
"BTK","AKT3","SIRT7"
"BTK","CHUK","SIRT7"
"BTK","PTEN","SIRT7"
"BTK","PRKCQ","SIRT7"
"BTK","CCP110","SIRT7"
"BTK","Gbeta","SIRT7"
"BTK","ABL1","SIRT7"
"BTK","WNK1","SIRT7"
"BTK","PDPK1","SIRT7"
"BTK","MAP2K1","SIRT7"
"BTK","PRKCB","SIRT7"
"BTK","PRKCG","SIRT7"
"BTK","PRKCZ","SIRT7"
"BTK","CyclinD/CDK4","SIRT7"
"BTK","IKBKB","SIRT7"
"BTK","PXN","SIRT7"
"BTK","BCL3","SIRT7"
"BTK","DVL1","SIRT7"
"BTK","PTK6","SIRT7"
"BTK","IKBKE","SIRT7"
"BTK","STAP1","SIRT7"
"BTK","FADD","SIRT7"
"BTK","TLK1","SIRT7"
"BTK","MAP4K1","SIRT7"
"BTK","IKK-complex","SIRT7"
"BTK","MAPKAPK5","SIRT7"
"BTK","TEC","SIRT7"
"BTK","CD28","SIRT7"
"BTK","FRS2","SIRT7"
"BTK","MRE11","SIRT7"
"BTK","MST1R","SIRT7"
"BTK","ROR2","SIRT7"
"BTK","RAD50","SIRT7"
"BTK","TTI1","SIRT7"
"BTK","WDFY3","SIRT7"
"BTK","LRP6","SIRT7"
"BTK","HOXB7","SIRT7"
"BTK","PIK3C3","SIRT7"
"BTK","STING1","SIRT7"
"BTK","NFKB1","SIRT7"
"BTK","RBL2","SIRT7"
"BTK","AKT2","EIF4E"
"BTK","MTOR","EIF4E"
"BTK","PRKG1","EIF4E"
"BTK","ERK1/2","EIF4E"
"BTK","Gbeta","EIF4E"
"BTK","ABL1","EIF4E"
"BTK","PDPK1","EIF4E"
"BTK","SGK1","EIF4E"
"BTK","MAP2K1","EIF4E"
"BTK","PRKCB","EIF4E"
"BTK","CyclinD/CDK4","EIF4E"
"BTK","MAP3K1","EIF4E"
"BTK","MAP3K7","EIF4E"
"BTK","DOK1","EIF4E"
"BTK","MAP3K4","EIF4E"
"BTK","DAPK1","EIF4E"
"BTK","LEPR","EIF4E"
"BTK","GRB2","EIF4E"
"BTK","ATR","EIF4E"
"BTK","SGK3","EIF4E"
"BTK","IKBKE","EIF4E"
"BTK","CCND1","EIF4E"
"BTK","TBK1","EIF4E"
"BTK","SPRED1","EIF4E"
"BTK","MEK1/2","EIF4E"
"BTK","TLK1","EIF4E"
"BTK","RET","EIF4E"
"BTK","RELA","EIF4E"
"BTK","MAPKAPK5","EIF4E"
"BTK","FBLIM1","EIF4E"
"BTK","VCP","EIF4E"
"BTK","TMIGD2","EIF4E"
"BTK","PSTPIP1","EIF4E"
"BTK","ARRB2","EIF4E"
"BTK","TRAF3","EIF4E"
"BTK","CD28","EIF4E"
"BTK","FRS2","EIF4E"
"BTK","CCNE1","EIF4E"
"BTK","TRPV1","EIF4E"
"BTK","UBXN2B","EIF4E"
"BTK","MST1R","EIF4E"
"BTK","ABI1","EIF4E"
"BTK","WDFY3","EIF4E"
"BTK","LRP6","EIF4E"
"BTK","RND1","EIF4E"
"BTK","NFKB1","EIF4E"
"BTK","BLVRA","EIF4E"
"BTK","CLSPN","EIF4E"
"BTK","MAPKAP1","EIF4E"
"BTK","PPP1R14B","EIF4E"
"BTK","AKT3","RPLP2"
"BTK","CHUK","RPLP2"
"BTK","CALM2","RPLP2"
"BTK","Gbeta","RPLP2"
"BTK","CDK9","RPLP2"
"BTK","RPS6KA5","RPLP2"
"BTK","MAP2K1","RPLP2"
"BTK","CyclinD/CDK4","RPLP2"
"BTK","WWTR1","RPLP2"
"BTK","MAP3K4","RPLP2"
"BTK","DAPK1","RPLP2"
"BTK","PXN","RPLP2"
"BTK","LEPR","RPLP2"
"BTK","BCL3","RPLP2"
"BTK","GRB2","RPLP2"
"BTK","VCPIP1","RPLP2"
"BTK","IKBKE","RPLP2"
"BTK","ILK","RPLP2"
"BTK","PTPN7","RPLP2"
"BTK","CALM1","RPLP2"
"BTK","FADD","RPLP2"
"BTK","STK38","RPLP2"
"BTK","TLK1","RPLP2"
"BTK","C9orf72","RPLP2"
"BTK","DDX41","RPLP2"
"BTK","IKK-complex","RPLP2"
"BTK","GPSM3","RPLP2"
"BTK","MAPKAPK5","RPLP2"
"BTK","PTPRR","RPLP2"
"BTK","STIP1","RPLP2"
"BTK","TRAF3","RPLP2"
"BTK","INPP5D","RPLP2"
"BTK","IMPDH2","RPLP2"
"BTK","SET","RPLP2"
"BTK","SH2B2","RPLP2"
"BTK","BCL10","RPLP2"
"BTK","PIK3R6","RPLP2"
"BTK","HDAC2","RPLP2"
"BTK","DDX58","RPLP2"
"BTK","MST1R","RPLP2"
"BTK","ROR2","RPLP2"
"BTK","IFIH1","RPLP2"
"BTK","TTI1","RPLP2"
"BTK","CLSPN","RPLP2"
"BTK","PPP1R14B","RPLP2"
"BTK","PABIR1","RPLP2"
"BTK","MAPK3","STAP2"
"BTK","AKT3","STAP2"
"BTK","AKT2","STAP2"
"BTK","PTEN","STAP2"
"BTK","PRKCQ","STAP2"
"BTK","MTOR","STAP2"
"BTK","AKT1","STAP2"
"BTK","PRKG1","STAP2"
"BTK","CCP110","STAP2"
"BTK","RPS6K","STAP2"
"BTK","CALM2","STAP2"
"BTK","ERK1/2","STAP2"
"BTK","LCK","STAP2"
"BTK","CDK9","STAP2"
"BTK","ABL1","STAP2"
"BTK","RPS6KA5","STAP2"
"BTK","WNK1","STAP2"
"BTK","PDPK1","STAP2"
"BTK","SGK1","STAP2"
"BTK","MAP2K1","STAP2"
"BTK","PRKCB","STAP2"
"BTK","CyclinD/CDK4","STAP2"
"BTK","MAP3K1","STAP2"
"BTK","AKT","STAP2"
"BTK","IKBKB","STAP2"
"BTK","WWTR1","STAP2"
"BTK","DOK1","STAP2"
"BTK","MAP3K4","STAP2"
"BTK","DAPK1","STAP2"
"BTK","FGG","STAP2"
"BTK","LEPR","STAP2"
"BTK","ITK","STAP2"
"BTK","RPS6KA3","STAP2"
"BTK","BCL3","STAP2"
"BTK","DVL1","STAP2"
"BTK","FZR1","STAP2"
"BTK","ATR","STAP2"
"BTK","SGK3","STAP2"
"BTK","IKBKE","STAP2"
"BTK","CCND1","STAP2"
"BTK","ILK","STAP2"
"BTK","TBK1","STAP2"
"BTK","SPRED1","STAP2"
"BTK","CALM1","STAP2"
"BTK","STK38","STAP2"
"BTK","TLK1","STAP2"
"BTK","C9orf72","STAP2"
"BTK","MAP4K1","STAP2"
"BTK","RET","STAP2"
"BTK","DDX41","STAP2"
"BTK","IKK-complex","STAP2"
"BTK","NTRK1","STAP2"
"BTK","RELA","STAP2"
"BTK","MAPKAPK5","STAP2"
"BTK","CDKN1B","STAP2"
"BTK","FBLIM1","STAP2"
"BTK","VCP","STAP2"
"BTK","GRIP1","STAP2"
"BTK","STIP1","STAP2"
"BTK","PSTPIP1","STAP2"
"BTK","ARRB2","STAP2"
"BTK","TRAF3","STAP2"
"BTK","CD28","STAP2"
"BTK","INPP5D","STAP2"
"BTK","PIK3CG","STAP2"
"BTK","PIK3R6","STAP2"
"BTK","UBXN2B","STAP2"
"BTK","ABI1","STAP2"
"BTK","IFIH1","STAP2"
"BTK","RAD50","STAP2"
"BTK","TTI1","STAP2"
"BTK","GRB14","STAP2"
"BTK","SPEN","STAP2"
"BTK","TELO2","STAP2"
"BTK","PABIR1","STAP2"
"BTK","MTOR","CAT"
"BTK","PRKG1","CAT"
"BTK","CCP110","CAT"
"BTK","CALM2","CAT"
"BTK","ERK1/2","CAT"
"BTK","SGK1","CAT"
"BTK","PRKCG","CAT"
"BTK","CyclinD/CDK4","CAT"
"BTK","MAP3K1","CAT"
"BTK","WWTR1","CAT"
"BTK","MAP3K4","CAT"
"BTK","DAPK1","CAT"
"BTK","FGG","CAT"
"BTK","LEPR","CAT"
"BTK","DVL1","CAT"
"BTK","FZR1","CAT"
"BTK","ATR","CAT"
"BTK","PTK6","CAT"
"BTK","IKBKE","CAT"
"BTK","STAP1","CAT"
"BTK","SPRED1","CAT"
"BTK","PTPN7","CAT"
"BTK","C9orf72","CAT"
"BTK","SHC1","CAT"
"BTK","RPS6KA4","CAT"
"BTK","NTRK1","CAT"
"BTK","EPHA2","CAT"
"BTK","MAP3K8","CAT"
"BTK","PTPRR","CAT"
"BTK","CDKN1B","CAT"
"BTK","FBLIM1","CAT"
"BTK","TEC","CAT"
"BTK","VCP","CAT"
"BTK","GRIP1","CAT"
"BTK","CCR2","CAT"
"BTK","STIP1","CAT"
"BTK","PSTPIP1","CAT"
"BTK","TRAF3","CAT"
"BTK","FRS2","CAT"
"BTK","CCNE1","CAT"
"BTK","SET","CAT"
"BTK","PIK3CG","CAT"
"BTK","SH2B2","CAT"
"BTK","PPP1R14A","CAT"
"BTK","BCL10","CAT"
"BTK","PIK3R6","CAT"
"BTK","MRE11","CAT"
"BTK","HDAC2","CAT"
"BTK","KSR1","CAT"
"BTK","DDX58","CAT"
"BTK","UBXN2B","CAT"
"BTK","MST1R","CAT"
"BTK","ROR2","CAT"
"BTK","ABI1","CAT"
"BTK","IFIH1","CAT"
"BTK","TTI1","CAT"
"BTK","LRP6","CAT"
"BTK","HOXB7","CAT"
"BTK","PIK3C3","CAT"
"BTK","STING1","CAT"
"BTK","CTDP1","CAT"
"BTK","TELO2","CAT"
"BTK","BLVRA","CAT"
"BTK","MAPKAP1","CAT"
"BTK","GRB7","CAT"
"BTK","BAZ1B","CAT"
"BTK","PLCG2","CAT"
"BTK","RBL2","CAT"
"BTK","PABIR1","CAT"
"BTK","AKT3","SLC9A1"
"BTK","CHUK","SLC9A1"
"BTK","AKT2","SLC9A1"
"BTK","PTEN","SLC9A1"
"BTK","PRKCQ","SLC9A1"
"BTK","MTOR","SLC9A1"
"BTK","AKT1","SLC9A1"
"BTK","CCP110","SLC9A1"
"BTK","RPS6K","SLC9A1"
"BTK","ERK1/2","SLC9A1"
"BTK","Gbeta","SLC9A1"
"BTK","CDK9","SLC9A1"
"BTK","RPS6KA5","SLC9A1"
"BTK","PDPK1","SLC9A1"
"BTK","PRKCG","SLC9A1"
"BTK","PRKCZ","SLC9A1"
"BTK","DOK1","SLC9A1"
"BTK","FGG","SLC9A1"
"BTK","ITK","SLC9A1"
"BTK","RPS6KA3","SLC9A1"
"BTK","DVL1","SLC9A1"
"BTK","GRB2","SLC9A1"
"BTK","VCPIP1","SLC9A1"
"BTK","ATR","SLC9A1"
"BTK","SGK3","SLC9A1"
"BTK","PTK6","SLC9A1"
"BTK","SPRED1","SLC9A1"
"BTK","STK38","SLC9A1"
"BTK","RPS6KA4","SLC9A1"
"BTK","NTRK1","SLC9A1"
"BTK","GPSM3","SLC9A1"
"BTK","MAP3K8","SLC9A1"
"BTK","PTPRR","SLC9A1"
"BTK","CCR2","SLC9A1"
"BTK","CRTC2","SLC9A1"
"BTK","CD28","SLC9A1"
"BTK","INPP5D","SLC9A1"
"BTK","SET","SLC9A1"
"BTK","UBXN2B","SLC9A1"
"BTK","ABI1","SLC9A1"
"BTK","TTI1","SLC9A1"
"BTK","PABIR1","SLC9A1"
"BTK","AKT3","HTT"
"BTK","PRKCQ","HTT"
"BTK","CCP110","HTT"
"BTK","RPS6K","HTT"
"BTK","Gbeta","HTT"
"BTK","ABL1","HTT"
"BTK","WNK1","HTT"
"BTK","MAP2K1","HTT"
"BTK","PRKCB","HTT"
"BTK","PRKCG","HTT"
"BTK","PRKCZ","HTT"
"BTK","MAP3K1","HTT"
"BTK","MAP3K7","HTT"
"BTK","DOK1","HTT"
"BTK","FGG","HTT"
"BTK","LEPR","HTT"
"BTK","GRB2","HTT"
"BTK","SGK3","HTT"
"BTK","PTK6","HTT"
"BTK","IKBKE","HTT"
"BTK","ILK","HTT"
"BTK","CALM1","HTT"
"BTK","C9orf72","HTT"
"BTK","CDKN2A","HTT"
"BTK","MAP4K1","HTT"
"BTK","NTRK1","HTT"
"BTK","PTPRR","HTT"
"BTK","CDKN1B","HTT"
"BTK","FBLIM1","HTT"
"BTK","TMIGD2","HTT"
"BTK","CCR2","HTT"
"BTK","ARRB2","HTT"
"BTK","INPP5D","HTT"
"BTK","FRS2","HTT"
"BTK","IMPDH2","HTT"
"BTK","PIK3CG","HTT"
"BTK","DDX58","HTT"
"BTK","ROR2","HTT"
"BTK","ABI1","HTT"
"BTK","RAD50","HTT"
"BTK","RND1","HTT"
"BTK","TELO2","HTT"
"BTK","GRB7","HTT"
"BTK","RBL2","HTT"
"BTK","PRKCQ","HK2"
"BTK","CCP110","HK2"
"BTK","CALM2","HK2"
"BTK","Gbeta","HK2"
"BTK","LCK","HK2"
"BTK","CDK9","HK2"
"BTK","ABL1","HK2"
"BTK","RPS6KA5","HK2"
"BTK","PDPK1","HK2"
"BTK","SGK1","HK2"
"BTK","PRKCZ","HK2"
"BTK","CyclinD/CDK4","HK2"
"BTK","MAP3K1","HK2"
"BTK","AKT","HK2"
"BTK","WWTR1","HK2"
"BTK","ITK","HK2"
"BTK","RPS6KA3","HK2"
"BTK","DVL1","HK2"
"BTK","SGK3","HK2"
"BTK","ILK","HK2"
"BTK","STAP1","HK2"
"BTK","MEK1/2","HK2"
"BTK","PTPN7","HK2"
"BTK","FADD","HK2"
"BTK","TLK1","HK2"
"BTK","DDX41","HK2"
"BTK","IKK-complex","HK2"
"BTK","SHC1","HK2"
"BTK","RPS6KA4","HK2"
"BTK","GPSM3","HK2"
"BTK","CDKN1B","HK2"
"BTK","FBLIM1","HK2"
"BTK","TEC","HK2"
"BTK","TMIGD2","HK2"
"BTK","IMPDH2","HK2"
"BTK","PIK3CG","HK2"
"BTK","PPP1R14A","HK2"
"BTK","PIK3R6","HK2"
"BTK","DDX58","HK2"
"BTK","ROR2","HK2"
"BTK","RAD50","HK2"
"BTK","CTDP1","HK2"
"BTK","TELO2","HK2"
"BTK","BLVRA","HK2"
"BTK","CLSPN","HK2"
"BTK","MAPKAP1","HK2"
"BTK","GRB7","HK2"
"BTK","BAZ1B","HK2"
"BTK","PLCG2","HK2"
"BTK","RBL2","HK2"
"BTK","PPP1R14B","HK2"
"BTK","PABIR1","HK2"
"BTK","MAPK3","PLA2G4A"
"BTK","CHUK","PLA2G4A"
"BTK","PRKCQ","PLA2G4A"
"BTK","AKT1","PLA2G4A"
"BTK","CCP110","PLA2G4A"
"BTK","CALM2","PLA2G4A"
"BTK","Gbeta","PLA2G4A"
"BTK","LCK","PLA2G4A"
"BTK","CDK9","PLA2G4A"
"BTK","ABL1","PLA2G4A"
"BTK","RPS6KA5","PLA2G4A"
"BTK","WNK1","PLA2G4A"
"BTK","SGK1","PLA2G4A"
"BTK","MAP2K1","PLA2G4A"
"BTK","MAP3K1","PLA2G4A"
"BTK","AKT","PLA2G4A"
"BTK","IKBKB","PLA2G4A"
"BTK","DAPK1","PLA2G4A"
"BTK","PXN","PLA2G4A"
"BTK","FGG","PLA2G4A"
"BTK","LEPR","PLA2G4A"
"BTK","ITK","PLA2G4A"
"BTK","BCL3","PLA2G4A"
"BTK","DVL1","PLA2G4A"
"BTK","FZR1","PLA2G4A"
"BTK","GRB2","PLA2G4A"
"BTK","VCPIP1","PLA2G4A"
"BTK","IKBKE","PLA2G4A"
"BTK","CCND1","PLA2G4A"
"BTK","ILK","PLA2G4A"
"BTK","STAP1","PLA2G4A"
"BTK","TBK1","PLA2G4A"
"BTK","SPRED1","PLA2G4A"
"BTK","MEK1/2","PLA2G4A"
"BTK","PTPN7","PLA2G4A"
"BTK","FADD","PLA2G4A"
"BTK","STK38","PLA2G4A"
"BTK","C9orf72","PLA2G4A"
"BTK","MAP4K1","PLA2G4A"
"BTK","RET","PLA2G4A"
"BTK","DDX41","PLA2G4A"
"BTK","IKK-complex","PLA2G4A"
"BTK","SHC1","PLA2G4A"
"BTK","RPS6KA4","PLA2G4A"
"BTK","NTRK1","PLA2G4A"
"BTK","RELA","PLA2G4A"
"BTK","TEC","PLA2G4A"
"BTK","VCP","PLA2G4A"
"BTK","GRIP1","PLA2G4A"
"BTK","TRAF3","PLA2G4A"
"BTK","CD28","PLA2G4A"
"BTK","INPP5D","PLA2G4A"
"BTK","IMPDH2","PLA2G4A"
"BTK","PPP1R14A","PLA2G4A"
"BTK","BCL10","PLA2G4A"
"BTK","HDAC2","PLA2G4A"
"BTK","KSR1","PLA2G4A"
"BTK","DDX58","PLA2G4A"
"BTK","UBXN2B","PLA2G4A"
"BTK","MST1R","PLA2G4A"
"BTK","ROR2","PLA2G4A"
"BTK","LRP6","PLA2G4A"
"BTK","HOXB7","PLA2G4A"
"BTK","RND1","PLA2G4A"
"BTK","SPEN","PLA2G4A"
"BTK","NFKB1","PLA2G4A"
"BTK","BLVRA","PLA2G4A"
"BTK","AKT3","LIG3"
"BTK","AKT2","LIG3"
"BTK","MTOR","LIG3"
"BTK","PRKG1","LIG3"
"BTK","RPS6K","LIG3"
"BTK","ERK1/2","LIG3"
"BTK","Gbeta","LIG3"
"BTK","CDK9","LIG3"
"BTK","RPS6KA5","LIG3"
"BTK","WNK1","LIG3"
"BTK","PDPK1","LIG3"
"BTK","MAP2K1","LIG3"
"BTK","MAP3K7","LIG3"
"BTK","AKT","LIG3"
"BTK","IKBKB","LIG3"
"BTK","ITK","LIG3"
"BTK","FZR1","LIG3"
"BTK","GRB2","LIG3"
"BTK","VCPIP1","LIG3"
"BTK","ATR","LIG3"
"BTK","SGK3","LIG3"
"BTK","TBK1","LIG3"
"BTK","SPRED1","LIG3"
"BTK","PTPN7","LIG3"
"BTK","RET","LIG3"
"BTK","SHC1","LIG3"
"BTK","EPHA2","LIG3"
"BTK","MAP3K8","LIG3"
"BTK","CDKN1B","LIG3"
"BTK","FBLIM1","LIG3"
"BTK","VCP","LIG3"
"BTK","GRIP1","LIG3"
"BTK","CCR2","LIG3"
"BTK","TRAF3","LIG3"
"BTK","CRTC2","LIG3"
"BTK","CD28","LIG3"
"BTK","INPP5D","LIG3"
"BTK","FRS2","LIG3"
"BTK","IMPDH2","LIG3"
"BTK","SET","LIG3"
"BTK","PIK3CG","LIG3"
"BTK","SH2B2","LIG3"
"BTK","PPP1R14A","LIG3"
"BTK","HDAC2","LIG3"
"BTK","MST1R","LIG3"
"BTK","ROR2","LIG3"
"BTK","ABI1","LIG3"
"BTK","WDFY3","LIG3"
"BTK","STING1","LIG3"
"BTK","BLVRA","LIG3"
"BTK","MAPKAP1","LIG3"
"BTK","BAZ1B","LIG3"
"BTK","RBL2","LIG3"
"BTK","PRKCQ","MYB"
"BTK","AKT1","MYB"
"BTK","WNK1","MYB"
"BTK","PRKCZ","MYB"
"BTK","LEPR","MYB"
"BTK","RPS6KA3","MYB"
"BTK","DVL1","MYB"
"BTK","ATR","MYB"
"BTK","SGK3","MYB"
"BTK","CCND1","MYB"
"BTK","ILK","MYB"
"BTK","MEK1/2","MYB"
"BTK","PTPN7","MYB"
"BTK","FADD","MYB"
"BTK","STK38","MYB"
"BTK","CDKN2A","MYB"
"BTK","NTRK1","MYB"
"BTK","RELA","MYB"
"BTK","FBLIM1","MYB"
"BTK","TMIGD2","MYB"
"BTK","STIP1","MYB"
"BTK","PSTPIP1","MYB"
"BTK","ARRB2","MYB"
"BTK","INPP5D","MYB"
"BTK","FRS2","MYB"
"BTK","CCNE1","MYB"
"BTK","SET","MYB"
"BTK","SH2B2","MYB"
"BTK","PIK3R6","MYB"
"BTK","MRE11","MYB"
"BTK","DDX58","MYB"
"BTK","ABI1","MYB"
"BTK","RAD50","MYB"
"BTK","TTI1","MYB"
"BTK","WDFY3","MYB"
"BTK","LRP6","MYB"
"BTK","HOXB7","MYB"
"BTK","PIK3C3","MYB"
"BTK","SPEN","MYB"
"BTK","BAZ1B","MYB"
"BTK","PPP1R14B","MYB"
"BTK","AKT3","CEP68"
"BTK","PRKCQ","CEP68"
"BTK","AKT1","CEP68"
"BTK","RPS6K","CEP68"
"BTK","CALM2","CEP68"
"BTK","LCK","CEP68"
"BTK","ABL1","CEP68"
"BTK","PDPK1","CEP68"
"BTK","PRKCB","CEP68"
"BTK","MAP3K7","CEP68"
"BTK","IKBKB","CEP68"
"BTK","WWTR1","CEP68"
"BTK","MAP3K4","CEP68"
"BTK","PXN","CEP68"
"BTK","LEPR","CEP68"
"BTK","VCPIP1","CEP68"
"BTK","ATR","CEP68"
"BTK","SGK3","CEP68"
"BTK","PTK6","CEP68"
"BTK","IKBKE","CEP68"
"BTK","ILK","CEP68"
"BTK","STAP1","CEP68"
"BTK","TBK1","CEP68"
"BTK","MEK1/2","CEP68"
"BTK","TLK1","CEP68"
"BTK","C9orf72","CEP68"
"BTK","CDKN2A","CEP68"
"BTK","MAP4K1","CEP68"
"BTK","RET","CEP68"
"BTK","DDX41","CEP68"
"BTK","RPS6KA4","CEP68"
"BTK","GPSM3","CEP68"
"BTK","MAPKAPK5","CEP68"
"BTK","EPHA2","CEP68"
"BTK","PTPRR","CEP68"
"BTK","CDKN1B","CEP68"
"BTK","FBLIM1","CEP68"
"BTK","TEC","CEP68"
"BTK","VCP","CEP68"
"BTK","GRIP1","CEP68"
"BTK","TMIGD2","CEP68"
"BTK","INPP5D","CEP68"
"BTK","CCNE1","CEP68"
"BTK","PIK3CG","CEP68"
"BTK","SH2B2","CEP68"
"BTK","TRPV1","CEP68"
"BTK","PPP1R14A","CEP68"
"BTK","BCL10","CEP68"
"BTK","PIK3R6","CEP68"
"BTK","MRE11","CEP68"
"BTK","KSR1","CEP68"
"BTK","DDX58","CEP68"
"BTK","UBXN2B","CEP68"
"BTK","ROR2","CEP68"
"BTK","GRB14","CEP68"
"BTK","RND1","CEP68"
"BTK","SPEN","CEP68"
"BTK","TELO2","CEP68"
"BTK","BLVRA","CEP68"
"BTK","CLSPN","CEP68"
"BTK","GRB7","CEP68"
"BTK","BAZ1B","CEP68"
"BTK","PPP1R14B","CEP68"
"BTK","PABIR1","CEP68"
"BTK","MAPK3","TBC1D1"
"BTK","AKT2","TBC1D1"
"BTK","MTOR","TBC1D1"
"BTK","CCP110","TBC1D1"
"BTK","CALM2","TBC1D1"
"BTK","ERK1/2","TBC1D1"
"BTK","Gbeta","TBC1D1"
"BTK","LCK","TBC1D1"
"BTK","CDK9","TBC1D1"
"BTK","ABL1","TBC1D1"
"BTK","RPS6KA5","TBC1D1"
"BTK","WNK1","TBC1D1"
"BTK","PRKCB","TBC1D1"
"BTK","MAP3K1","TBC1D1"
"BTK","AKT","TBC1D1"
"BTK","WWTR1","TBC1D1"
"BTK","MAP3K4","TBC1D1"
"BTK","DAPK1","TBC1D1"
"BTK","RPS6KA3","TBC1D1"
"BTK","GRB2","TBC1D1"
"BTK","CCND1","TBC1D1"
"BTK","STAP1","TBC1D1"
"BTK","TBK1","TBC1D1"
"BTK","SPRED1","TBC1D1"
"BTK","MEK1/2","TBC1D1"
"BTK","PTPN7","TBC1D1"
"BTK","FADD","TBC1D1"
"BTK","C9orf72","TBC1D1"
"BTK","MAP4K1","TBC1D1"
"BTK","DDX41","TBC1D1"
"BTK","IKK-complex","TBC1D1"
"BTK","SHC1","TBC1D1"
"BTK","EPHA2","TBC1D1"
"BTK","PTPRR","TBC1D1"
"BTK","TEC","TBC1D1"
"BTK","VCP","TBC1D1"
"BTK","STIP1","TBC1D1"
"BTK","PSTPIP1","TBC1D1"
"BTK","TRAF3","TBC1D1"
"BTK","CD28","TBC1D1"
"BTK","INPP5D","TBC1D1"
"BTK","FRS2","TBC1D1"
"BTK","CCNE1","TBC1D1"
"BTK","IMPDH2","TBC1D1"
"BTK","PIK3CG","TBC1D1"
"BTK","PPP1R14A","TBC1D1"
"BTK","BCL10","TBC1D1"
"BTK","PIK3R6","TBC1D1"
"BTK","HDAC2","TBC1D1"
"BTK","DDX58","TBC1D1"
"BTK","UBXN2B","TBC1D1"
"BTK","MST1R","TBC1D1"
"BTK","ROR2","TBC1D1"
"BTK","IFIH1","TBC1D1"
"BTK","RAD50","TBC1D1"
"BTK","GRB14","TBC1D1"
"BTK","STING1","TBC1D1"
"BTK","NFKB1","TBC1D1"
"BTK","BLVRA","TBC1D1"
"BTK","MAPKAP1","TBC1D1"
"BTK","BAZ1B","TBC1D1"
"BTK","PLCG2","TBC1D1"
"BTK","RBL2","TBC1D1"
"BTK","PPP1R14B","TBC1D1"
"BTK","MAPK3","POU2F1"
"BTK","AKT3","POU2F1"
"BTK","CHUK","POU2F1"
"BTK","AKT2","POU2F1"
"BTK","PTEN","POU2F1"
"BTK","MTOR","POU2F1"
"BTK","CALM2","POU2F1"
"BTK","ERK1/2","POU2F1"
"BTK","Gbeta","POU2F1"
"BTK","LCK","POU2F1"
"BTK","CDK9","POU2F1"
"BTK","RPS6KA5","POU2F1"
"BTK","MAP2K1","POU2F1"
"BTK","PRKCG","POU2F1"
"BTK","CyclinD/CDK4","POU2F1"
"BTK","IKBKB","POU2F1"
"BTK","DOK1","POU2F1"
"BTK","LEPR","POU2F1"
"BTK","BCL3","POU2F1"
"BTK","DVL1","POU2F1"
"BTK","GRB2","POU2F1"
"BTK","VCPIP1","POU2F1"
"BTK","ATR","POU2F1"
"BTK","SGK3","POU2F1"
"BTK","PTK6","POU2F1"
"BTK","IKBKE","POU2F1"
"BTK","ILK","POU2F1"
"BTK","TBK1","POU2F1"
"BTK","CALM1","POU2F1"
"BTK","FADD","POU2F1"
"BTK","STK38","POU2F1"
"BTK","TLK1","POU2F1"
"BTK","C9orf72","POU2F1"
"BTK","CDKN2A","POU2F1"
"BTK","MAP4K1","POU2F1"
"BTK","RET","POU2F1"
"BTK","DDX41","POU2F1"
"BTK","IKK-complex","POU2F1"
"BTK","SHC1","POU2F1"
"BTK","MAPKAPK5","POU2F1"
"BTK","PTPRR","POU2F1"
"BTK","FBLIM1","POU2F1"
"BTK","TEC","POU2F1"
"BTK","VCP","POU2F1"
"BTK","GRIP1","POU2F1"
"BTK","CCR2","POU2F1"
"BTK","STIP1","POU2F1"
"BTK","PSTPIP1","POU2F1"
"BTK","ARRB2","POU2F1"
"BTK","INPP5D","POU2F1"
"BTK","FRS2","POU2F1"
"BTK","CCNE1","POU2F1"
"BTK","SET","POU2F1"
"BTK","BCL10","POU2F1"
"BTK","MRE11","POU2F1"
"BTK","MST1R","POU2F1"
"BTK","IFIH1","POU2F1"
"BTK","TTI1","POU2F1"
"BTK","LRP6","POU2F1"
"BTK","HOXB7","POU2F1"
"BTK","PIK3C3","POU2F1"
"BTK","TELO2","POU2F1"
"BTK","PLCG2","POU2F1"
"BTK","RBL2","POU2F1"
"BTK","MAPK3","NUCKS1"
"BTK","AKT3","NUCKS1"
"BTK","AKT2","NUCKS1"
"BTK","PTEN","NUCKS1"
"BTK","PRKG1","NUCKS1"
"BTK","Gbeta","NUCKS1"
"BTK","CDK9","NUCKS1"
"BTK","ABL1","NUCKS1"
"BTK","RPS6KA5","NUCKS1"
"BTK","MAP2K1","NUCKS1"
"BTK","PRKCB","NUCKS1"
"BTK","PRKCZ","NUCKS1"
"BTK","CyclinD/CDK4","NUCKS1"
"BTK","MAP3K7","NUCKS1"
"BTK","WWTR1","NUCKS1"
"BTK","DAPK1","NUCKS1"
"BTK","BCL3","NUCKS1"
"BTK","ATR","NUCKS1"
"BTK","IKBKE","NUCKS1"
"BTK","CCND1","NUCKS1"
"BTK","ILK","NUCKS1"
"BTK","STAP1","NUCKS1"
"BTK","MEK1/2","NUCKS1"
"BTK","PTPN7","NUCKS1"
"BTK","FADD","NUCKS1"
"BTK","TLK1","NUCKS1"
"BTK","C9orf72","NUCKS1"
"BTK","MAP4K1","NUCKS1"
"BTK","RET","NUCKS1"
"BTK","DDX41","NUCKS1"
"BTK","IKK-complex","NUCKS1"
"BTK","SHC1","NUCKS1"
"BTK","RPS6KA4","NUCKS1"
"BTK","GPSM3","NUCKS1"
"BTK","PTPRR","NUCKS1"
"BTK","CDKN1B","NUCKS1"
"BTK","VCP","NUCKS1"
"BTK","GRIP1","NUCKS1"
"BTK","CCR2","NUCKS1"
"BTK","PSTPIP1","NUCKS1"
"BTK","CRTC2","NUCKS1"
"BTK","INPP5D","NUCKS1"
"BTK","CCNE1","NUCKS1"
"BTK","IMPDH2","NUCKS1"
"BTK","PIK3R6","NUCKS1"
"BTK","MRE11","NUCKS1"
"BTK","HDAC2","NUCKS1"
"BTK","DDX58","NUCKS1"
"BTK","UBXN2B","NUCKS1"
"BTK","MST1R","NUCKS1"
"BTK","ABI1","NUCKS1"
"BTK","IFIH1","NUCKS1"
"BTK","TTI1","NUCKS1"
"BTK","WDFY3","NUCKS1"
"BTK","HOXB7","NUCKS1"
"BTK","PIK3C3","NUCKS1"
"BTK","RND1","NUCKS1"
"BTK","NFKB1","NUCKS1"
"BTK","CTDP1","NUCKS1"
"BTK","TELO2","NUCKS1"
"BTK","MAPKAP1","NUCKS1"
"BTK","GRB7","NUCKS1"
"BTK","PLCG2","NUCKS1"
"BTK","RBL2","NUCKS1"
"BTK","MAPK3","RSPH3"
"BTK","AKT3","RSPH3"
"BTK","PRKCQ","RSPH3"
"BTK","MTOR","RSPH3"
"BTK","AKT1","RSPH3"
"BTK","PRKG1","RSPH3"
"BTK","CCP110","RSPH3"
"BTK","RPS6K","RSPH3"
"BTK","CALM2","RSPH3"
"BTK","CDK9","RSPH3"
"BTK","WNK1","RSPH3"
"BTK","SGK1","RSPH3"
"BTK","PRKCB","RSPH3"
"BTK","CyclinD/CDK4","RSPH3"
"BTK","MAP3K7","RSPH3"
"BTK","AKT","RSPH3"
"BTK","IKBKB","RSPH3"
"BTK","WWTR1","RSPH3"
"BTK","DOK1","RSPH3"
"BTK","MAP3K4","RSPH3"
"BTK","PXN","RSPH3"
"BTK","LEPR","RSPH3"
"BTK","ITK","RSPH3"
"BTK","RPS6KA3","RSPH3"
"BTK","DVL1","RSPH3"
"BTK","GRB2","RSPH3"
"BTK","ATR","RSPH3"
"BTK","PTK6","RSPH3"
"BTK","CCND1","RSPH3"
"BTK","ILK","RSPH3"
"BTK","SPRED1","RSPH3"
"BTK","MEK1/2","RSPH3"
"BTK","PTPN7","RSPH3"
"BTK","STK38","RSPH3"
"BTK","TLK1","RSPH3"
"BTK","CDKN2A","RSPH3"
"BTK","MAP4K1","RSPH3"
"BTK","NTRK1","RSPH3"
"BTK","PTPRR","RSPH3"
"BTK","TEC","RSPH3"
"BTK","CCR2","RSPH3"
"BTK","FRS2","RSPH3"
"BTK","CCNE1","RSPH3"
"BTK","IMPDH2","RSPH3"
"BTK","SET","RSPH3"
"BTK","PIK3CG","RSPH3"
"BTK","TRPV1","RSPH3"
"BTK","PPP1R14A","RSPH3"
"BTK","HDAC2","RSPH3"
"BTK","DDX58","RSPH3"
"BTK","MST1R","RSPH3"
"BTK","ROR2","RSPH3"
"BTK","TTI1","RSPH3"
"BTK","STING1","RSPH3"
"BTK","NFKB1","RSPH3"
"BTK","GRB7","RSPH3"
"BTK","AKT3","NANOG"
"BTK","CHUK","NANOG"
"BTK","AKT2","NANOG"
"BTK","MTOR","NANOG"
"BTK","PRKG1","NANOG"
"BTK","RPS6K","NANOG"
"BTK","ABL1","NANOG"
"BTK","SGK1","NANOG"
"BTK","CyclinD/CDK4","NANOG"
"BTK","AKT","NANOG"
"BTK","DOK1","NANOG"
"BTK","DAPK1","NANOG"
"BTK","PXN","NANOG"
"BTK","LEPR","NANOG"
"BTK","ITK","NANOG"
"BTK","RPS6KA3","NANOG"
"BTK","BCL3","NANOG"
"BTK","FZR1","NANOG"
"BTK","GRB2","NANOG"
"BTK","VCPIP1","NANOG"
"BTK","ATR","NANOG"
"BTK","SGK3","NANOG"
"BTK","IKBKE","NANOG"
"BTK","CCND1","NANOG"
"BTK","ILK","NANOG"
"BTK","STAP1","NANOG"
"BTK","TBK1","NANOG"
"BTK","MEK1/2","NANOG"
"BTK","PTPN7","NANOG"
"BTK","CALM1","NANOG"
"BTK","FADD","NANOG"
"BTK","STK38","NANOG"
"BTK","RET","NANOG"
"BTK","SHC1","NANOG"
"BTK","GPSM3","NANOG"
"BTK","EPHA2","NANOG"
"BTK","MAP3K8","NANOG"
"BTK","PTPRR","NANOG"
"BTK","CDKN1B","NANOG"
"BTK","FBLIM1","NANOG"
"BTK","TEC","NANOG"
"BTK","VCP","NANOG"
"BTK","TMIGD2","NANOG"
"BTK","STIP1","NANOG"
"BTK","PSTPIP1","NANOG"
"BTK","TRAF3","NANOG"
"BTK","CRTC2","NANOG"
"BTK","CD28","NANOG"
"BTK","INPP5D","NANOG"
"BTK","FRS2","NANOG"
"BTK","CCNE1","NANOG"
"BTK","SET","NANOG"
"BTK","PIK3CG","NANOG"
"BTK","PPP1R14A","NANOG"
"BTK","MRE11","NANOG"
"BTK","HDAC2","NANOG"
"BTK","KSR1","NANOG"
"BTK","DDX58","NANOG"
"BTK","UBXN2B","NANOG"
"BTK","MST1R","NANOG"
"BTK","ROR2","NANOG"
"BTK","IFIH1","NANOG"
"BTK","RAD50","NANOG"
"BTK","TTI1","NANOG"
"BTK","WDFY3","NANOG"
"BTK","GRB14","NANOG"
"BTK","HOXB7","NANOG"
"BTK","PIK3C3","NANOG"
"BTK","SPEN","NANOG"
"BTK","NFKB1","NANOG"
"BTK","TELO2","NANOG"
"BTK","CLSPN","NANOG"
"BTK","MAPKAP1","NANOG"
"BTK","BAZ1B","NANOG"
"BTK","PPP1R14B","NANOG"
"BTK","AKT3","CUX1"
"BTK","CHUK","CUX1"
"BTK","PRKCQ","CUX1"
"BTK","MTOR","CUX1"
"BTK","CALM2","CUX1"
"BTK","ERK1/2","CUX1"
"BTK","LCK","CUX1"
"BTK","RPS6KA5","CUX1"
"BTK","MAP2K1","CUX1"
"BTK","PRKCG","CUX1"
"BTK","MAP3K7","CUX1"
"BTK","AKT","CUX1"
"BTK","IKBKB","CUX1"
"BTK","DOK1","CUX1"
"BTK","FGG","CUX1"
"BTK","LEPR","CUX1"
"BTK","DVL1","CUX1"
"BTK","GRB2","CUX1"
"BTK","ATR","CUX1"
"BTK","STAP1","CUX1"
"BTK","TBK1","CUX1"
"BTK","MEK1/2","CUX1"
"BTK","TLK1","CUX1"
"BTK","RET","CUX1"
"BTK","IKK-complex","CUX1"
"BTK","RPS6KA4","CUX1"
"BTK","RELA","CUX1"
"BTK","MAPKAPK5","CUX1"
"BTK","VCP","CUX1"
"BTK","GRIP1","CUX1"
"BTK","CCR2","CUX1"
"BTK","STIP1","CUX1"
"BTK","PSTPIP1","CUX1"
"BTK","CCNE1","CUX1"
"BTK","IMPDH2","CUX1"
"BTK","PIK3CG","CUX1"
"BTK","TRPV1","CUX1"
"BTK","MST1R","CUX1"
"BTK","RAD50","CUX1"
"BTK","WDFY3","CUX1"
"BTK","RND1","CUX1"
"BTK","SPEN","CUX1"
"BTK","BAZ1B","CUX1"
"BTK","PPP1R14B","CUX1"
"BTK","WNK1","WRN"
"BTK","PRKCZ","WRN"
"BTK","CyclinD/CDK4","WRN"
"BTK","AKT","WRN"
"BTK","DOK1","WRN"
"BTK","MAP3K4","WRN"
"BTK","ITK","WRN"
"BTK","RPS6KA3","WRN"
"BTK","ATR","WRN"
"BTK","SPRED1","WRN"
"BTK","MEK1/2","WRN"
"BTK","CALM1","WRN"
"BTK","TLK1","WRN"
"BTK","C9orf72","WRN"
"BTK","CDKN2A","WRN"
"BTK","IKK-complex","WRN"
"BTK","MAPKAPK5","WRN"
"BTK","EPHA2","WRN"
"BTK","MAP3K8","WRN"
"BTK","STIP1","WRN"
"BTK","PSTPIP1","WRN"
"BTK","INPP5D","WRN"
"BTK","FRS2","WRN"
"BTK","IMPDH2","WRN"
"BTK","SET","WRN"
"BTK","PIK3CG","WRN"
"BTK","BCL10","WRN"
"BTK","KSR1","WRN"
"BTK","WDFY3","WRN"
"BTK","HOXB7","WRN"
"BTK","PIK3C3","WRN"
"BTK","STING1","WRN"
"BTK","CTDP1","WRN"
"BTK","BLVRA","WRN"
"BTK","CLSPN","WRN"
"BTK","BAZ1B","WRN"
"BTK","PLCG2","WRN"
"BTK","PPP1R14B","WRN"
"BTK","AKT3","PLD2"
"BTK","CHUK","PLD2"
"BTK","PRKCQ","PLD2"
"BTK","PRKG1","PLD2"
"BTK","CALM2","PLD2"
"BTK","LCK","PLD2"
"BTK","CDK9","PLD2"
"BTK","ABL1","PLD2"
"BTK","WNK1","PLD2"
"BTK","PDPK1","PLD2"
"BTK","SGK1","PLD2"
"BTK","MAP2K1","PLD2"
"BTK","MAP3K7","PLD2"
"BTK","IKBKB","PLD2"
"BTK","DOK1","PLD2"
"BTK","DAPK1","PLD2"
"BTK","PXN","PLD2"
"BTK","FGG","PLD2"
"BTK","RPS6KA3","PLD2"
"BTK","BCL3","PLD2"
"BTK","DVL1","PLD2"
"BTK","GRB2","PLD2"
"BTK","ATR","PLD2"
"BTK","PTK6","PLD2"
"BTK","CCND1","PLD2"
"BTK","ILK","PLD2"
"BTK","STAP1","PLD2"
"BTK","TBK1","PLD2"
"BTK","FADD","PLD2"
"BTK","STK38","PLD2"
"BTK","C9orf72","PLD2"
"BTK","MAP4K1","PLD2"
"BTK","RET","PLD2"
"BTK","DDX41","PLD2"
"BTK","IKK-complex","PLD2"
"BTK","SHC1","PLD2"
"BTK","RPS6KA4","PLD2"
"BTK","NTRK1","PLD2"
"BTK","GPSM3","PLD2"
"BTK","EPHA2","PLD2"
"BTK","MAP3K8","PLD2"
"BTK","CDKN1B","PLD2"
"BTK","TEC","PLD2"
"BTK","VCP","PLD2"
"BTK","CCR2","PLD2"
"BTK","STIP1","PLD2"
"BTK","TRAF3","PLD2"
"BTK","INPP5D","PLD2"
"BTK","FRS2","PLD2"
"BTK","IMPDH2","PLD2"
"BTK","SET","PLD2"
"BTK","PIK3CG","PLD2"
"BTK","TRPV1","PLD2"
"BTK","BCL10","PLD2"
"BTK","PIK3R6","PLD2"
"BTK","MRE11","PLD2"
"BTK","HDAC2","PLD2"
"BTK","KSR1","PLD2"
"BTK","GRB14","PLD2"
"BTK","PIK3C3","PLD2"
"BTK","RND1","PLD2"
"BTK","SPEN","PLD2"
"BTK","CTDP1","PLD2"
"BTK","TELO2","PLD2"
"BTK","BLVRA","PLD2"
"BTK","MAPKAP1","PLD2"
"BTK","GRB7","PLD2"
"BTK","BAZ1B","PLD2"
"BTK","PLCG2","PLD2"
"BTK","PPP1R14B","PLD2"
"BTK","PABIR1","PLD2"
"BTK","AKT3","NUSAP1"
"BTK","AKT2","NUSAP1"
"BTK","PRKCQ","NUSAP1"
"BTK","AKT1","NUSAP1"
"BTK","PRKG1","NUSAP1"
"BTK","CCP110","NUSAP1"
"BTK","LCK","NUSAP1"
"BTK","CDK9","NUSAP1"
"BTK","ABL1","NUSAP1"
"BTK","WNK1","NUSAP1"
"BTK","PDPK1","NUSAP1"
"BTK","SGK1","NUSAP1"
"BTK","PRKCG","NUSAP1"
"BTK","PRKCZ","NUSAP1"
"BTK","MAP3K1","NUSAP1"
"BTK","MAP3K7","NUSAP1"
"BTK","WWTR1","NUSAP1"
"BTK","MAP3K4","NUSAP1"
"BTK","DAPK1","NUSAP1"
"BTK","PXN","NUSAP1"
"BTK","FGG","NUSAP1"
"BTK","LEPR","NUSAP1"
"BTK","DVL1","NUSAP1"
"BTK","FZR1","NUSAP1"
"BTK","ATR","NUSAP1"
"BTK","SGK3","NUSAP1"
"BTK","PTK6","NUSAP1"
"BTK","IKBKE","NUSAP1"
"BTK","CCND1","NUSAP1"
"BTK","STAP1","NUSAP1"
"BTK","MEK1/2","NUSAP1"
"BTK","PTPN7","NUSAP1"
"BTK","CALM1","NUSAP1"
"BTK","FADD","NUSAP1"
"BTK","STK38","NUSAP1"
"BTK","TLK1","NUSAP1"
"BTK","C9orf72","NUSAP1"
"BTK","RET","NUSAP1"
"BTK","SHC1","NUSAP1"
"BTK","NTRK1","NUSAP1"
"BTK","EPHA2","NUSAP1"
"BTK","MAP3K8","NUSAP1"
"BTK","PTPRR","NUSAP1"
"BTK","FBLIM1","NUSAP1"
"BTK","CCR2","NUSAP1"
"BTK","TRAF3","NUSAP1"
"BTK","CD28","NUSAP1"
"BTK","FRS2","NUSAP1"
"BTK","TRPV1","NUSAP1"
"BTK","PPP1R14A","NUSAP1"
"BTK","PIK3R6","NUSAP1"
"BTK","UBXN2B","NUSAP1"
"BTK","IFIH1","NUSAP1"
"BTK","TTI1","NUSAP1"
"BTK","PIK3C3","NUSAP1"
"BTK","TELO2","NUSAP1"
"BTK","BLVRA","NUSAP1"
"BTK","CLSPN","NUSAP1"
"BTK","MAPKAP1","NUSAP1"
"BTK","PLCG2","NUSAP1"
"BTK","RBL2","NUSAP1"
"BTK","PTEN","TUBB6"
"BTK","PRKCQ","TUBB6"
"BTK","AKT1","TUBB6"
"BTK","CCP110","TUBB6"
"BTK","WNK1","TUBB6"
"BTK","PRKCB","TUBB6"
"BTK","PRKCZ","TUBB6"
"BTK","DOK1","TUBB6"
"BTK","FGG","TUBB6"
"BTK","LEPR","TUBB6"
"BTK","BCL3","TUBB6"
"BTK","PTK6","TUBB6"
"BTK","IKBKE","TUBB6"
"BTK","STAP1","TUBB6"
"BTK","PTPN7","TUBB6"
"BTK","FADD","TUBB6"
"BTK","C9orf72","TUBB6"
"BTK","CDKN2A","TUBB6"
"BTK","MAP4K1","TUBB6"
"BTK","RET","TUBB6"
"BTK","IKK-complex","TUBB6"
"BTK","RELA","TUBB6"
"BTK","PTPRR","TUBB6"
"BTK","FBLIM1","TUBB6"
"BTK","VCP","TUBB6"
"BTK","ARRB2","TUBB6"
"BTK","TRAF3","TUBB6"
"BTK","CD28","TUBB6"
"BTK","SET","TUBB6"
"BTK","PPP1R14A","TUBB6"
"BTK","PIK3R6","TUBB6"
"BTK","HDAC2","TUBB6"
"BTK","KSR1","TUBB6"
"BTK","UBXN2B","TUBB6"
"BTK","WDFY3","TUBB6"
"BTK","LRP6","TUBB6"
"BTK","GRB14","TUBB6"
"BTK","PIK3C3","TUBB6"
"BTK","RND1","TUBB6"
"BTK","STING1","TUBB6"
"BTK","MAPKAP1","TUBB6"
"BTK","GRB7","TUBB6"
"BTK","RBL2","TUBB6"
"BTK","PABIR1","TUBB6"
"BTK","PRKG1","CCNT1"
"BTK","ERK1/2","CCNT1"
"BTK","LCK","CCNT1"
"BTK","WNK1","CCNT1"
"BTK","MAP2K1","CCNT1"
"BTK","MAP3K1","CCNT1"
"BTK","IKBKB","CCNT1"
"BTK","MAP3K4","CCNT1"
"BTK","LEPR","CCNT1"
"BTK","ITK","CCNT1"
"BTK","RPS6KA3","CCNT1"
"BTK","BCL3","CCNT1"
"BTK","DVL1","CCNT1"
"BTK","FZR1","CCNT1"
"BTK","GRB2","CCNT1"
"BTK","VCPIP1","CCNT1"
"BTK","ATR","CCNT1"
"BTK","SGK3","CCNT1"
"BTK","IKBKE","CCNT1"
"BTK","ILK","CCNT1"
"BTK","SPRED1","CCNT1"
"BTK","PTPN7","CCNT1"
"BTK","FADD","CCNT1"
"BTK","TLK1","CCNT1"
"BTK","CDKN2A","CCNT1"
"BTK","MAP4K1","CCNT1"
"BTK","RET","CCNT1"
"BTK","DDX41","CCNT1"
"BTK","IKK-complex","CCNT1"
"BTK","SHC1","CCNT1"
"BTK","NTRK1","CCNT1"
"BTK","GPSM3","CCNT1"
"BTK","PTPRR","CCNT1"
"BTK","FBLIM1","CCNT1"
"BTK","TEC","CCNT1"
"BTK","CCR2","CCNT1"
"BTK","STIP1","CCNT1"
"BTK","PSTPIP1","CCNT1"
"BTK","ARRB2","CCNT1"
"BTK","TRAF3","CCNT1"
"BTK","CD28","CCNT1"
"BTK","INPP5D","CCNT1"
"BTK","FRS2","CCNT1"
"BTK","IMPDH2","CCNT1"
"BTK","TRPV1","CCNT1"
"BTK","PPP1R14A","CCNT1"
"BTK","BCL10","CCNT1"
"BTK","PIK3R6","CCNT1"
"BTK","MRE11","CCNT1"
"BTK","HDAC2","CCNT1"
"BTK","KSR1","CCNT1"
"BTK","DDX58","CCNT1"
"BTK","MST1R","CCNT1"
"BTK","ROR2","CCNT1"
"BTK","IFIH1","CCNT1"
"BTK","TTI1","CCNT1"
"BTK","PIK3C3","CCNT1"
"BTK","NFKB1","CCNT1"
"BTK","BAZ1B","CCNT1"
"BTK","RBL2","CCNT1"
"BTK","AKT3","ERCC3"
"BTK","AKT2","ERCC3"
"BTK","PRKCQ","ERCC3"
"BTK","CCP110","ERCC3"
"BTK","RPS6K","ERCC3"
"BTK","ERK1/2","ERCC3"
"BTK","LCK","ERCC3"
"BTK","CDK9","ERCC3"
"BTK","SGK1","ERCC3"
"BTK","AKT","ERCC3"
"BTK","IKBKB","ERCC3"
"BTK","DOK1","ERCC3"
"BTK","PXN","ERCC3"
"BTK","FGG","ERCC3"
"BTK","LEPR","ERCC3"
"BTK","DVL1","ERCC3"
"BTK","VCPIP1","ERCC3"
"BTK","PTK6","ERCC3"
"BTK","IKBKE","ERCC3"
"BTK","CCND1","ERCC3"
"BTK","MEK1/2","ERCC3"
"BTK","STK38","ERCC3"
"BTK","RPS6KA4","ERCC3"
"BTK","GPSM3","ERCC3"
"BTK","MAPKAPK5","ERCC3"
"BTK","MAP3K8","ERCC3"
"BTK","TEC","ERCC3"
"BTK","CCR2","ERCC3"
"BTK","CRTC2","ERCC3"
"BTK","FRS2","ERCC3"
"BTK","CCNE1","ERCC3"
"BTK","SET","ERCC3"
"BTK","TRPV1","ERCC3"
"BTK","BCL10","ERCC3"
"BTK","PIK3R6","ERCC3"
"BTK","KSR1","ERCC3"
"BTK","RAD50","ERCC3"
"BTK","TTI1","ERCC3"
"BTK","WDFY3","ERCC3"
"BTK","GRB14","ERCC3"
"BTK","STING1","ERCC3"
"BTK","NFKB1","ERCC3"
"BTK","CLSPN","ERCC3"
"BTK","MAPKAP1","ERCC3"
"BTK","PPP1R14B","ERCC3"
"BTK","PABIR1","ERCC3"
"BTK","CHUK","CLOCK/BMAL1"
"BTK","AKT2","CLOCK/BMAL1"
"BTK","PTEN","CLOCK/BMAL1"
"BTK","MTOR","CLOCK/BMAL1"
"BTK","AKT1","CLOCK/BMAL1"
"BTK","Gbeta","CLOCK/BMAL1"
"BTK","LCK","CLOCK/BMAL1"
"BTK","CDK9","CLOCK/BMAL1"
"BTK","SGK1","CLOCK/BMAL1"
"BTK","PRKCG","CLOCK/BMAL1"
"BTK","DVL1","CLOCK/BMAL1"
"BTK","SGK3","CLOCK/BMAL1"
"BTK","ILK","CLOCK/BMAL1"
"BTK","TBK1","CLOCK/BMAL1"
"BTK","MEK1/2","CLOCK/BMAL1"
"BTK","CALM1","CLOCK/BMAL1"
"BTK","STK38","CLOCK/BMAL1"
"BTK","TLK1","CLOCK/BMAL1"
"BTK","C9orf72","CLOCK/BMAL1"
"BTK","RET","CLOCK/BMAL1"
"BTK","GPSM3","CLOCK/BMAL1"
"BTK","RELA","CLOCK/BMAL1"
"BTK","MAPKAPK5","CLOCK/BMAL1"
"BTK","EPHA2","CLOCK/BMAL1"
"BTK","MAP3K8","CLOCK/BMAL1"
"BTK","PTPRR","CLOCK/BMAL1"
"BTK","CDKN1B","CLOCK/BMAL1"
"BTK","FBLIM1","CLOCK/BMAL1"
"BTK","VCP","CLOCK/BMAL1"
"BTK","GRIP1","CLOCK/BMAL1"
"BTK","TMIGD2","CLOCK/BMAL1"
"BTK","STIP1","CLOCK/BMAL1"
"BTK","ARRB2","CLOCK/BMAL1"
"BTK","CD28","CLOCK/BMAL1"
"BTK","FRS2","CLOCK/BMAL1"
"BTK","IMPDH2","CLOCK/BMAL1"
"BTK","PIK3CG","CLOCK/BMAL1"
"BTK","TRPV1","CLOCK/BMAL1"
"BTK","PPP1R14A","CLOCK/BMAL1"
"BTK","BCL10","CLOCK/BMAL1"
"BTK","PIK3R6","CLOCK/BMAL1"
"BTK","MRE11","CLOCK/BMAL1"
"BTK","HDAC2","CLOCK/BMAL1"
"BTK","KSR1","CLOCK/BMAL1"
"BTK","DDX58","CLOCK/BMAL1"
"BTK","UBXN2B","CLOCK/BMAL1"
"BTK","ABI1","CLOCK/BMAL1"
"BTK","RAD50","CLOCK/BMAL1"
"BTK","WDFY3","CLOCK/BMAL1"
"BTK","LRP6","CLOCK/BMAL1"
"BTK","RND1","CLOCK/BMAL1"
"BTK","STING1","CLOCK/BMAL1"
"BTK","SPEN","CLOCK/BMAL1"
"BTK","NFKB1","CLOCK/BMAL1"
"BTK","CTDP1","CLOCK/BMAL1"
"BTK","BLVRA","CLOCK/BMAL1"
"BTK","CLSPN","CLOCK/BMAL1"
"BTK","MAPKAP1","CLOCK/BMAL1"
"BTK","GRB7","CLOCK/BMAL1"
"BTK","BAZ1B","CLOCK/BMAL1"
"BTK","MAPK3","IP6K2"
"BTK","AKT3","IP6K2"
"BTK","CHUK","IP6K2"
"BTK","AKT2","IP6K2"
"BTK","PTEN","IP6K2"
"BTK","PRKCQ","IP6K2"
"BTK","MTOR","IP6K2"
"BTK","AKT1","IP6K2"
"BTK","CCP110","IP6K2"
"BTK","RPS6K","IP6K2"
"BTK","ERK1/2","IP6K2"
"BTK","LCK","IP6K2"
"BTK","PDPK1","IP6K2"
"BTK","PRKCZ","IP6K2"
"BTK","IKBKB","IP6K2"
"BTK","DVL1","IP6K2"
"BTK","FZR1","IP6K2"
"BTK","VCPIP1","IP6K2"
"BTK","SGK3","IP6K2"
"BTK","CCND1","IP6K2"
"BTK","STK38","IP6K2"
"BTK","C9orf72","IP6K2"
"BTK","MAP4K1","IP6K2"
"BTK","SHC1","IP6K2"
"BTK","NTRK1","IP6K2"
"BTK","MAPKAPK5","IP6K2"
"BTK","FBLIM1","IP6K2"
"BTK","TMIGD2","IP6K2"
"BTK","CCR2","IP6K2"
"BTK","STIP1","IP6K2"
"BTK","FRS2","IP6K2"
"BTK","SET","IP6K2"
"BTK","SH2B2","IP6K2"
"BTK","PIK3R6","IP6K2"
"BTK","HDAC2","IP6K2"
"BTK","ABI1","IP6K2"
"BTK","RND1","IP6K2"
"BTK","STING1","IP6K2"
"BTK","NFKB1","IP6K2"
"BTK","TELO2","IP6K2"
"BTK","BAZ1B","IP6K2"
"BTK","RBL2","IP6K2"
"BTK","AKT3","PRPS2"
"BTK","CHUK","PRPS2"
"BTK","AKT2","PRPS2"
"BTK","AKT1","PRPS2"
"BTK","CCP110","PRPS2"
"BTK","CDK9","PRPS2"
"BTK","RPS6KA5","PRPS2"
"BTK","WNK1","PRPS2"
"BTK","PRKCZ","PRPS2"
"BTK","CyclinD/CDK4","PRPS2"
"BTK","MAP3K1","PRPS2"
"BTK","IKBKB","PRPS2"
"BTK","WWTR1","PRPS2"
"BTK","DOK1","PRPS2"
"BTK","DAPK1","PRPS2"
"BTK","PXN","PRPS2"
"BTK","LEPR","PRPS2"
"BTK","ITK","PRPS2"
"BTK","RPS6KA3","PRPS2"
"BTK","BCL3","PRPS2"
"BTK","DVL1","PRPS2"
"BTK","FZR1","PRPS2"
"BTK","GRB2","PRPS2"
"BTK","ATR","PRPS2"
"BTK","STAP1","PRPS2"
"BTK","MEK1/2","PRPS2"
"BTK","CALM1","PRPS2"
"BTK","C9orf72","PRPS2"
"BTK","RPS6KA4","PRPS2"
"BTK","GPSM3","PRPS2"
"BTK","MAP3K8","PRPS2"
"BTK","CDKN1B","PRPS2"
"BTK","VCP","PRPS2"
"BTK","GRIP1","PRPS2"
"BTK","CCR2","PRPS2"
"BTK","PSTPIP1","PRPS2"
"BTK","CD28","PRPS2"
"BTK","INPP5D","PRPS2"
"BTK","IMPDH2","PRPS2"
"BTK","TRPV1","PRPS2"
"BTK","MRE11","PRPS2"
"BTK","KSR1","PRPS2"
"BTK","UBXN2B","PRPS2"
"BTK","MST1R","PRPS2"
"BTK","ROR2","PRPS2"
"BTK","ABI1","PRPS2"
"BTK","IFIH1","PRPS2"
"BTK","TTI1","PRPS2"
"BTK","WDFY3","PRPS2"
"BTK","LRP6","PRPS2"
"BTK","PIK3C3","PRPS2"
"BTK","CTDP1","PRPS2"
"BTK","TELO2","PRPS2"
"BTK","CLSPN","PRPS2"
"BTK","PLCG2","PRPS2"
"BTK","PPP1R14B","PRPS2"
"BTK","MAPK3","LONP1"
"BTK","AKT3","LONP1"
"BTK","MTOR","LONP1"
"BTK","CALM2","LONP1"
"BTK","ERK1/2","LONP1"
"BTK","Gbeta","LONP1"
"BTK","CDK9","LONP1"
"BTK","WNK1","LONP1"
"BTK","PDPK1","LONP1"
"BTK","CyclinD/CDK4","LONP1"
"BTK","MAP3K1","LONP1"
"BTK","MAP3K7","LONP1"
"BTK","IKBKB","LONP1"
"BTK","WWTR1","LONP1"
"BTK","DOK1","LONP1"
"BTK","RPS6KA3","LONP1"
"BTK","FZR1","LONP1"
"BTK","ILK","LONP1"
"BTK","STAP1","LONP1"
"BTK","MEK1/2","LONP1"
"BTK","STK38","LONP1"
"BTK","C9orf72","LONP1"
"BTK","DDX41","LONP1"
"BTK","IKK-complex","LONP1"
"BTK","NTRK1","LONP1"
"BTK","MAP3K8","LONP1"
"BTK","CDKN1B","LONP1"
"BTK","FBLIM1","LONP1"
"BTK","TEC","LONP1"
"BTK","GRIP1","LONP1"
"BTK","PSTPIP1","LONP1"
"BTK","ARRB2","LONP1"
"BTK","TRAF3","LONP1"
"BTK","CRTC2","LONP1"
"BTK","CD28","LONP1"
"BTK","INPP5D","LONP1"
"BTK","FRS2","LONP1"
"BTK","CCNE1","LONP1"
"BTK","IMPDH2","LONP1"
"BTK","SET","LONP1"
"BTK","PIK3CG","LONP1"
"BTK","PIK3R6","LONP1"
"BTK","MRE11","LONP1"
"BTK","HDAC2","LONP1"
"BTK","KSR1","LONP1"
"BTK","DDX58","LONP1"
"BTK","UBXN2B","LONP1"
"BTK","ABI1","LONP1"
"BTK","RAD50","LONP1"
"BTK","WDFY3","LONP1"
"BTK","LRP6","LONP1"
"BTK","HOXB7","LONP1"
"BTK","PIK3C3","LONP1"
"BTK","RND1","LONP1"
"BTK","NFKB1","LONP1"
"BTK","CTDP1","LONP1"
"BTK","CLSPN","LONP1"
"BTK","MAPKAP1","LONP1"
"BTK","GRB7","LONP1"
"BTK","BAZ1B","LONP1"
"BTK","RBL2","LONP1"
"BTK","PPP1R14B","LONP1"
"BTK","PABIR1","LONP1"
"BTK","MAPK3","TH"
"BTK","AKT3","TH"
"BTK","CHUK","TH"
"BTK","PRKCQ","TH"
"BTK","MTOR","TH"
"BTK","PRKG1","TH"
"BTK","ABL1","TH"
"BTK","PDPK1","TH"
"BTK","MAP2K1","TH"
"BTK","PRKCB","TH"
"BTK","PRKCG","TH"
"BTK","CyclinD/CDK4","TH"
"BTK","MAP3K1","TH"
"BTK","WWTR1","TH"
"BTK","PXN","TH"
"BTK","LEPR","TH"
"BTK","RPS6KA3","TH"
"BTK","GRB2","TH"
"BTK","ATR","TH"
"BTK","SGK3","TH"
"BTK","IKBKE","TH"
"BTK","ILK","TH"
"BTK","TBK1","TH"
"BTK","MEK1/2","TH"
"BTK","CALM1","TH"
"BTK","TLK1","TH"
"BTK","NTRK1","TH"
"BTK","EPHA2","TH"
"BTK","PTPRR","TH"
"BTK","TEC","TH"
"BTK","VCP","TH"
"BTK","GRIP1","TH"
"BTK","TMIGD2","TH"
"BTK","CD28","TH"
"BTK","CCNE1","TH"
"BTK","SET","TH"
"BTK","PIK3CG","TH"
"BTK","MRE11","TH"
"BTK","HDAC2","TH"
"BTK","IFIH1","TH"
"BTK","LRP6","TH"
"BTK","HOXB7","TH"
"BTK","RND1","TH"
"BTK","NFKB1","TH"
"BTK","MAPKAP1","TH"
"BTK","GRB7","TH"
"BTK","BAZ1B","TH"
"BTK","PLCG2","TH"
"BTK","RBL2","TH"
"BTK","PPP1R14B","TH"
"BTK","PABIR1","TH"
"BTK","MAPK3","DOK6"
"BTK","PRKCQ","DOK6"
"BTK","MTOR","DOK6"
"BTK","PRKG1","DOK6"
"BTK","RPS6K","DOK6"
"BTK","PDPK1","DOK6"
"BTK","PRKCG","DOK6"
"BTK","CyclinD/CDK4","DOK6"
"BTK","IKBKB","DOK6"
"BTK","MAP3K4","DOK6"
"BTK","LEPR","DOK6"
"BTK","BCL3","DOK6"
"BTK","FZR1","DOK6"
"BTK","SGK3","DOK6"
"BTK","IKBKE","DOK6"
"BTK","CCND1","DOK6"
"BTK","SPRED1","DOK6"
"BTK","CALM1","DOK6"
"BTK","FADD","DOK6"
"BTK","STK38","DOK6"
"BTK","TLK1","DOK6"
"BTK","MAP4K1","DOK6"
"BTK","DDX41","DOK6"
"BTK","IKK-complex","DOK6"
"BTK","SHC1","DOK6"
"BTK","RPS6KA4","DOK6"
"BTK","NTRK1","DOK6"
"BTK","EPHA2","DOK6"
"BTK","MAP3K8","DOK6"
"BTK","CDKN1B","DOK6"
"BTK","STIP1","DOK6"
"BTK","CD28","DOK6"
"BTK","CCNE1","DOK6"
"BTK","IMPDH2","DOK6"
"BTK","SH2B2","DOK6"
"BTK","TRPV1","DOK6"
"BTK","BCL10","DOK6"
"BTK","PIK3R6","DOK6"
"BTK","MRE11","DOK6"
"BTK","KSR1","DOK6"
"BTK","DDX58","DOK6"
"BTK","UBXN2B","DOK6"
"BTK","ROR2","DOK6"
"BTK","RAD50","DOK6"
"BTK","WDFY3","DOK6"
"BTK","LRP6","DOK6"
"BTK","HOXB7","DOK6"
"BTK","PIK3C3","DOK6"
"BTK","RND1","DOK6"
"BTK","STING1","DOK6"
"BTK","SPEN","DOK6"
"BTK","CTDP1","DOK6"
"BTK","BLVRA","DOK6"
"BTK","BAZ1B","DOK6"
"BTK","RBL2","DOK6"
"BTK","PABIR1","DOK6"
"BTK","MTOR","ATXN1"
"BTK","RPS6K","ATXN1"
"BTK","CDK9","ATXN1"
"BTK","ABL1","ATXN1"
"BTK","RPS6KA5","ATXN1"
"BTK","MAP2K1","ATXN1"
"BTK","PRKCZ","ATXN1"
"BTK","CyclinD/CDK4","ATXN1"
"BTK","MAP3K1","ATXN1"
"BTK","MAP3K7","ATXN1"
"BTK","WWTR1","ATXN1"
"BTK","DOK1","ATXN1"
"BTK","FGG","ATXN1"
"BTK","ITK","ATXN1"
"BTK","BCL3","ATXN1"
"BTK","ATR","ATXN1"
"BTK","PTK6","ATXN1"
"BTK","IKBKE","ATXN1"
"BTK","ILK","ATXN1"
"BTK","SPRED1","ATXN1"
"BTK","MEK1/2","ATXN1"
"BTK","CALM1","ATXN1"
"BTK","STK38","ATXN1"
"BTK","TLK1","ATXN1"
"BTK","RET","ATXN1"
"BTK","IKK-complex","ATXN1"
"BTK","NTRK1","ATXN1"
"BTK","PTPRR","ATXN1"
"BTK","CDKN1B","ATXN1"
"BTK","TEC","ATXN1"
"BTK","GRIP1","ATXN1"
"BTK","CCR2","ATXN1"
"BTK","TRAF3","ATXN1"
"BTK","CRTC2","ATXN1"
"BTK","CD28","ATXN1"
"BTK","INPP5D","ATXN1"
"BTK","FRS2","ATXN1"
"BTK","CCNE1","ATXN1"
"BTK","BCL10","ATXN1"
"BTK","PIK3R6","ATXN1"
"BTK","MRE11","ATXN1"
"BTK","DDX58","ATXN1"
"BTK","ABI1","ATXN1"
"BTK","RAD50","ATXN1"
"BTK","WDFY3","ATXN1"
"BTK","LRP6","ATXN1"
"BTK","PIK3C3","ATXN1"
"BTK","STING1","ATXN1"
"BTK","CTDP1","ATXN1"
"BTK","TELO2","ATXN1"
"BTK","BAZ1B","ATXN1"
"BTK","PPP1R14B","ATXN1"
"BTK","PABIR1","ATXN1"
"BTK","PLCG2","KRT8"
"BTK","AKT3","IRF7"
"BTK","PRKCQ","IRF7"
"BTK","MTOR","IRF7"
"BTK","PRKG1","IRF7"
"BTK","CCP110","IRF7"
"BTK","CALM2","IRF7"
"BTK","RPS6KA5","IRF7"
"BTK","SGK1","IRF7"
"BTK","PRKCG","IRF7"
"BTK","PRKCZ","IRF7"
"BTK","CyclinD/CDK4","IRF7"
"BTK","MAP3K1","IRF7"
"BTK","MAP3K7","IRF7"
"BTK","IKBKB","IRF7"
"BTK","WWTR1","IRF7"
"BTK","DOK1","IRF7"
"BTK","DAPK1","IRF7"
"BTK","RPS6KA3","IRF7"
"BTK","BCL3","IRF7"
"BTK","DVL1","IRF7"
"BTK","FZR1","IRF7"
"BTK","GRB2","IRF7"
"BTK","VCPIP1","IRF7"
"BTK","PTK6","IRF7"
"BTK","ILK","IRF7"
"BTK","SPRED1","IRF7"
"BTK","MEK1/2","IRF7"
"BTK","CALM1","IRF7"
"BTK","FADD","IRF7"
"BTK","STK38","IRF7"
"BTK","TLK1","IRF7"
"BTK","RET","IRF7"
"BTK","IKK-complex","IRF7"
"BTK","GPSM3","IRF7"
"BTK","MAPKAPK5","IRF7"
"BTK","CDKN1B","IRF7"
"BTK","VCP","IRF7"
"BTK","GRIP1","IRF7"
"BTK","CCR2","IRF7"
"BTK","STIP1","IRF7"
"BTK","CD28","IRF7"
"BTK","CCNE1","IRF7"
"BTK","PIK3CG","IRF7"
"BTK","TRPV1","IRF7"
"BTK","PPP1R14A","IRF7"
"BTK","DDX58","IRF7"
"BTK","MST1R","IRF7"
"BTK","IFIH1","IRF7"
"BTK","RAD50","IRF7"
"BTK","TTI1","IRF7"
"BTK","LRP6","IRF7"
"BTK","GRB14","IRF7"
"BTK","PIK3C3","IRF7"
"BTK","SPEN","IRF7"
"BTK","TELO2","IRF7"
"BTK","MAPKAP1","IRF7"
"BTK","GRB7","IRF7"
"BTK","CHUK","NUDT1"
"BTK","AKT2","NUDT1"
"BTK","AKT1","NUDT1"
"BTK","CALM2","NUDT1"
"BTK","LCK","NUDT1"
"BTK","CDK9","NUDT1"
"BTK","RPS6KA5","NUDT1"
"BTK","PDPK1","NUDT1"
"BTK","MAP2K1","NUDT1"
"BTK","MAP3K1","NUDT1"
"BTK","MAP3K7","NUDT1"
"BTK","DOK1","NUDT1"
"BTK","DAPK1","NUDT1"
"BTK","FGG","NUDT1"
"BTK","DVL1","NUDT1"
"BTK","GRB2","NUDT1"
"BTK","VCPIP1","NUDT1"
"BTK","ATR","NUDT1"
"BTK","SGK3","NUDT1"
"BTK","PTK6","NUDT1"
"BTK","IKBKE","NUDT1"
"BTK","SPRED1","NUDT1"
"BTK","MEK1/2","NUDT1"
"BTK","PTPN7","NUDT1"
"BTK","RET","NUDT1"
"BTK","DDX41","NUDT1"
"BTK","RPS6KA4","NUDT1"
"BTK","NTRK1","NUDT1"
"BTK","EPHA2","NUDT1"
"BTK","MAP3K8","NUDT1"
"BTK","CDKN1B","NUDT1"
"BTK","FBLIM1","NUDT1"
"BTK","TEC","NUDT1"
"BTK","VCP","NUDT1"
"BTK","GRIP1","NUDT1"
"BTK","TMIGD2","NUDT1"
"BTK","STIP1","NUDT1"
"BTK","CD28","NUDT1"
"BTK","INPP5D","NUDT1"
"BTK","CCNE1","NUDT1"
"BTK","SET","NUDT1"
"BTK","PIK3CG","NUDT1"
"BTK","SH2B2","NUDT1"
"BTK","TRPV1","NUDT1"
"BTK","KSR1","NUDT1"
"BTK","WDFY3","NUDT1"
"BTK","HOXB7","NUDT1"
"BTK","RND1","NUDT1"
"BTK","SPEN","NUDT1"
"BTK","NFKB1","NUDT1"
"BTK","CTDP1","NUDT1"
"BTK","TELO2","NUDT1"
"BTK","BLVRA","NUDT1"
"BTK","MAPKAP1","NUDT1"
"BTK","GRB7","NUDT1"
"BTK","BAZ1B","NUDT1"
"BTK","PPP1R14B","NUDT1"
"BTK","AKT2","CENPA"
"BTK","PTEN","CENPA"
"BTK","MTOR","CENPA"
"BTK","PRKG1","CENPA"
"BTK","RPS6K","CENPA"
"BTK","Gbeta","CENPA"
"BTK","MAP2K1","CENPA"
"BTK","MAP3K7","CENPA"
"BTK","AKT","CENPA"
"BTK","IKBKB","CENPA"
"BTK","WWTR1","CENPA"
"BTK","MAP3K4","CENPA"
"BTK","DAPK1","CENPA"
"BTK","PXN","CENPA"
"BTK","FGG","CENPA"
"BTK","FZR1","CENPA"
"BTK","SGK3","CENPA"
"BTK","SPRED1","CENPA"
"BTK","CALM1","CENPA"
"BTK","DDX41","CENPA"
"BTK","IKK-complex","CENPA"
"BTK","PTPRR","CENPA"
"BTK","TEC","CENPA"
"BTK","SET","CENPA"
"BTK","SH2B2","CENPA"
"BTK","KSR1","CENPA"
"BTK","ROR2","CENPA"
"BTK","IFIH1","CENPA"
"BTK","LRP6","CENPA"
"BTK","GRB14","CENPA"
"BTK","HOXB7","CENPA"
"BTK","STING1","CENPA"
"BTK","TELO2","CENPA"
"BTK","GRB7","CENPA"
"BTK","RBL2","CENPA"
"BTK","PABIR1","CENPA"
"BTK","PRKCQ","ELK3"
"BTK","MTOR","ELK3"
"BTK","Gbeta","ELK3"
"BTK","RPS6KA5","ELK3"
"BTK","PDPK1","ELK3"
"BTK","MAP2K1","ELK3"
"BTK","PRKCZ","ELK3"
"BTK","DOK1","ELK3"
"BTK","MAP3K4","ELK3"
"BTK","DAPK1","ELK3"
"BTK","FGG","ELK3"
"BTK","LEPR","ELK3"
"BTK","ITK","ELK3"
"BTK","ATR","ELK3"
"BTK","SGK3","ELK3"
"BTK","IKBKE","ELK3"
"BTK","ILK","ELK3"
"BTK","TLK1","ELK3"
"BTK","DDX41","ELK3"
"BTK","SHC1","ELK3"
"BTK","MAP3K8","ELK3"
"BTK","VCP","ELK3"
"BTK","CCR2","ELK3"
"BTK","ARRB2","ELK3"
"BTK","FRS2","ELK3"
"BTK","CCNE1","ELK3"
"BTK","IMPDH2","ELK3"
"BTK","SET","ELK3"
"BTK","PIK3CG","ELK3"
"BTK","PPP1R14A","ELK3"
"BTK","PIK3R6","ELK3"
"BTK","HDAC2","ELK3"
"BTK","DDX58","ELK3"
"BTK","TTI1","ELK3"
"BTK","LRP6","ELK3"
"BTK","GRB14","ELK3"
"BTK","PIK3C3","ELK3"
"BTK","RND1","ELK3"
"BTK","CTDP1","ELK3"
"BTK","TELO2","ELK3"
"BTK","CLSPN","ELK3"
"BTK","MAPKAP1","ELK3"
"BTK","GRB7","ELK3"
"BTK","BAZ1B","ELK3"
"BTK","PLCG2","ELK3"
"BTK","PPP1R14B","ELK3"
"BTK","ITK","MARCKS"
"BTK","AKT2","AP-2/clathrin vescicle"
"BTK","PTEN","AP-2/clathrin vescicle"
"BTK","MTOR","AP-2/clathrin vescicle"
"BTK","PRKG1","AP-2/clathrin vescicle"
"BTK","CCP110","AP-2/clathrin vescicle"
"BTK","RPS6K","AP-2/clathrin vescicle"
"BTK","CALM2","AP-2/clathrin vescicle"
"BTK","Gbeta","AP-2/clathrin vescicle"
"BTK","WNK1","AP-2/clathrin vescicle"
"BTK","PRKCZ","AP-2/clathrin vescicle"
"BTK","MAP3K7","AP-2/clathrin vescicle"
"BTK","IKBKB","AP-2/clathrin vescicle"
"BTK","DOK1","AP-2/clathrin vescicle"
"BTK","MAP3K4","AP-2/clathrin vescicle"
"BTK","DAPK1","AP-2/clathrin vescicle"
"BTK","FGG","AP-2/clathrin vescicle"
"BTK","LEPR","AP-2/clathrin vescicle"
"BTK","ITK","AP-2/clathrin vescicle"
"BTK","RPS6KA3","AP-2/clathrin vescicle"
"BTK","DVL1","AP-2/clathrin vescicle"
"BTK","SGK3","AP-2/clathrin vescicle"
"BTK","IKBKE","AP-2/clathrin vescicle"
"BTK","CCND1","AP-2/clathrin vescicle"
"BTK","TBK1","AP-2/clathrin vescicle"
"BTK","MEK1/2","AP-2/clathrin vescicle"
"BTK","PTPN7","AP-2/clathrin vescicle"
"BTK","CALM1","AP-2/clathrin vescicle"
"BTK","FADD","AP-2/clathrin vescicle"
"BTK","TLK1","AP-2/clathrin vescicle"
"BTK","RET","AP-2/clathrin vescicle"
"BTK","SHC1","AP-2/clathrin vescicle"
"BTK","NTRK1","AP-2/clathrin vescicle"
"BTK","GPSM3","AP-2/clathrin vescicle"
"BTK","EPHA2","AP-2/clathrin vescicle"
"BTK","PTPRR","AP-2/clathrin vescicle"
"BTK","CDKN1B","AP-2/clathrin vescicle"
"BTK","FBLIM1","AP-2/clathrin vescicle"
"BTK","TEC","AP-2/clathrin vescicle"
"BTK","GRIP1","AP-2/clathrin vescicle"
"BTK","TMIGD2","AP-2/clathrin vescicle"
"BTK","CCR2","AP-2/clathrin vescicle"
"BTK","STIP1","AP-2/clathrin vescicle"
"BTK","PSTPIP1","AP-2/clathrin vescicle"
"BTK","INPP5D","AP-2/clathrin vescicle"
"BTK","CCNE1","AP-2/clathrin vescicle"
"BTK","SET","AP-2/clathrin vescicle"
"BTK","SH2B2","AP-2/clathrin vescicle"
"BTK","TRPV1","AP-2/clathrin vescicle"
"BTK","PPP1R14A","AP-2/clathrin vescicle"
"BTK","BCL10","AP-2/clathrin vescicle"
"BTK","HDAC2","AP-2/clathrin vescicle"
"BTK","KSR1","AP-2/clathrin vescicle"
"BTK","UBXN2B","AP-2/clathrin vescicle"
"BTK","ROR2","AP-2/clathrin vescicle"
"BTK","IFIH1","AP-2/clathrin vescicle"
"BTK","TTI1","AP-2/clathrin vescicle"
"BTK","WDFY3","AP-2/clathrin vescicle"
"BTK","LRP6","AP-2/clathrin vescicle"
"BTK","SPEN","AP-2/clathrin vescicle"
"BTK","NFKB1","AP-2/clathrin vescicle"
"BTK","CTDP1","AP-2/clathrin vescicle"
"BTK","TELO2","AP-2/clathrin vescicle"
"BTK","CLSPN","AP-2/clathrin vescicle"
"BTK","MAPKAP1","AP-2/clathrin vescicle"
"BTK","GRB7","AP-2/clathrin vescicle"
"BTK","BAZ1B","AP-2/clathrin vescicle"
"BTK","RBL2","AP-2/clathrin vescicle"
"BTK","PPP1R14B","AP-2/clathrin vescicle"
"BTK","PABIR1","AP-2/clathrin vescicle"
"BTK","MAPK3","CCDC50"
"BTK","AKT2","CCDC50"
"BTK","PTEN","CCDC50"
"BTK","MTOR","CCDC50"
"BTK","AKT1","CCDC50"
"BTK","PRKG1","CCDC50"
"BTK","CCP110","CCDC50"
"BTK","RPS6K","CCDC50"
"BTK","ERK1/2","CCDC50"
"BTK","Gbeta","CCDC50"
"BTK","ABL1","CCDC50"
"BTK","SGK1","CCDC50"
"BTK","PRKCB","CCDC50"
"BTK","PRKCG","CCDC50"
"BTK","PRKCZ","CCDC50"
"BTK","MAP3K1","CCDC50"
"BTK","MAP3K7","CCDC50"
"BTK","AKT","CCDC50"
"BTK","DAPK1","CCDC50"
"BTK","PXN","CCDC50"
"BTK","LEPR","CCDC50"
"BTK","DVL1","CCDC50"
"BTK","FZR1","CCDC50"
"BTK","GRB2","CCDC50"
"BTK","VCPIP1","CCDC50"
"BTK","SGK3","CCDC50"
"BTK","PTK6","CCDC50"
"BTK","IKBKE","CCDC50"
"BTK","CCND1","CCDC50"
"BTK","CALM1","CCDC50"
"BTK","C9orf72","CCDC50"
"BTK","MAP4K1","CCDC50"
"BTK","SHC1","CCDC50"
"BTK","NTRK1","CCDC50"
"BTK","RELA","CCDC50"
"BTK","EPHA2","CCDC50"
"BTK","MAP3K8","CCDC50"
"BTK","PTPRR","CCDC50"
"BTK","VCP","CCDC50"
"BTK","GRIP1","CCDC50"
"BTK","TMIGD2","CCDC50"
"BTK","CCR2","CCDC50"
"BTK","STIP1","CCDC50"
"BTK","PSTPIP1","CCDC50"
"BTK","CRTC2","CCDC50"
"BTK","FRS2","CCDC50"
"BTK","IMPDH2","CCDC50"
"BTK","SET","CCDC50"
"BTK","BCL10","CCDC50"
"BTK","PIK3R6","CCDC50"
"BTK","KSR1","CCDC50"
"BTK","UBXN2B","CCDC50"
"BTK","ROR2","CCDC50"
"BTK","IFIH1","CCDC50"
"BTK","PIK3C3","CCDC50"
"BTK","TELO2","CCDC50"
"BTK","BLVRA","CCDC50"
"BTK","MAPKAP1","CCDC50"
"BTK","GRB7","CCDC50"
"BTK","BAZ1B","CCDC50"
"BTK","RBL2","CCDC50"
"BTK","PPP1R14B","CCDC50"
"BTK","CHUK","CITED1"
"BTK","AKT2","CITED1"
"BTK","CCP110","CITED1"
"BTK","RPS6K","CITED1"
"BTK","CALM2","CITED1"
"BTK","CDK9","CITED1"
"BTK","ABL1","CITED1"
"BTK","WNK1","CITED1"
"BTK","PDPK1","CITED1"
"BTK","SGK1","CITED1"
"BTK","MAP2K1","CITED1"
"BTK","PRKCZ","CITED1"
"BTK","MAP3K7","CITED1"
"BTK","DAPK1","CITED1"
"BTK","RPS6KA3","CITED1"
"BTK","FZR1","CITED1"
"BTK","GRB2","CITED1"
"BTK","VCPIP1","CITED1"
"BTK","ATR","CITED1"
"BTK","IKBKE","CITED1"
"BTK","CCND1","CITED1"
"BTK","STAP1","CITED1"
"BTK","SPRED1","CITED1"
"BTK","CDKN2A","CITED1"
"BTK","MAP4K1","CITED1"
"BTK","RET","CITED1"
"BTK","IKK-complex","CITED1"
"BTK","SHC1","CITED1"
"BTK","NTRK1","CITED1"
"BTK","GPSM3","CITED1"
"BTK","RELA","CITED1"
"BTK","EPHA2","CITED1"
"BTK","CDKN1B","CITED1"
"BTK","TEC","CITED1"
"BTK","TRPV1","CITED1"
"BTK","BCL10","CITED1"
"BTK","PIK3R6","CITED1"
"BTK","MRE11","CITED1"
"BTK","KSR1","CITED1"
"BTK","DDX58","CITED1"
"BTK","UBXN2B","CITED1"
"BTK","IFIH1","CITED1"
"BTK","WDFY3","CITED1"
"BTK","PIK3C3","CITED1"
"BTK","RND1","CITED1"
"BTK","NFKB1","CITED1"
"BTK","TELO2","CITED1"
"BTK","CLSPN","CITED1"
"BTK","GRB7","CITED1"
"BTK","BAZ1B","CITED1"
"BTK","PPP1R14B","CITED1"
"BTK","MAPK3","Av/b2 integrin"
"BTK","MTOR","Av/b2 integrin"
"BTK","ERK1/2","Av/b2 integrin"
"BTK","CDK9","Av/b2 integrin"
"BTK","ABL1","Av/b2 integrin"
"BTK","PRKCG","Av/b2 integrin"
"BTK","PRKCZ","Av/b2 integrin"
"BTK","CyclinD/CDK4","Av/b2 integrin"
"BTK","MAP3K1","Av/b2 integrin"
"BTK","MAP3K7","Av/b2 integrin"
"BTK","AKT","Av/b2 integrin"
"BTK","IKBKB","Av/b2 integrin"
"BTK","WWTR1","Av/b2 integrin"
"BTK","DOK1","Av/b2 integrin"
"BTK","DAPK1","Av/b2 integrin"
"BTK","FGG","Av/b2 integrin"
"BTK","RPS6KA3","Av/b2 integrin"
"BTK","DVL1","Av/b2 integrin"
"BTK","ATR","Av/b2 integrin"
"BTK","PTK6","Av/b2 integrin"
"BTK","IKBKE","Av/b2 integrin"
"BTK","CCND1","Av/b2 integrin"
"BTK","ILK","Av/b2 integrin"
"BTK","STAP1","Av/b2 integrin"
"BTK","TBK1","Av/b2 integrin"
"BTK","SPRED1","Av/b2 integrin"
"BTK","MEK1/2","Av/b2 integrin"
"BTK","C9orf72","Av/b2 integrin"
"BTK","MAP4K1","Av/b2 integrin"
"BTK","RET","Av/b2 integrin"
"BTK","RPS6KA4","Av/b2 integrin"
"BTK","NTRK1","Av/b2 integrin"
"BTK","GPSM3","Av/b2 integrin"
"BTK","RELA","Av/b2 integrin"
"BTK","MAPKAPK5","Av/b2 integrin"
"BTK","MAP3K8","Av/b2 integrin"
"BTK","PTPRR","Av/b2 integrin"
"BTK","CDKN1B","Av/b2 integrin"
"BTK","FBLIM1","Av/b2 integrin"
"BTK","TEC","Av/b2 integrin"
"BTK","CCR2","Av/b2 integrin"
"BTK","STIP1","Av/b2 integrin"
"BTK","PSTPIP1","Av/b2 integrin"
"BTK","ARRB2","Av/b2 integrin"
"BTK","TRAF3","Av/b2 integrin"
"BTK","CRTC2","Av/b2 integrin"
"BTK","CD28","Av/b2 integrin"
"BTK","INPP5D","Av/b2 integrin"
"BTK","CCNE1","Av/b2 integrin"
"BTK","IMPDH2","Av/b2 integrin"
"BTK","PIK3CG","Av/b2 integrin"
"BTK","TRPV1","Av/b2 integrin"
"BTK","BCL10","Av/b2 integrin"
"BTK","MRE11","Av/b2 integrin"
"BTK","HDAC2","Av/b2 integrin"
"BTK","KSR1","Av/b2 integrin"
"BTK","UBXN2B","Av/b2 integrin"
"BTK","TTI1","Av/b2 integrin"
"BTK","WDFY3","Av/b2 integrin"
"BTK","LRP6","Av/b2 integrin"
"BTK","GRB14","Av/b2 integrin"
"BTK","RND1","Av/b2 integrin"
"BTK","CTDP1","Av/b2 integrin"
"BTK","TELO2","Av/b2 integrin"
"BTK","CLSPN","Av/b2 integrin"
"BTK","GRB7","Av/b2 integrin"
"BTK","PLCG2","Av/b2 integrin"
"BTK","PPP1R14B","Av/b2 integrin"
"BTK","PABIR1","Av/b2 integrin"
"BTK","MAPK3","CTLA4"
"BTK","AKT3","CTLA4"
"BTK","CHUK","CTLA4"
"BTK","AKT2","CTLA4"
"BTK","PRKCQ","CTLA4"
"BTK","MTOR","CTLA4"
"BTK","AKT1","CTLA4"
"BTK","PRKG1","CTLA4"
"BTK","RPS6K","CTLA4"
"BTK","ERK1/2","CTLA4"
"BTK","CDK9","CTLA4"
"BTK","RPS6KA5","CTLA4"
"BTK","PDPK1","CTLA4"
"BTK","MAP2K1","CTLA4"
"BTK","PRKCZ","CTLA4"
"BTK","CyclinD/CDK4","CTLA4"
"BTK","MAP3K7","CTLA4"
"BTK","FGG","CTLA4"
"BTK","ITK","CTLA4"
"BTK","FZR1","CTLA4"
"BTK","GRB2","CTLA4"
"BTK","VCPIP1","CTLA4"
"BTK","SGK3","CTLA4"
"BTK","PTK6","CTLA4"
"BTK","CCND1","CTLA4"
"BTK","SPRED1","CTLA4"
"BTK","PTPN7","CTLA4"
"BTK","CALM1","CTLA4"
"BTK","FADD","CTLA4"
"BTK","TLK1","CTLA4"
"BTK","C9orf72","CTLA4"
"BTK","CDKN2A","CTLA4"
"BTK","MAP4K1","CTLA4"
"BTK","DDX41","CTLA4"
"BTK","SHC1","CTLA4"
"BTK","RPS6KA4","CTLA4"
"BTK","GPSM3","CTLA4"
"BTK","MAPKAPK5","CTLA4"
"BTK","EPHA2","CTLA4"
"BTK","MAP3K8","CTLA4"
"BTK","GRIP1","CTLA4"
"BTK","PSTPIP1","CTLA4"
"BTK","CCNE1","CTLA4"
"BTK","IMPDH2","CTLA4"
"BTK","SH2B2","CTLA4"
"BTK","PPP1R14A","CTLA4"
"BTK","BCL10","CTLA4"
"BTK","PIK3R6","CTLA4"
"BTK","HDAC2","CTLA4"
"BTK","UBXN2B","CTLA4"
"BTK","MST1R","CTLA4"
"BTK","ROR2","CTLA4"
"BTK","IFIH1","CTLA4"
"BTK","TTI1","CTLA4"
"BTK","RND1","CTLA4"
"BTK","MAPKAP1","CTLA4"
"BTK","GRB7","CTLA4"
"BTK","PLCG2","CTLA4"
"BTK","PABIR1","CTLA4"
"BTK","MAPK3","SPHK1"
"BTK","AKT3","SPHK1"
"BTK","PRKCQ","SPHK1"
"BTK","PRKG1","SPHK1"
"BTK","CALM2","SPHK1"
"BTK","ERK1/2","SPHK1"
"BTK","Gbeta","SPHK1"
"BTK","WNK1","SPHK1"
"BTK","PRKCB","SPHK1"
"BTK","DOK1","SPHK1"
"BTK","DAPK1","SPHK1"
"BTK","FGG","SPHK1"
"BTK","ITK","SPHK1"
"BTK","FZR1","SPHK1"
"BTK","VCPIP1","SPHK1"
"BTK","SGK3","SPHK1"
"BTK","STAP1","SPHK1"
"BTK","MEK1/2","SPHK1"
"BTK","PTPN7","SPHK1"
"BTK","FADD","SPHK1"
"BTK","MAP4K1","SPHK1"
"BTK","IKK-complex","SPHK1"
"BTK","RPS6KA4","SPHK1"
"BTK","GPSM3","SPHK1"
"BTK","RELA","SPHK1"
"BTK","FBLIM1","SPHK1"
"BTK","STIP1","SPHK1"
"BTK","PSTPIP1","SPHK1"
"BTK","CRTC2","SPHK1"
"BTK","CD28","SPHK1"
"BTK","CCNE1","SPHK1"
"BTK","SH2B2","SPHK1"
"BTK","MRE11","SPHK1"
"BTK","HDAC2","SPHK1"
"BTK","KSR1","SPHK1"
"BTK","DDX58","SPHK1"
"BTK","UBXN2B","SPHK1"
"BTK","IFIH1","SPHK1"
"BTK","RAD50","SPHK1"
"BTK","WDFY3","SPHK1"
"BTK","LRP6","SPHK1"
"BTK","GRB14","SPHK1"
"BTK","HOXB7","SPHK1"
"BTK","STING1","SPHK1"
"BTK","CTDP1","SPHK1"
"BTK","BAZ1B","SPHK1"
"BTK","MAPK3","NR1H4"
"BTK","AKT2","NR1H4"
"BTK","PTEN","NR1H4"
"BTK","PRKCQ","NR1H4"
"BTK","MTOR","NR1H4"
"BTK","PRKG1","NR1H4"
"BTK","CCP110","NR1H4"
"BTK","RPS6K","NR1H4"
"BTK","ERK1/2","NR1H4"
"BTK","Gbeta","NR1H4"
"BTK","ABL1","NR1H4"
"BTK","SGK1","NR1H4"
"BTK","PRKCG","NR1H4"
"BTK","PRKCZ","NR1H4"
"BTK","MAP3K1","NR1H4"
"BTK","IKBKB","NR1H4"
"BTK","WWTR1","NR1H4"
"BTK","DOK1","NR1H4"
"BTK","MAP3K4","NR1H4"
"BTK","DAPK1","NR1H4"
"BTK","PXN","NR1H4"
"BTK","RPS6KA3","NR1H4"
"BTK","BCL3","NR1H4"
"BTK","DVL1","NR1H4"
"BTK","VCPIP1","NR1H4"
"BTK","ILK","NR1H4"
"BTK","MEK1/2","NR1H4"
"BTK","CALM1","NR1H4"
"BTK","TLK1","NR1H4"
"BTK","C9orf72","NR1H4"
"BTK","MAP4K1","NR1H4"
"BTK","RET","NR1H4"
"BTK","IKK-complex","NR1H4"
"BTK","SHC1","NR1H4"
"BTK","RPS6KA4","NR1H4"
"BTK","RELA","NR1H4"
"BTK","MAP3K8","NR1H4"
"BTK","FBLIM1","NR1H4"
"BTK","VCP","NR1H4"
"BTK","GRIP1","NR1H4"
"BTK","CCR2","NR1H4"
"BTK","STIP1","NR1H4"
"BTK","ARRB2","NR1H4"
"BTK","TRAF3","NR1H4"
"BTK","FRS2","NR1H4"
"BTK","CCNE1","NR1H4"
"BTK","PIK3CG","NR1H4"
"BTK","TRPV1","NR1H4"
"BTK","BCL10","NR1H4"
"BTK","HDAC2","NR1H4"
"BTK","KSR1","NR1H4"
"BTK","MST1R","NR1H4"
"BTK","IFIH1","NR1H4"
"BTK","RAD50","NR1H4"
"BTK","PIK3C3","NR1H4"
"BTK","RND1","NR1H4"
"BTK","NFKB1","NR1H4"
"BTK","BLVRA","NR1H4"
"BTK","BAZ1B","NR1H4"
"BTK","PLCG2","NR1H4"
"BTK","RBL2","NR1H4"
"BTK","PPP1R14B","NR1H4"
"BTK","MAPK3","GRAP"
"BTK","AKT3","GRAP"
"BTK","CHUK","GRAP"
"BTK","AKT2","GRAP"
"BTK","PTEN","GRAP"
"BTK","PRKCQ","GRAP"
"BTK","MTOR","GRAP"
"BTK","RPS6K","GRAP"
"BTK","CALM2","GRAP"
"BTK","Gbeta","GRAP"
"BTK","WNK1","GRAP"
"BTK","SGK1","GRAP"
"BTK","PRKCG","GRAP"
"BTK","CyclinD/CDK4","GRAP"
"BTK","MAP3K1","GRAP"
"BTK","IKBKB","GRAP"
"BTK","MAP3K4","GRAP"
"BTK","DAPK1","GRAP"
"BTK","FGG","GRAP"
"BTK","LEPR","GRAP"
"BTK","ITK","GRAP"
"BTK","BCL3","GRAP"
"BTK","DVL1","GRAP"
"BTK","FZR1","GRAP"
"BTK","VCPIP1","GRAP"
"BTK","PTK6","GRAP"
"BTK","IKBKE","GRAP"
"BTK","CCND1","GRAP"
"BTK","ILK","GRAP"
"BTK","STAP1","GRAP"
"BTK","TBK1","GRAP"
"BTK","PTPN7","GRAP"
"BTK","CALM1","GRAP"
"BTK","STK38","GRAP"
"BTK","C9orf72","GRAP"
"BTK","CDKN2A","GRAP"
"BTK","MAP4K1","GRAP"
"BTK","DDX41","GRAP"
"BTK","SHC1","GRAP"
"BTK","NTRK1","GRAP"
"BTK","MAPKAPK5","GRAP"
"BTK","CDKN1B","GRAP"
"BTK","GRIP1","GRAP"
"BTK","TRAF3","GRAP"
"BTK","CRTC2","GRAP"
"BTK","INPP5D","GRAP"
"BTK","FRS2","GRAP"
"BTK","IMPDH2","GRAP"
"BTK","SET","GRAP"
"BTK","PIK3CG","GRAP"
"BTK","TRPV1","GRAP"
"BTK","PPP1R14A","GRAP"
"BTK","BCL10","GRAP"
"BTK","PIK3R6","GRAP"
"BTK","MRE11","GRAP"
"BTK","HDAC2","GRAP"
"BTK","KSR1","GRAP"
"BTK","DDX58","GRAP"
"BTK","UBXN2B","GRAP"
"BTK","MST1R","GRAP"
"BTK","ROR2","GRAP"
"BTK","ABI1","GRAP"
"BTK","IFIH1","GRAP"
"BTK","RAD50","GRAP"
"BTK","TTI1","GRAP"
"BTK","LRP6","GRAP"
"BTK","PIK3C3","GRAP"
"BTK","SPEN","GRAP"
"BTK","NFKB1","GRAP"
"BTK","CTDP1","GRAP"
"BTK","TELO2","GRAP"
"BTK","BLVRA","GRAP"
"BTK","CLSPN","GRAP"
"BTK","MAPKAP1","GRAP"
"BTK","GRB7","GRAP"
"BTK","PLCG2","GRAP"
"BTK","RBL2","GRAP"
"BTK","PABIR1","GRAP"
"BTK","AKT3","ZBTB16"
"BTK","CHUK","ZBTB16"
"BTK","MTOR","ZBTB16"
"BTK","AKT1","ZBTB16"
"BTK","PRKG1","ZBTB16"
"BTK","CCP110","ZBTB16"
"BTK","CALM2","ZBTB16"
"BTK","ERK1/2","ZBTB16"
"BTK","Gbeta","ZBTB16"
"BTK","LCK","ZBTB16"
"BTK","CDK9","ZBTB16"
"BTK","WNK1","ZBTB16"
"BTK","SGK1","ZBTB16"
"BTK","MAP2K1","ZBTB16"
"BTK","PRKCB","ZBTB16"
"BTK","PRKCZ","ZBTB16"
"BTK","CyclinD/CDK4","ZBTB16"
"BTK","MAP3K7","ZBTB16"
"BTK","IKBKB","ZBTB16"
"BTK","WWTR1","ZBTB16"
"BTK","DOK1","ZBTB16"
"BTK","MAP3K4","ZBTB16"
"BTK","DAPK1","ZBTB16"
"BTK","PXN","ZBTB16"
"BTK","FGG","ZBTB16"
"BTK","ITK","ZBTB16"
"BTK","ATR","ZBTB16"
"BTK","SGK3","ZBTB16"
"BTK","PTK6","ZBTB16"
"BTK","CCND1","ZBTB16"
"BTK","SPRED1","ZBTB16"
"BTK","PTPN7","ZBTB16"
"BTK","CALM1","ZBTB16"
"BTK","TLK1","ZBTB16"
"BTK","RET","ZBTB16"
"BTK","DDX41","ZBTB16"
"BTK","IKK-complex","ZBTB16"
"BTK","RPS6KA4","ZBTB16"
"BTK","NTRK1","ZBTB16"
"BTK","GPSM3","ZBTB16"
"BTK","RELA","ZBTB16"
"BTK","MAPKAPK5","ZBTB16"
"BTK","EPHA2","ZBTB16"
"BTK","MAP3K8","ZBTB16"
"BTK","CDKN1B","ZBTB16"
"BTK","VCP","ZBTB16"
"BTK","GRIP1","ZBTB16"
"BTK","CCR2","ZBTB16"
"BTK","PSTPIP1","ZBTB16"
"BTK","TRAF3","ZBTB16"
"BTK","CRTC2","ZBTB16"
"BTK","SET","ZBTB16"
"BTK","MRE11","ZBTB16"
"BTK","KSR1","ZBTB16"
"BTK","ABI1","ZBTB16"
"BTK","RAD50","ZBTB16"
"BTK","WDFY3","ZBTB16"
"BTK","LRP6","ZBTB16"
"BTK","HOXB7","ZBTB16"
"BTK","RND1","ZBTB16"
"BTK","STING1","ZBTB16"
"BTK","SPEN","ZBTB16"
"BTK","CTDP1","ZBTB16"
"BTK","TELO2","ZBTB16"
"BTK","GRB7","ZBTB16"
"BTK","BAZ1B","ZBTB16"
"BTK","PLCG2","ZBTB16"
"BTK","RBL2","ZBTB16"
"BTK","PPP1R14B","ZBTB16"
"BTK","PABIR1","ZBTB16"
"BTK","MAPK3","PITPNC1"
"BTK","CHUK","PITPNC1"
"BTK","AKT2","PITPNC1"
"BTK","PTEN","PITPNC1"
"BTK","MTOR","PITPNC1"
"BTK","AKT1","PITPNC1"
"BTK","PRKG1","PITPNC1"
"BTK","CCP110","PITPNC1"
"BTK","Gbeta","PITPNC1"
"BTK","LCK","PITPNC1"
"BTK","CDK9","PITPNC1"
"BTK","ABL1","PITPNC1"
"BTK","WNK1","PITPNC1"
"BTK","PDPK1","PITPNC1"
"BTK","SGK1","PITPNC1"
"BTK","PRKCB","PITPNC1"
"BTK","PRKCG","PITPNC1"
"BTK","MAP3K7","PITPNC1"
"BTK","IKBKB","PITPNC1"
"BTK","MAP3K4","PITPNC1"
"BTK","DAPK1","PITPNC1"
"BTK","PXN","PITPNC1"
"BTK","FGG","PITPNC1"
"BTK","LEPR","PITPNC1"
"BTK","BCL3","PITPNC1"
"BTK","DVL1","PITPNC1"
"BTK","FZR1","PITPNC1"
"BTK","GRB2","PITPNC1"
"BTK","VCPIP1","PITPNC1"
"BTK","ATR","PITPNC1"
"BTK","PTK6","PITPNC1"
"BTK","ILK","PITPNC1"
"BTK","TBK1","PITPNC1"
"BTK","SPRED1","PITPNC1"
"BTK","MEK1/2","PITPNC1"
"BTK","FADD","PITPNC1"
"BTK","STK38","PITPNC1"
"BTK","C9orf72","PITPNC1"
"BTK","CDKN2A","PITPNC1"
"BTK","RET","PITPNC1"
"BTK","DDX41","PITPNC1"
"BTK","NTRK1","PITPNC1"
"BTK","RELA","PITPNC1"
"BTK","MAPKAPK5","PITPNC1"
"BTK","CDKN1B","PITPNC1"
"BTK","TMIGD2","PITPNC1"
"BTK","CCR2","PITPNC1"
"BTK","PSTPIP1","PITPNC1"
"BTK","TRAF3","PITPNC1"
"BTK","CRTC2","PITPNC1"
"BTK","INPP5D","PITPNC1"
"BTK","CCNE1","PITPNC1"
"BTK","SET","PITPNC1"
"BTK","PIK3CG","PITPNC1"
"BTK","SH2B2","PITPNC1"
"BTK","TRPV1","PITPNC1"
"BTK","PPP1R14A","PITPNC1"
"BTK","PIK3R6","PITPNC1"
"BTK","MRE11","PITPNC1"
"BTK","HDAC2","PITPNC1"
"BTK","KSR1","PITPNC1"
"BTK","DDX58","PITPNC1"
"BTK","UBXN2B","PITPNC1"
"BTK","ROR2","PITPNC1"
"BTK","IFIH1","PITPNC1"
"BTK","RAD50","PITPNC1"
"BTK","WDFY3","PITPNC1"
"BTK","LRP6","PITPNC1"
"BTK","HOXB7","PITPNC1"
"BTK","PIK3C3","PITPNC1"
"BTK","RND1","PITPNC1"
"BTK","STING1","PITPNC1"
"BTK","NFKB1","PITPNC1"
"BTK","TELO2","PITPNC1"
"BTK","MAPKAP1","PITPNC1"
"BTK","GRB7","PITPNC1"
"BTK","PLCG2","PITPNC1"
"BTK","RBL2","PITPNC1"
"BTK","PPP1R14B","PITPNC1"
"BTK","PABIR1","PITPNC1"
"BTK","MAPK3","CSF2RB"
"BTK","AKT3","CSF2RB"
"BTK","CHUK","CSF2RB"
"BTK","AKT2","CSF2RB"
"BTK","CCP110","CSF2RB"
"BTK","ERK1/2","CSF2RB"
"BTK","Gbeta","CSF2RB"
"BTK","LCK","CSF2RB"
"BTK","RPS6KA5","CSF2RB"
"BTK","PDPK1","CSF2RB"
"BTK","SGK1","CSF2RB"
"BTK","MAP2K1","CSF2RB"
"BTK","PRKCB","CSF2RB"
"BTK","MAP3K1","CSF2RB"
"BTK","MAP3K7","CSF2RB"
"BTK","WWTR1","CSF2RB"
"BTK","DOK1","CSF2RB"
"BTK","FGG","CSF2RB"
"BTK","ITK","CSF2RB"
"BTK","GRB2","CSF2RB"
"BTK","ATR","CSF2RB"
"BTK","PTK6","CSF2RB"
"BTK","IKBKE","CSF2RB"
"BTK","ILK","CSF2RB"
"BTK","TBK1","CSF2RB"
"BTK","MEK1/2","CSF2RB"
"BTK","STK38","CSF2RB"
"BTK","DDX41","CSF2RB"
"BTK","SHC1","CSF2RB"
"BTK","NTRK1","CSF2RB"
"BTK","RELA","CSF2RB"
"BTK","CDKN1B","CSF2RB"
"BTK","FBLIM1","CSF2RB"
"BTK","TEC","CSF2RB"
"BTK","GRIP1","CSF2RB"
"BTK","CRTC2","CSF2RB"
"BTK","CD28","CSF2RB"
"BTK","INPP5D","CSF2RB"
"BTK","IMPDH2","CSF2RB"
"BTK","TRPV1","CSF2RB"
"BTK","BCL10","CSF2RB"
"BTK","HDAC2","CSF2RB"
"BTK","UBXN2B","CSF2RB"
"BTK","ROR2","CSF2RB"
"BTK","RAD50","CSF2RB"
"BTK","SPEN","CSF2RB"
"BTK","NFKB1","CSF2RB"
"BTK","CTDP1","CSF2RB"
"BTK","MAPKAP1","CSF2RB"
"BTK","BAZ1B","CSF2RB"
"BTK","PPP1R14B","CSF2RB"
"BTK","PABIR1","CSF2RB"
"BTK","AKT3","F3"
"BTK","AKT1","F3"
"BTK","RPS6K","F3"
"BTK","Gbeta","F3"
"BTK","CDK9","F3"
"BTK","ABL1","F3"
"BTK","PRKCG","F3"
"BTK","PRKCZ","F3"
"BTK","CyclinD/CDK4","F3"
"BTK","MAP3K1","F3"
"BTK","AKT","F3"
"BTK","IKBKB","F3"
"BTK","WWTR1","F3"
"BTK","DOK1","F3"
"BTK","MAP3K4","F3"
"BTK","DAPK1","F3"
"BTK","PXN","F3"
"BTK","FGG","F3"
"BTK","BCL3","F3"
"BTK","DVL1","F3"
"BTK","VCPIP1","F3"
"BTK","ILK","F3"
"BTK","SPRED1","F3"
"BTK","MEK1/2","F3"
"BTK","STK38","F3"
"BTK","TLK1","F3"
"BTK","C9orf72","F3"
"BTK","MAP4K1","F3"
"BTK","RET","F3"
"BTK","IKK-complex","F3"
"BTK","SHC1","F3"
"BTK","RPS6KA4","F3"
"BTK","GPSM3","F3"
"BTK","RELA","F3"
"BTK","MAPKAPK5","F3"
"BTK","MAP3K8","F3"
"BTK","FBLIM1","F3"
"BTK","VCP","F3"
"BTK","GRIP1","F3"
"BTK","TMIGD2","F3"
"BTK","CCR2","F3"
"BTK","STIP1","F3"
"BTK","ARRB2","F3"
"BTK","TRAF3","F3"
"BTK","FRS2","F3"
"BTK","CCNE1","F3"
"BTK","PIK3CG","F3"
"BTK","TRPV1","F3"
"BTK","BCL10","F3"
"BTK","MRE11","F3"
"BTK","MST1R","F3"
"BTK","RAD50","F3"
"BTK","PIK3C3","F3"
"BTK","STING1","F3"
"BTK","NFKB1","F3"
"BTK","CTDP1","F3"
"BTK","CLSPN","F3"
"BTK","MAPKAP1","F3"
"BTK","PPP1R14B","F3"
"BTK","PABIR1","F3"
"BTK","MAPK3","EEF1A2"
"BTK","CHUK","EEF1A2"
"BTK","PRKG1","EEF1A2"
"BTK","CCP110","EEF1A2"
"BTK","ERK1/2","EEF1A2"
"BTK","RPS6KA5","EEF1A2"
"BTK","WNK1","EEF1A2"
"BTK","SGK1","EEF1A2"
"BTK","MAP2K1","EEF1A2"
"BTK","PRKCB","EEF1A2"
"BTK","PRKCG","EEF1A2"
"BTK","PRKCZ","EEF1A2"
"BTK","CyclinD/CDK4","EEF1A2"
"BTK","MAP3K7","EEF1A2"
"BTK","IKBKB","EEF1A2"
"BTK","MAP3K4","EEF1A2"
"BTK","DAPK1","EEF1A2"
"BTK","FGG","EEF1A2"
"BTK","RPS6KA3","EEF1A2"
"BTK","FZR1","EEF1A2"
"BTK","VCPIP1","EEF1A2"
"BTK","IKBKE","EEF1A2"
"BTK","FADD","EEF1A2"
"BTK","C9orf72","EEF1A2"
"BTK","MAP4K1","EEF1A2"
"BTK","DDX41","EEF1A2"
"BTK","IKK-complex","EEF1A2"
"BTK","SHC1","EEF1A2"
"BTK","RPS6KA4","EEF1A2"
"BTK","NTRK1","EEF1A2"
"BTK","RELA","EEF1A2"
"BTK","MAPKAPK5","EEF1A2"
"BTK","EPHA2","EEF1A2"
"BTK","PTPRR","EEF1A2"
"BTK","GRIP1","EEF1A2"
"BTK","TMIGD2","EEF1A2"
"BTK","CCR2","EEF1A2"
"BTK","CRTC2","EEF1A2"
"BTK","CCNE1","EEF1A2"
"BTK","BCL10","EEF1A2"
"BTK","PIK3R6","EEF1A2"
"BTK","UBXN2B","EEF1A2"
"BTK","ROR2","EEF1A2"
"BTK","IFIH1","EEF1A2"
"BTK","RAD50","EEF1A2"
"BTK","LRP6","EEF1A2"
"BTK","GRB14","EEF1A2"
"BTK","RND1","EEF1A2"
"BTK","SPEN","EEF1A2"
"BTK","NFKB1","EEF1A2"
"BTK","GRB7","EEF1A2"
"BTK","CHUK","KIF3A"
"BTK","AKT2","KIF3A"
"BTK","PRKCQ","KIF3A"
"BTK","MTOR","KIF3A"
"BTK","PRKG1","KIF3A"
"BTK","CCP110","KIF3A"
"BTK","RPS6K","KIF3A"
"BTK","LCK","KIF3A"
"BTK","ABL1","KIF3A"
"BTK","RPS6KA5","KIF3A"
"BTK","SGK1","KIF3A"
"BTK","MAP2K1","KIF3A"
"BTK","CyclinD/CDK4","KIF3A"
"BTK","AKT","KIF3A"
"BTK","IKBKB","KIF3A"
"BTK","MAP3K4","KIF3A"
"BTK","DAPK1","KIF3A"
"BTK","PXN","KIF3A"
"BTK","VCPIP1","KIF3A"
"BTK","SGK3","KIF3A"
"BTK","CCND1","KIF3A"
"BTK","STAP1","KIF3A"
"BTK","PTPN7","KIF3A"
"BTK","TLK1","KIF3A"
"BTK","NTRK1","KIF3A"
"BTK","MAP3K8","KIF3A"
"BTK","PTPRR","KIF3A"
"BTK","CDKN1B","KIF3A"
"BTK","TEC","KIF3A"
"BTK","VCP","KIF3A"
"BTK","CCR2","KIF3A"
"BTK","STIP1","KIF3A"
"BTK","PSTPIP1","KIF3A"
"BTK","ARRB2","KIF3A"
"BTK","TRAF3","KIF3A"
"BTK","CRTC2","KIF3A"
"BTK","CD28","KIF3A"
"BTK","INPP5D","KIF3A"
"BTK","FRS2","KIF3A"
"BTK","IMPDH2","KIF3A"
"BTK","PPP1R14A","KIF3A"
"BTK","HDAC2","KIF3A"
"BTK","DDX58","KIF3A"
"BTK","UBXN2B","KIF3A"
"BTK","MST1R","KIF3A"
"BTK","ABI1","KIF3A"
"BTK","IFIH1","KIF3A"
"BTK","RAD50","KIF3A"
"BTK","GRB14","KIF3A"
"BTK","HOXB7","KIF3A"
"BTK","PIK3C3","KIF3A"
"BTK","RND1","KIF3A"
"BTK","STING1","KIF3A"
"BTK","SPEN","KIF3A"
"BTK","CLSPN","KIF3A"
"BTK","PABIR1","KIF3A"
"BTK","MAPK3","RGS2"
"BTK","CHUK","RGS2"
"BTK","PTEN","RGS2"
"BTK","CCP110","RGS2"
"BTK","RPS6K","RGS2"
"BTK","CALM2","RGS2"
"BTK","ERK1/2","RGS2"
"BTK","Gbeta","RGS2"
"BTK","ABL1","RGS2"
"BTK","RPS6KA5","RGS2"
"BTK","PRKCB","RGS2"
"BTK","VCPIP1","RGS2"
"BTK","SGK3","RGS2"
"BTK","PTK6","RGS2"
"BTK","IKBKE","RGS2"
"BTK","ILK","RGS2"
"BTK","STAP1","RGS2"
"BTK","TBK1","RGS2"
"BTK","CALM1","RGS2"
"BTK","TLK1","RGS2"
"BTK","RET","RGS2"
"BTK","DDX41","RGS2"
"BTK","SHC1","RGS2"
"BTK","NTRK1","RGS2"
"BTK","RELA","RGS2"
"BTK","EPHA2","RGS2"
"BTK","MAP3K8","RGS2"
"BTK","FBLIM1","RGS2"
"BTK","VCP","RGS2"
"BTK","ARRB2","RGS2"
"BTK","CD28","RGS2"
"BTK","CCNE1","RGS2"
"BTK","SH2B2","RGS2"
"BTK","MST1R","RGS2"
"BTK","ROR2","RGS2"
"BTK","RAD50","RGS2"
"BTK","RND1","RGS2"
"BTK","STING1","RGS2"
"BTK","BLVRA","RGS2"
"BTK","CLSPN","RGS2"
"BTK","BAZ1B","RGS2"
"BTK","PPP1R14B","RGS2"
"BTK","PABIR1","RGS2"
"BTK","MAPK3","EXOC7"
"BTK","CHUK","EXOC7"
"BTK","PTEN","EXOC7"
"BTK","RPS6K","EXOC7"
"BTK","WNK1","EXOC7"
"BTK","PDPK1","EXOC7"
"BTK","MAP2K1","EXOC7"
"BTK","PRKCZ","EXOC7"
"BTK","CyclinD/CDK4","EXOC7"
"BTK","MAP3K1","EXOC7"
"BTK","WWTR1","EXOC7"
"BTK","DAPK1","EXOC7"
"BTK","LEPR","EXOC7"
"BTK","ITK","EXOC7"
"BTK","RPS6KA3","EXOC7"
"BTK","DVL1","EXOC7"
"BTK","VCPIP1","EXOC7"
"BTK","IKBKE","EXOC7"
"BTK","FADD","EXOC7"
"BTK","TLK1","EXOC7"
"BTK","CDKN2A","EXOC7"
"BTK","DDX41","EXOC7"
"BTK","NTRK1","EXOC7"
"BTK","EPHA2","EXOC7"
"BTK","TEC","EXOC7"
"BTK","CCR2","EXOC7"
"BTK","PSTPIP1","EXOC7"
"BTK","CRTC2","EXOC7"
"BTK","CD28","EXOC7"
"BTK","INPP5D","EXOC7"
"BTK","FRS2","EXOC7"
"BTK","CCNE1","EXOC7"
"BTK","IMPDH2","EXOC7"
"BTK","SET","EXOC7"
"BTK","PIK3CG","EXOC7"
"BTK","SH2B2","EXOC7"
"BTK","TRPV1","EXOC7"
"BTK","PPP1R14A","EXOC7"
"BTK","KSR1","EXOC7"
"BTK","DDX58","EXOC7"
"BTK","UBXN2B","EXOC7"
"BTK","MST1R","EXOC7"
"BTK","ROR2","EXOC7"
"BTK","ABI1","EXOC7"
"BTK","TTI1","EXOC7"
"BTK","LRP6","EXOC7"
"BTK","HOXB7","EXOC7"
"BTK","PIK3C3","EXOC7"
"BTK","STING1","EXOC7"
"BTK","SPEN","EXOC7"
"BTK","NFKB1","EXOC7"
"BTK","CTDP1","EXOC7"
"BTK","TELO2","EXOC7"
"BTK","BLVRA","EXOC7"
"BTK","MAPKAP1","EXOC7"
"BTK","PLCG2","EXOC7"
"BTK","RBL2","EXOC7"
"BTK","PABIR1","EXOC7"
"BTK","MAPK3","GRIN1"
"BTK","AKT3","GRIN1"
"BTK","CHUK","GRIN1"
"BTK","AKT2","GRIN1"
"BTK","PTEN","GRIN1"
"BTK","PRKCQ","GRIN1"
"BTK","MTOR","GRIN1"
"BTK","ERK1/2","GRIN1"
"BTK","LCK","GRIN1"
"BTK","RPS6KA5","GRIN1"
"BTK","WNK1","GRIN1"
"BTK","PDPK1","GRIN1"
"BTK","SGK1","GRIN1"
"BTK","PRKCB","GRIN1"
"BTK","PRKCG","GRIN1"
"BTK","PRKCZ","GRIN1"
"BTK","IKBKB","GRIN1"
"BTK","WWTR1","GRIN1"
"BTK","DOK1","GRIN1"
"BTK","DAPK1","GRIN1"
"BTK","BCL3","GRIN1"
"BTK","FZR1","GRIN1"
"BTK","PTK6","GRIN1"
"BTK","STAP1","GRIN1"
"BTK","TBK1","GRIN1"
"BTK","FADD","GRIN1"
"BTK","TLK1","GRIN1"
"BTK","CDKN2A","GRIN1"
"BTK","MAP4K1","GRIN1"
"BTK","DDX41","GRIN1"
"BTK","IKK-complex","GRIN1"
"BTK","NTRK1","GRIN1"
"BTK","GPSM3","GRIN1"
"BTK","RELA","GRIN1"
"BTK","MAP3K8","GRIN1"
"BTK","PTPRR","GRIN1"
"BTK","VCP","GRIN1"
"BTK","STIP1","GRIN1"
"BTK","PSTPIP1","GRIN1"
"BTK","ARRB2","GRIN1"
"BTK","IMPDH2","GRIN1"
"BTK","SH2B2","GRIN1"
"BTK","TRPV1","GRIN1"
"BTK","PPP1R14A","GRIN1"
"BTK","DDX58","GRIN1"
"BTK","UBXN2B","GRIN1"
"BTK","MST1R","GRIN1"
"BTK","TTI1","GRIN1"
"BTK","GRB14","GRIN1"
"BTK","HOXB7","GRIN1"
"BTK","PIK3C3","GRIN1"
"BTK","STING1","GRIN1"
"BTK","SPEN","GRIN1"
"BTK","NFKB1","GRIN1"
"BTK","CTDP1","GRIN1"
"BTK","BLVRA","GRIN1"
"BTK","PLCG2","GRIN1"
"BTK","RBL2","GRIN1"
"BTK","MAPK3","CACNA1C"
"BTK","CHUK","CACNA1C"
"BTK","PTEN","CACNA1C"
"BTK","MTOR","CACNA1C"
"BTK","CALM2","CACNA1C"
"BTK","CDK9","CACNA1C"
"BTK","RPS6KA5","CACNA1C"
"BTK","WNK1","CACNA1C"
"BTK","CyclinD/CDK4","CACNA1C"
"BTK","MAP3K7","CACNA1C"
"BTK","IKBKB","CACNA1C"
"BTK","WWTR1","CACNA1C"
"BTK","SGK3","CACNA1C"
"BTK","TBK1","CACNA1C"
"BTK","STK38","CACNA1C"
"BTK","RELA","CACNA1C"
"BTK","PTPRR","CACNA1C"
"BTK","VCP","CACNA1C"
"BTK","GRIP1","CACNA1C"
"BTK","STIP1","CACNA1C"
"BTK","PSTPIP1","CACNA1C"
"BTK","CD28","CACNA1C"
"BTK","INPP5D","CACNA1C"
"BTK","CCNE1","CACNA1C"
"BTK","IMPDH2","CACNA1C"
"BTK","KSR1","CACNA1C"
"BTK","UBXN2B","CACNA1C"
"BTK","TTI1","CACNA1C"
"BTK","GRB14","CACNA1C"
"BTK","HOXB7","CACNA1C"
"BTK","RND1","CACNA1C"
"BTK","STING1","CACNA1C"
"BTK","SPEN","CACNA1C"
"BTK","MAPKAP1","CACNA1C"
"BTK","BAZ1B","CACNA1C"
"BTK","RBL2","CACNA1C"
"BTK","AKT3","SEPTIN2"
"BTK","CHUK","SEPTIN2"
"BTK","AKT2","SEPTIN2"
"BTK","MTOR","SEPTIN2"
"BTK","CCP110","SEPTIN2"
"BTK","CALM2","SEPTIN2"
"BTK","Gbeta","SEPTIN2"
"BTK","LCK","SEPTIN2"
"BTK","CDK9","SEPTIN2"
"BTK","ABL1","SEPTIN2"
"BTK","RPS6KA5","SEPTIN2"
"BTK","PRKCZ","SEPTIN2"
"BTK","MAP3K7","SEPTIN2"
"BTK","DOK1","SEPTIN2"
"BTK","MAP3K4","SEPTIN2"
"BTK","PXN","SEPTIN2"
"BTK","FGG","SEPTIN2"
"BTK","LEPR","SEPTIN2"
"BTK","ITK","SEPTIN2"
"BTK","FZR1","SEPTIN2"
"BTK","GRB2","SEPTIN2"
"BTK","SGK3","SEPTIN2"
"BTK","PTK6","SEPTIN2"
"BTK","STAP1","SEPTIN2"
"BTK","SPRED1","SEPTIN2"
"BTK","STK38","SEPTIN2"
"BTK","TLK1","SEPTIN2"
"BTK","C9orf72","SEPTIN2"
"BTK","CDKN2A","SEPTIN2"
"BTK","MAP4K1","SEPTIN2"
"BTK","RET","SEPTIN2"
"BTK","DDX41","SEPTIN2"
"BTK","SHC1","SEPTIN2"
"BTK","RPS6KA4","SEPTIN2"
"BTK","GPSM3","SEPTIN2"
"BTK","RELA","SEPTIN2"
"BTK","MAP3K8","SEPTIN2"
"BTK","PTPRR","SEPTIN2"
"BTK","TMIGD2","SEPTIN2"
"BTK","TRAF3","SEPTIN2"
"BTK","CRTC2","SEPTIN2"
"BTK","CCNE1","SEPTIN2"
"BTK","IMPDH2","SEPTIN2"
"BTK","PIK3CG","SEPTIN2"
"BTK","PPP1R14A","SEPTIN2"
"BTK","BCL10","SEPTIN2"
"BTK","MRE11","SEPTIN2"
"BTK","KSR1","SEPTIN2"
"BTK","ROR2","SEPTIN2"
"BTK","ABI1","SEPTIN2"
"BTK","RAD50","SEPTIN2"
"BTK","WDFY3","SEPTIN2"
"BTK","GRB14","SEPTIN2"
"BTK","HOXB7","SEPTIN2"
"BTK","RND1","SEPTIN2"
"BTK","STING1","SEPTIN2"
"BTK","TELO2","SEPTIN2"
"BTK","GRB7","SEPTIN2"
"BTK","MAPK3","ARHGAP18"
"BTK","CHUK","ARHGAP18"
"BTK","PTEN","ARHGAP18"
"BTK","MTOR","ARHGAP18"
"BTK","PRKG1","ARHGAP18"
"BTK","CCP110","ARHGAP18"
"BTK","RPS6K","ARHGAP18"
"BTK","CALM2","ARHGAP18"
"BTK","Gbeta","ARHGAP18"
"BTK","LCK","ARHGAP18"
"BTK","WNK1","ARHGAP18"
"BTK","SGK1","ARHGAP18"
"BTK","MAP2K1","ARHGAP18"
"BTK","PRKCG","ARHGAP18"
"BTK","PRKCZ","ARHGAP18"
"BTK","CyclinD/CDK4","ARHGAP18"
"BTK","MAP3K1","ARHGAP18"
"BTK","MAP3K7","ARHGAP18"
"BTK","AKT","ARHGAP18"
"BTK","IKBKB","ARHGAP18"
"BTK","WWTR1","ARHGAP18"
"BTK","DOK1","ARHGAP18"
"BTK","MAP3K4","ARHGAP18"
"BTK","DAPK1","ARHGAP18"
"BTK","FGG","ARHGAP18"
"BTK","RPS6KA3","ARHGAP18"
"BTK","DVL1","ARHGAP18"
"BTK","ATR","ARHGAP18"
"BTK","PTK6","ARHGAP18"
"BTK","IKBKE","ARHGAP18"
"BTK","CCND1","ARHGAP18"
"BTK","ILK","ARHGAP18"
"BTK","STAP1","ARHGAP18"
"BTK","TBK1","ARHGAP18"
"BTK","SPRED1","ARHGAP18"
"BTK","MEK1/2","ARHGAP18"
"BTK","PTPN7","ARHGAP18"
"BTK","STK38","ARHGAP18"
"BTK","C9orf72","ARHGAP18"
"BTK","MAP4K1","ARHGAP18"
"BTK","RET","ARHGAP18"
"BTK","RPS6KA4","ARHGAP18"
"BTK","NTRK1","ARHGAP18"
"BTK","GPSM3","ARHGAP18"
"BTK","RELA","ARHGAP18"
"BTK","MAPKAPK5","ARHGAP18"
"BTK","MAP3K8","ARHGAP18"
"BTK","PTPRR","ARHGAP18"
"BTK","CDKN1B","ARHGAP18"
"BTK","FBLIM1","ARHGAP18"
"BTK","TEC","ARHGAP18"
"BTK","CCR2","ARHGAP18"
"BTK","STIP1","ARHGAP18"
"BTK","PSTPIP1","ARHGAP18"
"BTK","ARRB2","ARHGAP18"
"BTK","TRAF3","ARHGAP18"
"BTK","CRTC2","ARHGAP18"
"BTK","CD28","ARHGAP18"
"BTK","INPP5D","ARHGAP18"
"BTK","CCNE1","ARHGAP18"
"BTK","IMPDH2","ARHGAP18"
"BTK","PIK3CG","ARHGAP18"
"BTK","TRPV1","ARHGAP18"
"BTK","PPP1R14A","ARHGAP18"
"BTK","PIK3R6","ARHGAP18"
"BTK","MRE11","ARHGAP18"
"BTK","HDAC2","ARHGAP18"
"BTK","UBXN2B","ARHGAP18"
"BTK","ABI1","ARHGAP18"
"BTK","IFIH1","ARHGAP18"
"BTK","TTI1","ARHGAP18"
"BTK","WDFY3","ARHGAP18"
"BTK","LRP6","ARHGAP18"
"BTK","STING1","ARHGAP18"
"BTK","TELO2","ARHGAP18"
"BTK","GRB7","ARHGAP18"
"BTK","CHUK","RTKN"
"BTK","AKT2","RTKN"
"BTK","PTEN","RTKN"
"BTK","MTOR","RTKN"
"BTK","RPS6K","RTKN"
"BTK","CALM2","RTKN"
"BTK","ERK1/2","RTKN"
"BTK","ABL1","RTKN"
"BTK","WNK1","RTKN"
"BTK","PDPK1","RTKN"
"BTK","SGK1","RTKN"
"BTK","PRKCB","RTKN"
"BTK","PRKCZ","RTKN"
"BTK","CyclinD/CDK4","RTKN"
"BTK","IKBKB","RTKN"
"BTK","DOK1","RTKN"
"BTK","PXN","RTKN"
"BTK","DVL1","RTKN"
"BTK","FZR1","RTKN"
"BTK","GRB2","RTKN"
"BTK","VCPIP1","RTKN"
"BTK","ATR","RTKN"
"BTK","SGK3","RTKN"
"BTK","PTK6","RTKN"
"BTK","IKBKE","RTKN"
"BTK","CCND1","RTKN"
"BTK","ILK","RTKN"
"BTK","STAP1","RTKN"
"BTK","TBK1","RTKN"
"BTK","SPRED1","RTKN"
"BTK","PTPN7","RTKN"
"BTK","STK38","RTKN"
"BTK","C9orf72","RTKN"
"BTK","MAP4K1","RTKN"
"BTK","DDX41","RTKN"
"BTK","SHC1","RTKN"
"BTK","RPS6KA4","RTKN"
"BTK","NTRK1","RTKN"
"BTK","GPSM3","RTKN"
"BTK","RELA","RTKN"
"BTK","EPHA2","RTKN"
"BTK","MAP3K8","RTKN"
"BTK","PTPRR","RTKN"
"BTK","TEC","RTKN"
"BTK","GRIP1","RTKN"
"BTK","CCR2","RTKN"
"BTK","STIP1","RTKN"
"BTK","CRTC2","RTKN"
"BTK","CD28","RTKN"
"BTK","INPP5D","RTKN"
"BTK","FRS2","RTKN"
"BTK","CCNE1","RTKN"
"BTK","SET","RTKN"
"BTK","PIK3CG","RTKN"
"BTK","SH2B2","RTKN"
"BTK","HDAC2","RTKN"
"BTK","KSR1","RTKN"
"BTK","DDX58","RTKN"
"BTK","UBXN2B","RTKN"
"BTK","MST1R","RTKN"
"BTK","ROR2","RTKN"
"BTK","ABI1","RTKN"
"BTK","IFIH1","RTKN"
"BTK","TTI1","RTKN"
"BTK","WDFY3","RTKN"
"BTK","GRB14","RTKN"
"BTK","PIK3C3","RTKN"
"BTK","CTDP1","RTKN"
"BTK","MAPKAP1","RTKN"
"BTK","GRB7","RTKN"
"BTK","AKT1","RBPJ/NOTCH"
"BTK","PRKG1","RBPJ/NOTCH"
"BTK","RPS6K","RBPJ/NOTCH"
"BTK","LCK","RBPJ/NOTCH"
"BTK","PDPK1","RBPJ/NOTCH"
"BTK","SGK1","RBPJ/NOTCH"
"BTK","PRKCZ","RBPJ/NOTCH"
"BTK","MAP3K4","RBPJ/NOTCH"
"BTK","PXN","RBPJ/NOTCH"
"BTK","FZR1","RBPJ/NOTCH"
"BTK","GRB2","RBPJ/NOTCH"
"BTK","SGK3","RBPJ/NOTCH"
"BTK","PTK6","RBPJ/NOTCH"
"BTK","IKBKE","RBPJ/NOTCH"
"BTK","STAP1","RBPJ/NOTCH"
"BTK","TBK1","RBPJ/NOTCH"
"BTK","MEK1/2","RBPJ/NOTCH"
"BTK","PTPN7","RBPJ/NOTCH"
"BTK","STK38","RBPJ/NOTCH"
"BTK","IKK-complex","RBPJ/NOTCH"
"BTK","RPS6KA4","RBPJ/NOTCH"
"BTK","MAP3K8","RBPJ/NOTCH"
"BTK","TEC","RBPJ/NOTCH"
"BTK","TMIGD2","RBPJ/NOTCH"
"BTK","CCR2","RBPJ/NOTCH"
"BTK","TRAF3","RBPJ/NOTCH"
"BTK","CD28","RBPJ/NOTCH"
"BTK","FRS2","RBPJ/NOTCH"
"BTK","IMPDH2","RBPJ/NOTCH"
"BTK","SH2B2","RBPJ/NOTCH"
"BTK","TRPV1","RBPJ/NOTCH"
"BTK","PPP1R14A","RBPJ/NOTCH"
"BTK","MRE11","RBPJ/NOTCH"
"BTK","UBXN2B","RBPJ/NOTCH"
"BTK","ROR2","RBPJ/NOTCH"
"BTK","IFIH1","RBPJ/NOTCH"
"BTK","RAD50","RBPJ/NOTCH"
"BTK","TTI1","RBPJ/NOTCH"
"BTK","LRP6","RBPJ/NOTCH"
"BTK","HOXB7","RBPJ/NOTCH"
"BTK","PIK3C3","RBPJ/NOTCH"
"BTK","NFKB1","RBPJ/NOTCH"
"BTK","PABIR1","RBPJ/NOTCH"
"BTK","CHUK","NXF1"
"BTK","PTEN","NXF1"
"BTK","MTOR","NXF1"
"BTK","RPS6K","NXF1"
"BTK","CDK9","NXF1"
"BTK","RPS6KA5","NXF1"
"BTK","WNK1","NXF1"
"BTK","PRKCZ","NXF1"
"BTK","CyclinD/CDK4","NXF1"
"BTK","MAP3K1","NXF1"
"BTK","AKT","NXF1"
"BTK","FGG","NXF1"
"BTK","LEPR","NXF1"
"BTK","ITK","NXF1"
"BTK","BCL3","NXF1"
"BTK","GRB2","NXF1"
"BTK","IKBKE","NXF1"
"BTK","STAP1","NXF1"
"BTK","PTPN7","NXF1"
"BTK","CDKN2A","NXF1"
"BTK","MAP4K1","NXF1"
"BTK","DDX41","NXF1"
"BTK","RELA","NXF1"
"BTK","FBLIM1","NXF1"
"BTK","TEC","NXF1"
"BTK","VCP","NXF1"
"BTK","CCR2","NXF1"
"BTK","PSTPIP1","NXF1"
"BTK","ARRB2","NXF1"
"BTK","TRAF3","NXF1"
"BTK","CRTC2","NXF1"
"BTK","CD28","NXF1"
"BTK","INPP5D","NXF1"
"BTK","FRS2","NXF1"
"BTK","CCNE1","NXF1"
"BTK","IMPDH2","NXF1"
"BTK","SET","NXF1"
"BTK","PIK3CG","NXF1"
"BTK","BCL10","NXF1"
"BTK","MRE11","NXF1"
"BTK","DDX58","NXF1"
"BTK","UBXN2B","NXF1"
"BTK","ROR2","NXF1"
"BTK","ABI1","NXF1"
"BTK","IFIH1","NXF1"
"BTK","TTI1","NXF1"
"BTK","LRP6","NXF1"
"BTK","GRB14","NXF1"
"BTK","RND1","NXF1"
"BTK","STING1","NXF1"
"BTK","SPEN","NXF1"
"BTK","CTDP1","NXF1"
"BTK","TELO2","NXF1"
"BTK","BAZ1B","NXF1"
"BTK","PPP1R14B","NXF1"
"BTK","AKT2","RBM39"
"BTK","PRKG1","RBM39"
"BTK","ERK1/2","RBM39"
"BTK","LCK","RBM39"
"BTK","PDPK1","RBM39"
"BTK","SGK1","RBM39"
"BTK","MAP2K1","RBM39"
"BTK","PRKCG","RBM39"
"BTK","AKT","RBM39"
"BTK","MAP3K4","RBM39"
"BTK","DAPK1","RBM39"
"BTK","LEPR","RBM39"
"BTK","VCPIP1","RBM39"
"BTK","ATR","RBM39"
"BTK","PTK6","RBM39"
"BTK","TBK1","RBM39"
"BTK","CALM1","RBM39"
"BTK","STK38","RBM39"
"BTK","C9orf72","RBM39"
"BTK","RET","RBM39"
"BTK","DDX41","RBM39"
"BTK","GPSM3","RBM39"
"BTK","RELA","RBM39"
"BTK","MAPKAPK5","RBM39"
"BTK","EPHA2","RBM39"
"BTK","CDKN1B","RBM39"
"BTK","FBLIM1","RBM39"
"BTK","PSTPIP1","RBM39"
"BTK","ARRB2","RBM39"
"BTK","CRTC2","RBM39"
"BTK","INPP5D","RBM39"
"BTK","BCL10","RBM39"
"BTK","KSR1","RBM39"
"BTK","UBXN2B","RBM39"
"BTK","WDFY3","RBM39"
"BTK","RND1","RBM39"
"BTK","NFKB1","RBM39"
"BTK","BAZ1B","RBM39"
"BTK","RBL2","RBM39"
"BTK","PPP1R14B","RBM39"
"BTK","AKT3","C1R"
"BTK","AKT2","C1R"
"BTK","PTEN","C1R"
"BTK","PRKCQ","C1R"
"BTK","MTOR","C1R"
"BTK","AKT1","C1R"
"BTK","PRKG1","C1R"
"BTK","CCP110","C1R"
"BTK","RPS6K","C1R"
"BTK","CALM2","C1R"
"BTK","ERK1/2","C1R"
"BTK","LCK","C1R"
"BTK","RPS6KA5","C1R"
"BTK","MAP3K7","C1R"
"BTK","AKT","C1R"
"BTK","WWTR1","C1R"
"BTK","DOK1","C1R"
"BTK","MAP3K4","C1R"
"BTK","PXN","C1R"
"BTK","FGG","C1R"
"BTK","BCL3","C1R"
"BTK","VCPIP1","C1R"
"BTK","SGK3","C1R"
"BTK","IKBKE","C1R"
"BTK","TBK1","C1R"
"BTK","MEK1/2","C1R"
"BTK","PTPN7","C1R"
"BTK","FADD","C1R"
"BTK","TLK1","C1R"
"BTK","CDKN2A","C1R"
"BTK","RET","C1R"
"BTK","IKK-complex","C1R"
"BTK","NTRK1","C1R"
"BTK","CDKN1B","C1R"
"BTK","FBLIM1","C1R"
"BTK","TEC","C1R"
"BTK","GRIP1","C1R"
"BTK","TRAF3","C1R"
"BTK","CRTC2","C1R"
"BTK","CD28","C1R"
"BTK","FRS2","C1R"
"BTK","TRPV1","C1R"
"BTK","PPP1R14A","C1R"
"BTK","MRE11","C1R"
"BTK","UBXN2B","C1R"
"BTK","MST1R","C1R"
"BTK","IFIH1","C1R"
"BTK","TTI1","C1R"
"BTK","WDFY3","C1R"
"BTK","LRP6","C1R"
"BTK","GRB14","C1R"
"BTK","PIK3C3","C1R"
"BTK","TELO2","C1R"
"BTK","CLSPN","C1R"
"BTK","GRB7","C1R"
"BTK","RBL2","C1R"
"BTK","PPP1R14B","C1R"
"BTK","ERK1/2","TPM1"
"BTK","RPS6KA5","TPM1"
"BTK","SGK1","TPM1"
"BTK","PRKCB","TPM1"
"BTK","PRKCG","TPM1"
"BTK","PRKCZ","TPM1"
"BTK","CyclinD/CDK4","TPM1"
"BTK","MAP3K1","TPM1"
"BTK","MAP3K7","TPM1"
"BTK","IKBKB","TPM1"
"BTK","PXN","TPM1"
"BTK","FGG","TPM1"
"BTK","LEPR","TPM1"
"BTK","ITK","TPM1"
"BTK","RPS6KA3","TPM1"
"BTK","BCL3","TPM1"
"BTK","FZR1","TPM1"
"BTK","VCPIP1","TPM1"
"BTK","SGK3","TPM1"
"BTK","PTK6","TPM1"
"BTK","IKBKE","TPM1"
"BTK","ILK","TPM1"
"BTK","STAP1","TPM1"
"BTK","TBK1","TPM1"
"BTK","SPRED1","TPM1"
"BTK","MEK1/2","TPM1"
"BTK","PTPN7","TPM1"
"BTK","CALM1","TPM1"
"BTK","TLK1","TPM1"
"BTK","CDKN2A","TPM1"
"BTK","IKK-complex","TPM1"
"BTK","SHC1","TPM1"
"BTK","RPS6KA4","TPM1"
"BTK","NTRK1","TPM1"
"BTK","GPSM3","TPM1"
"BTK","MAPKAPK5","TPM1"
"BTK","MAP3K8","TPM1"
"BTK","PTPRR","TPM1"
"BTK","VCP","TPM1"
"BTK","GRIP1","TPM1"
"BTK","STIP1","TPM1"
"BTK","PSTPIP1","TPM1"
"BTK","CD28","TPM1"
"BTK","FRS2","TPM1"
"BTK","SH2B2","TPM1"
"BTK","PPP1R14A","TPM1"
"BTK","BCL10","TPM1"
"BTK","PIK3R6","TPM1"
"BTK","MRE11","TPM1"
"BTK","KSR1","TPM1"
"BTK","MST1R","TPM1"
"BTK","ROR2","TPM1"
"BTK","ABI1","TPM1"
"BTK","IFIH1","TPM1"
"BTK","RAD50","TPM1"
"BTK","TTI1","TPM1"
"BTK","WDFY3","TPM1"
"BTK","LRP6","TPM1"
"BTK","GRB14","TPM1"
"BTK","PIK3C3","TPM1"
"BTK","RND1","TPM1"
"BTK","SPEN","TPM1"
"BTK","BAZ1B","TPM1"
"BTK","RBL2","TPM1"
"BTK","PPP1R14B","TPM1"
"BTK","MAPK3","MAJIN"
"BTK","AKT3","MAJIN"
"BTK","CHUK","MAJIN"
"BTK","PTEN","MAJIN"
"BTK","PRKCQ","MAJIN"
"BTK","CCP110","MAJIN"
"BTK","Gbeta","MAJIN"
"BTK","CDK9","MAJIN"
"BTK","RPS6KA5","MAJIN"
"BTK","MAP2K1","MAJIN"
"BTK","PRKCG","MAJIN"
"BTK","PRKCZ","MAJIN"
"BTK","MAP3K1","MAJIN"
"BTK","AKT","MAJIN"
"BTK","WWTR1","MAJIN"
"BTK","MAP3K4","MAJIN"
"BTK","PXN","MAJIN"
"BTK","ITK","MAJIN"
"BTK","FZR1","MAJIN"
"BTK","VCPIP1","MAJIN"
"BTK","ATR","MAJIN"
"BTK","SGK3","MAJIN"
"BTK","IKBKE","MAJIN"
"BTK","CALM1","MAJIN"
"BTK","FADD","MAJIN"
"BTK","TLK1","MAJIN"
"BTK","RET","MAJIN"
"BTK","IKK-complex","MAJIN"
"BTK","SHC1","MAJIN"
"BTK","GPSM3","MAJIN"
"BTK","PTPRR","MAJIN"
"BTK","CDKN1B","MAJIN"
"BTK","TEC","MAJIN"
"BTK","VCP","MAJIN"
"BTK","TMIGD2","MAJIN"
"BTK","CCR2","MAJIN"
"BTK","PSTPIP1","MAJIN"
"BTK","INPP5D","MAJIN"
"BTK","FRS2","MAJIN"
"BTK","IMPDH2","MAJIN"
"BTK","PIK3CG","MAJIN"
"BTK","TRPV1","MAJIN"
"BTK","PPP1R14A","MAJIN"
"BTK","DDX58","MAJIN"
"BTK","TTI1","MAJIN"
"BTK","LRP6","MAJIN"
"BTK","PIK3C3","MAJIN"
"BTK","STING1","MAJIN"
"BTK","NFKB1","MAJIN"
"BTK","CTDP1","MAJIN"
"BTK","BLVRA","MAJIN"
"BTK","MAPKAP1","MAJIN"
"BTK","GRB7","MAJIN"
"BTK","RBL2","MAJIN"
"BTK","PPP1R14B","MAJIN"
"BTK","MAPK3","PIK3C2A"
"BTK","PRKCQ","PIK3C2A"
"BTK","MTOR","PIK3C2A"
"BTK","AKT1","PIK3C2A"
"BTK","Gbeta","PIK3C2A"
"BTK","PRKCG","PIK3C2A"
"BTK","IKBKB","PIK3C2A"
"BTK","PXN","PIK3C2A"
"BTK","ITK","PIK3C2A"
"BTK","RPS6KA3","PIK3C2A"
"BTK","BCL3","PIK3C2A"
"BTK","FZR1","PIK3C2A"
"BTK","VCPIP1","PIK3C2A"
"BTK","ATR","PIK3C2A"
"BTK","STK38","PIK3C2A"
"BTK","TLK1","PIK3C2A"
"BTK","CDKN2A","PIK3C2A"
"BTK","DDX41","PIK3C2A"
"BTK","IKK-complex","PIK3C2A"
"BTK","SHC1","PIK3C2A"
"BTK","FBLIM1","PIK3C2A"
"BTK","VCP","PIK3C2A"
"BTK","TMIGD2","PIK3C2A"
"BTK","PSTPIP1","PIK3C2A"
"BTK","CD28","PIK3C2A"
"BTK","INPP5D","PIK3C2A"
"BTK","IMPDH2","PIK3C2A"
"BTK","PIK3CG","PIK3C2A"
"BTK","PPP1R14A","PIK3C2A"
"BTK","PIK3R6","PIK3C2A"
"BTK","ABI1","PIK3C2A"
"BTK","RND1","PIK3C2A"
"BTK","CTDP1","PIK3C2A"
"BTK","BLVRA","PIK3C2A"
"BTK","PABIR1","PIK3C2A"
"BTK","AKT2","Av/b6 integrin"
"BTK","RPS6K","Av/b6 integrin"
"BTK","CALM2","Av/b6 integrin"
"BTK","ABL1","Av/b6 integrin"
"BTK","WNK1","Av/b6 integrin"
"BTK","SGK1","Av/b6 integrin"
"BTK","PRKCG","Av/b6 integrin"
"BTK","PRKCZ","Av/b6 integrin"
"BTK","CyclinD/CDK4","Av/b6 integrin"
"BTK","MAP3K7","Av/b6 integrin"
"BTK","IKBKB","Av/b6 integrin"
"BTK","WWTR1","Av/b6 integrin"
"BTK","FGG","Av/b6 integrin"
"BTK","VCPIP1","Av/b6 integrin"
"BTK","ATR","Av/b6 integrin"
"BTK","PTK6","Av/b6 integrin"
"BTK","ILK","Av/b6 integrin"
"BTK","STAP1","Av/b6 integrin"
"BTK","TBK1","Av/b6 integrin"
"BTK","CALM1","Av/b6 integrin"
"BTK","TLK1","Av/b6 integrin"
"BTK","MAP4K1","Av/b6 integrin"
"BTK","RET","Av/b6 integrin"
"BTK","DDX41","Av/b6 integrin"
"BTK","SHC1","Av/b6 integrin"
"BTK","GPSM3","Av/b6 integrin"
"BTK","MAP3K8","Av/b6 integrin"
"BTK","VCP","Av/b6 integrin"
"BTK","TMIGD2","Av/b6 integrin"
"BTK","STIP1","Av/b6 integrin"
"BTK","ARRB2","Av/b6 integrin"
"BTK","CRTC2","Av/b6 integrin"
"BTK","INPP5D","Av/b6 integrin"
"BTK","SET","Av/b6 integrin"
"BTK","PPP1R14A","Av/b6 integrin"
"BTK","KSR1","Av/b6 integrin"
"BTK","ROR2","Av/b6 integrin"
"BTK","IFIH1","Av/b6 integrin"
"BTK","WDFY3","Av/b6 integrin"
"BTK","LRP6","Av/b6 integrin"
"BTK","GRB14","Av/b6 integrin"
"BTK","HOXB7","Av/b6 integrin"
"BTK","PIK3C3","Av/b6 integrin"
"BTK","RND1","Av/b6 integrin"
"BTK","NFKB1","Av/b6 integrin"
"BTK","CTDP1","Av/b6 integrin"
"BTK","TELO2","Av/b6 integrin"
"BTK","MAPKAP1","Av/b6 integrin"
"BTK","GRB7","Av/b6 integrin"
"BTK","BAZ1B","Av/b6 integrin"
"BTK","PLCG2","Av/b6 integrin"
"BTK","PPP1R14B","Av/b6 integrin"
"BTK","PABIR1","Av/b6 integrin"
"BTK","AKT3","PDX1"
"BTK","CHUK","PDX1"
"BTK","MTOR","PDX1"
"BTK","PRKG1","PDX1"
"BTK","CCP110","PDX1"
"BTK","CALM2","PDX1"
"BTK","RPS6KA5","PDX1"
"BTK","WNK1","PDX1"
"BTK","SGK1","PDX1"
"BTK","MAP2K1","PDX1"
"BTK","PRKCB","PDX1"
"BTK","PRKCG","PDX1"
"BTK","CyclinD/CDK4","PDX1"
"BTK","IKBKB","PDX1"
"BTK","WWTR1","PDX1"
"BTK","DOK1","PDX1"
"BTK","MAP3K4","PDX1"
"BTK","DAPK1","PDX1"
"BTK","LEPR","PDX1"
"BTK","BCL3","PDX1"
"BTK","DVL1","PDX1"
"BTK","FZR1","PDX1"
"BTK","GRB2","PDX1"
"BTK","ATR","PDX1"
"BTK","SGK3","PDX1"
"BTK","PTK6","PDX1"
"BTK","IKBKE","PDX1"
"BTK","CCND1","PDX1"
"BTK","ILK","PDX1"
"BTK","CALM1","PDX1"
"BTK","TLK1","PDX1"
"BTK","C9orf72","PDX1"
"BTK","MAP4K1","PDX1"
"BTK","RET","PDX1"
"BTK","DDX41","PDX1"
"BTK","SHC1","PDX1"
"BTK","RPS6KA4","PDX1"
"BTK","NTRK1","PDX1"
"BTK","GPSM3","PDX1"
"BTK","EPHA2","PDX1"
"BTK","MAP3K8","PDX1"
"BTK","PTPRR","PDX1"
"BTK","CDKN1B","PDX1"
"BTK","TEC","PDX1"
"BTK","VCP","PDX1"
"BTK","STIP1","PDX1"
"BTK","ARRB2","PDX1"
"BTK","FRS2","PDX1"
"BTK","IMPDH2","PDX1"
"BTK","PIK3CG","PDX1"
"BTK","SH2B2","PDX1"
"BTK","TRPV1","PDX1"
"BTK","BCL10","PDX1"
"BTK","PIK3R6","PDX1"
"BTK","DDX58","PDX1"
"BTK","UBXN2B","PDX1"
"BTK","MST1R","PDX1"
"BTK","ROR2","PDX1"
"BTK","LRP6","PDX1"
"BTK","HOXB7","PDX1"
"BTK","PIK3C3","PDX1"
"BTK","STING1","PDX1"
"BTK","SPEN","PDX1"
"BTK","TELO2","PDX1"
"BTK","BLVRA","PDX1"
"BTK","CLSPN","PDX1"
"BTK","GRB7","PDX1"
"BTK","RBL2","PDX1"
"BTK","PPP1R14B","PDX1"
"BTK","PABIR1","PDX1"
"BTK","AKT2","MYL1"
"BTK","MTOR","MYL1"
"BTK","AKT1","MYL1"
"BTK","PRKG1","MYL1"
"BTK","RPS6K","MYL1"
"BTK","ERK1/2","MYL1"
"BTK","LCK","MYL1"
"BTK","CDK9","MYL1"
"BTK","RPS6KA5","MYL1"
"BTK","MAP2K1","MYL1"
"BTK","PRKCB","MYL1"
"BTK","AKT","MYL1"
"BTK","DOK1","MYL1"
"BTK","DAPK1","MYL1"
"BTK","FGG","MYL1"
"BTK","LEPR","MYL1"
"BTK","ITK","MYL1"
"BTK","BCL3","MYL1"
"BTK","DVL1","MYL1"
"BTK","FZR1","MYL1"
"BTK","GRB2","MYL1"
"BTK","ATR","MYL1"
"BTK","ILK","MYL1"
"BTK","TBK1","MYL1"
"BTK","SPRED1","MYL1"
"BTK","MEK1/2","MYL1"
"BTK","PTPN7","MYL1"
"BTK","STK38","MYL1"
"BTK","TLK1","MYL1"
"BTK","MAP4K1","MYL1"
"BTK","IKK-complex","MYL1"
"BTK","SHC1","MYL1"
"BTK","GPSM3","MYL1"
"BTK","MAPKAPK5","MYL1"
"BTK","EPHA2","MYL1"
"BTK","MAP3K8","MYL1"
"BTK","FBLIM1","MYL1"
"BTK","TEC","MYL1"
"BTK","VCP","MYL1"
"BTK","CCR2","MYL1"
"BTK","CRTC2","MYL1"
"BTK","CD28","MYL1"
"BTK","FRS2","MYL1"
"BTK","TRPV1","MYL1"
"BTK","PIK3R6","MYL1"
"BTK","UBXN2B","MYL1"
"BTK","ABI1","MYL1"
"BTK","WDFY3","MYL1"
"BTK","GRB14","MYL1"
"BTK","HOXB7","MYL1"
"BTK","PIK3C3","MYL1"
"BTK","CLSPN","MYL1"
"BTK","GRB7","MYL1"
"BTK","PLCG2","MYL1"
"BTK","PPP1R14B","MYL1"
"BTK","PABIR1","MYL1"
"BTK","MAPK3","PPP1R14C"
"BTK","AKT2","PPP1R14C"
"BTK","PRKCQ","PPP1R14C"
"BTK","MTOR","PPP1R14C"
"BTK","ERK1/2","PPP1R14C"
"BTK","CDK9","PPP1R14C"
"BTK","ABL1","PPP1R14C"
"BTK","RPS6KA5","PPP1R14C"
"BTK","WNK1","PPP1R14C"
"BTK","PDPK1","PPP1R14C"
"BTK","SGK1","PPP1R14C"
"BTK","MAP2K1","PPP1R14C"
"BTK","PRKCB","PPP1R14C"
"BTK","PRKCG","PPP1R14C"
"BTK","PRKCZ","PPP1R14C"
"BTK","CyclinD/CDK4","PPP1R14C"
"BTK","MAP3K1","PPP1R14C"
"BTK","MAP3K7","PPP1R14C"
"BTK","AKT","PPP1R14C"
"BTK","WWTR1","PPP1R14C"
"BTK","DOK1","PPP1R14C"
"BTK","MAP3K4","PPP1R14C"
"BTK","FGG","PPP1R14C"
"BTK","ITK","PPP1R14C"
"BTK","BCL3","PPP1R14C"
"BTK","DVL1","PPP1R14C"
"BTK","FZR1","PPP1R14C"
"BTK","GRB2","PPP1R14C"
"BTK","ATR","PPP1R14C"
"BTK","SGK3","PPP1R14C"
"BTK","CCND1","PPP1R14C"
"BTK","SPRED1","PPP1R14C"
"BTK","PTPN7","PPP1R14C"
"BTK","STK38","PPP1R14C"
"BTK","TLK1","PPP1R14C"
"BTK","CDKN2A","PPP1R14C"
"BTK","DDX41","PPP1R14C"
"BTK","SHC1","PPP1R14C"
"BTK","RPS6KA4","PPP1R14C"
"BTK","GPSM3","PPP1R14C"
"BTK","MAPKAPK5","PPP1R14C"
"BTK","EPHA2","PPP1R14C"
"BTK","FBLIM1","PPP1R14C"
"BTK","TEC","PPP1R14C"
"BTK","VCP","PPP1R14C"
"BTK","CCR2","PPP1R14C"
"BTK","PSTPIP1","PPP1R14C"
"BTK","ARRB2","PPP1R14C"
"BTK","TRAF3","PPP1R14C"
"BTK","CRTC2","PPP1R14C"
"BTK","CD28","PPP1R14C"
"BTK","INPP5D","PPP1R14C"
"BTK","CCNE1","PPP1R14C"
"BTK","IMPDH2","PPP1R14C"
"BTK","SET","PPP1R14C"
"BTK","SH2B2","PPP1R14C"
"BTK","HDAC2","PPP1R14C"
"BTK","DDX58","PPP1R14C"
"BTK","UBXN2B","PPP1R14C"
"BTK","ABI1","PPP1R14C"
"BTK","RAD50","PPP1R14C"
"BTK","LRP6","PPP1R14C"
"BTK","STING1","PPP1R14C"
"BTK","SPEN","PPP1R14C"
"BTK","NFKB1","PPP1R14C"
"BTK","CTDP1","PPP1R14C"
"BTK","BLVRA","PPP1R14C"
"BTK","MAPKAP1","PPP1R14C"
"BTK","BAZ1B","PPP1R14C"
"BTK","PLCG2","PPP1R14C"
"BTK","RBL2","PPP1R14C"
"BTK","PPP1R14B","PPP1R14C"
"BTK","PABIR1","PPP1R14C"
"BTK","MAPK3","SLC6A4"
"BTK","AKT3","SLC6A4"
"BTK","CHUK","SLC6A4"
"BTK","AKT2","SLC6A4"
"BTK","CCP110","SLC6A4"
"BTK","CALM2","SLC6A4"
"BTK","ABL1","SLC6A4"
"BTK","RPS6KA5","SLC6A4"
"BTK","WNK1","SLC6A4"
"BTK","PDPK1","SLC6A4"
"BTK","PRKCG","SLC6A4"
"BTK","PRKCZ","SLC6A4"
"BTK","AKT","SLC6A4"
"BTK","IKBKB","SLC6A4"
"BTK","WWTR1","SLC6A4"
"BTK","MAP3K4","SLC6A4"
"BTK","DAPK1","SLC6A4"
"BTK","RPS6KA3","SLC6A4"
"BTK","DVL1","SLC6A4"
"BTK","SGK3","SLC6A4"
"BTK","PTK6","SLC6A4"
"BTK","ILK","SLC6A4"
"BTK","STAP1","SLC6A4"
"BTK","MEK1/2","SLC6A4"
"BTK","PTPN7","SLC6A4"
"BTK","CALM1","SLC6A4"
"BTK","FADD","SLC6A4"
"BTK","STK38","SLC6A4"
"BTK","TLK1","SLC6A4"
"BTK","C9orf72","SLC6A4"
"BTK","CDKN2A","SLC6A4"
"BTK","DDX41","SLC6A4"
"BTK","GPSM3","SLC6A4"
"BTK","RELA","SLC6A4"
"BTK","MAPKAPK5","SLC6A4"
"BTK","PTPRR","SLC6A4"
"BTK","VCP","SLC6A4"
"BTK","TMIGD2","SLC6A4"
"BTK","CCR2","SLC6A4"
"BTK","PSTPIP1","SLC6A4"
"BTK","TRAF3","SLC6A4"
"BTK","CRTC2","SLC6A4"
"BTK","INPP5D","SLC6A4"
"BTK","FRS2","SLC6A4"
"BTK","CCNE1","SLC6A4"
"BTK","PPP1R14A","SLC6A4"
"BTK","BCL10","SLC6A4"
"BTK","PIK3R6","SLC6A4"
"BTK","MRE11","SLC6A4"
"BTK","HDAC2","SLC6A4"
"BTK","KSR1","SLC6A4"
"BTK","DDX58","SLC6A4"
"BTK","ROR2","SLC6A4"
"BTK","WDFY3","SLC6A4"
"BTK","LRP6","SLC6A4"
"BTK","PIK3C3","SLC6A4"
"BTK","SPEN","SLC6A4"
"BTK","CTDP1","SLC6A4"
"BTK","CLSPN","SLC6A4"
"BTK","MAPKAP1","SLC6A4"
"BTK","BAZ1B","SLC6A4"
"BTK","RBL2","SLC6A4"
"BTK","PPP1R14B","SLC6A4"
"BTK","PABIR1","SLC6A4"
"BTK","AKT1","A9/b1 integrin"
"BTK","CCP110","A9/b1 integrin"
"BTK","CALM2","A9/b1 integrin"
"BTK","Gbeta","A9/b1 integrin"
"BTK","LCK","A9/b1 integrin"
"BTK","ABL1","A9/b1 integrin"
"BTK","RPS6KA5","A9/b1 integrin"
"BTK","PDPK1","A9/b1 integrin"
"BTK","MAP2K1","A9/b1 integrin"
"BTK","PRKCG","A9/b1 integrin"
"BTK","PRKCZ","A9/b1 integrin"
"BTK","AKT","A9/b1 integrin"
"BTK","IKBKB","A9/b1 integrin"
"BTK","WWTR1","A9/b1 integrin"
"BTK","DOK1","A9/b1 integrin"
"BTK","DAPK1","A9/b1 integrin"
"BTK","PXN","A9/b1 integrin"
"BTK","FGG","A9/b1 integrin"
"BTK","ITK","A9/b1 integrin"
"BTK","RPS6KA3","A9/b1 integrin"
"BTK","DVL1","A9/b1 integrin"
"BTK","GRB2","A9/b1 integrin"
"BTK","CCND1","A9/b1 integrin"
"BTK","ILK","A9/b1 integrin"
"BTK","TBK1","A9/b1 integrin"
"BTK","SPRED1","A9/b1 integrin"
"BTK","PTPN7","A9/b1 integrin"
"BTK","CALM1","A9/b1 integrin"
"BTK","FADD","A9/b1 integrin"
"BTK","TLK1","A9/b1 integrin"
"BTK","C9orf72","A9/b1 integrin"
"BTK","CDKN2A","A9/b1 integrin"
"BTK","MAP4K1","A9/b1 integrin"
"BTK","RET","A9/b1 integrin"
"BTK","DDX41","A9/b1 integrin"
"BTK","IKK-complex","A9/b1 integrin"
"BTK","SHC1","A9/b1 integrin"
"BTK","RPS6KA4","A9/b1 integrin"
"BTK","NTRK1","A9/b1 integrin"
"BTK","GPSM3","A9/b1 integrin"
"BTK","RELA","A9/b1 integrin"
"BTK","MAPKAPK5","A9/b1 integrin"
"BTK","EPHA2","A9/b1 integrin"
"BTK","MAP3K8","A9/b1 integrin"
"BTK","CDKN1B","A9/b1 integrin"
"BTK","VCP","A9/b1 integrin"
"BTK","GRIP1","A9/b1 integrin"
"BTK","CCR2","A9/b1 integrin"
"BTK","ARRB2","A9/b1 integrin"
"BTK","TRAF3","A9/b1 integrin"
"BTK","CRTC2","A9/b1 integrin"
"BTK","CD28","A9/b1 integrin"
"BTK","INPP5D","A9/b1 integrin"
"BTK","CCNE1","A9/b1 integrin"
"BTK","IMPDH2","A9/b1 integrin"
"BTK","PIK3CG","A9/b1 integrin"
"BTK","SH2B2","A9/b1 integrin"
"BTK","TRPV1","A9/b1 integrin"
"BTK","PPP1R14A","A9/b1 integrin"
"BTK","HDAC2","A9/b1 integrin"
"BTK","KSR1","A9/b1 integrin"
"BTK","DDX58","A9/b1 integrin"
"BTK","UBXN2B","A9/b1 integrin"
"BTK","ROR2","A9/b1 integrin"
"BTK","ABI1","A9/b1 integrin"
"BTK","IFIH1","A9/b1 integrin"
"BTK","RAD50","A9/b1 integrin"
"BTK","TTI1","A9/b1 integrin"
"BTK","GRB14","A9/b1 integrin"
"BTK","PIK3C3","A9/b1 integrin"
"BTK","RND1","A9/b1 integrin"
"BTK","STING1","A9/b1 integrin"
"BTK","NFKB1","A9/b1 integrin"
"BTK","CTDP1","A9/b1 integrin"
"BTK","BLVRA","A9/b1 integrin"
"BTK","MAPKAP1","A9/b1 integrin"
"BTK","GRB7","A9/b1 integrin"
"BTK","RBL2","A9/b1 integrin"
"BTK","AKT3","CENPU"
"BTK","CHUK","CENPU"
"BTK","AKT2","CENPU"
"BTK","PTEN","CENPU"
"BTK","MTOR","CENPU"
"BTK","RPS6K","CENPU"
"BTK","Gbeta","CENPU"
"BTK","LCK","CENPU"
"BTK","ABL1","CENPU"
"BTK","RPS6KA5","CENPU"
"BTK","WNK1","CENPU"
"BTK","PDPK1","CENPU"
"BTK","PRKCB","CENPU"
"BTK","PRKCZ","CENPU"
"BTK","MAP3K7","CENPU"
"BTK","AKT","CENPU"
"BTK","DOK1","CENPU"
"BTK","FGG","CENPU"
"BTK","LEPR","CENPU"
"BTK","ITK","CENPU"
"BTK","RPS6KA3","CENPU"
"BTK","BCL3","CENPU"
"BTK","DVL1","CENPU"
"BTK","FZR1","CENPU"
"BTK","VCPIP1","CENPU"
"BTK","ATR","CENPU"
"BTK","PTK6","CENPU"
"BTK","IKBKE","CENPU"
"BTK","STAP1","CENPU"
"BTK","TBK1","CENPU"
"BTK","SPRED1","CENPU"
"BTK","CALM1","CENPU"
"BTK","STK38","CENPU"
"BTK","MAP4K1","CENPU"
"BTK","RET","CENPU"
"BTK","IKK-complex","CENPU"
"BTK","SHC1","CENPU"
"BTK","RPS6KA4","CENPU"
"BTK","GPSM3","CENPU"
"BTK","RELA","CENPU"
"BTK","EPHA2","CENPU"
"BTK","MAP3K8","CENPU"
"BTK","PTPRR","CENPU"
"BTK","CDKN1B","CENPU"
"BTK","FBLIM1","CENPU"
"BTK","TEC","CENPU"
"BTK","VCP","CENPU"
"BTK","CCR2","CENPU"
"BTK","PSTPIP1","CENPU"
"BTK","ARRB2","CENPU"
"BTK","CRTC2","CENPU"
"BTK","INPP5D","CENPU"
"BTK","IMPDH2","CENPU"
"BTK","PIK3CG","CENPU"
"BTK","SH2B2","CENPU"
"BTK","PPP1R14A","CENPU"
"BTK","PIK3R6","CENPU"
"BTK","MRE11","CENPU"
"BTK","KSR1","CENPU"
"BTK","DDX58","CENPU"
"BTK","UBXN2B","CENPU"
"BTK","MST1R","CENPU"
"BTK","IFIH1","CENPU"
"BTK","RAD50","CENPU"
"BTK","TTI1","CENPU"
"BTK","WDFY3","CENPU"
"BTK","LRP6","CENPU"
"BTK","GRB14","CENPU"
"BTK","PIK3C3","CENPU"
"BTK","CTDP1","CENPU"
"BTK","TELO2","CENPU"
"BTK","MAPKAP1","CENPU"
"BTK","BAZ1B","CENPU"
"BTK","RBL2","CENPU"
"BTK","PABIR1","CENPU"
"BTK","MAPK3","ITGB5"
"BTK","AKT3","ITGB5"
"BTK","CHUK","ITGB5"
"BTK","AKT2","ITGB5"
"BTK","PTEN","ITGB5"
"BTK","AKT1","ITGB5"
"BTK","PRKG1","ITGB5"
"BTK","CCP110","ITGB5"
"BTK","RPS6K","ITGB5"
"BTK","CALM2","ITGB5"
"BTK","ERK1/2","ITGB5"
"BTK","Gbeta","ITGB5"
"BTK","LCK","ITGB5"
"BTK","ABL1","ITGB5"
"BTK","RPS6KA5","ITGB5"
"BTK","WNK1","ITGB5"
"BTK","SGK1","ITGB5"
"BTK","MAP2K1","ITGB5"
"BTK","PRKCG","ITGB5"
"BTK","PRKCZ","ITGB5"
"BTK","MAP3K1","ITGB5"
"BTK","MAP3K7","ITGB5"
"BTK","AKT","ITGB5"
"BTK","DAPK1","ITGB5"
"BTK","FGG","ITGB5"
"BTK","LEPR","ITGB5"
"BTK","ITK","ITGB5"
"BTK","BCL3","ITGB5"
"BTK","DVL1","ITGB5"
"BTK","FZR1","ITGB5"
"BTK","VCPIP1","ITGB5"
"BTK","ATR","ITGB5"
"BTK","SGK3","ITGB5"
"BTK","PTK6","ITGB5"
"BTK","IKBKE","ITGB5"
"BTK","CCND1","ITGB5"
"BTK","ILK","ITGB5"
"BTK","STAP1","ITGB5"
"BTK","TBK1","ITGB5"
"BTK","MEK1/2","ITGB5"
"BTK","PTPN7","ITGB5"
"BTK","CALM1","ITGB5"
"BTK","FADD","ITGB5"
"BTK","STK38","ITGB5"
"BTK","TLK1","ITGB5"
"BTK","C9orf72","ITGB5"
"BTK","CDKN2A","ITGB5"
"BTK","MAP4K1","ITGB5"
"BTK","RET","ITGB5"
"BTK","DDX41","ITGB5"
"BTK","IKK-complex","ITGB5"
"BTK","SHC1","ITGB5"
"BTK","RPS6KA4","ITGB5"
"BTK","NTRK1","ITGB5"
"BTK","GPSM3","ITGB5"
"BTK","RELA","ITGB5"
"BTK","MAPKAPK5","ITGB5"
"BTK","EPHA2","ITGB5"
"BTK","PTPRR","ITGB5"
"BTK","FBLIM1","ITGB5"
"BTK","GRIP1","ITGB5"
"BTK","CCR2","ITGB5"
"BTK","PSTPIP1","ITGB5"
"BTK","TRAF3","ITGB5"
"BTK","CD28","ITGB5"
"BTK","INPP5D","ITGB5"
"BTK","FRS2","ITGB5"
"BTK","CCNE1","ITGB5"
"BTK","IMPDH2","ITGB5"
"BTK","SET","ITGB5"
"BTK","PIK3CG","ITGB5"
"BTK","SH2B2","ITGB5"
"BTK","TRPV1","ITGB5"
"BTK","HDAC2","ITGB5"
"BTK","DDX58","ITGB5"
"BTK","UBXN2B","ITGB5"
"BTK","IFIH1","ITGB5"
"BTK","RAD50","ITGB5"
"BTK","TTI1","ITGB5"
"BTK","WDFY3","ITGB5"
"BTK","LRP6","ITGB5"
"BTK","HOXB7","ITGB5"
"BTK","PIK3C3","ITGB5"
"BTK","RND1","ITGB5"
"BTK","STING1","ITGB5"
"BTK","SPEN","ITGB5"
"BTK","BLVRA","ITGB5"
"BTK","CLSPN","ITGB5"
"BTK","MAPKAP1","ITGB5"
"BTK","GRB7","ITGB5"
"BTK","BAZ1B","ITGB5"
"BTK","PLCG2","ITGB5"
"BTK","RBL2","ITGB5"
"BTK","PPP1R14B","ITGB5"
"BTK","MAPK3","CROCC"
"BTK","AKT3","CROCC"
"BTK","AKT2","CROCC"
"BTK","PRKCQ","CROCC"
"BTK","MTOR","CROCC"
"BTK","PRKG1","CROCC"
"BTK","RPS6K","CROCC"
"BTK","CALM2","CROCC"
"BTK","LCK","CROCC"
"BTK","ABL1","CROCC"
"BTK","RPS6KA5","CROCC"
"BTK","WNK1","CROCC"
"BTK","PDPK1","CROCC"
"BTK","SGK1","CROCC"
"BTK","MAP2K1","CROCC"
"BTK","PRKCB","CROCC"
"BTK","PRKCZ","CROCC"
"BTK","IKBKB","CROCC"
"BTK","DAPK1","CROCC"
"BTK","PXN","CROCC"
"BTK","FGG","CROCC"
"BTK","LEPR","CROCC"
"BTK","ITK","CROCC"
"BTK","DVL1","CROCC"
"BTK","FZR1","CROCC"
"BTK","GRB2","CROCC"
"BTK","SGK3","CROCC"
"BTK","PTK6","CROCC"
"BTK","IKBKE","CROCC"
"BTK","CCND1","CROCC"
"BTK","STAP1","CROCC"
"BTK","CALM1","CROCC"
"BTK","STK38","CROCC"
"BTK","RET","CROCC"
"BTK","DDX41","CROCC"
"BTK","SHC1","CROCC"
"BTK","EPHA2","CROCC"
"BTK","MAP3K8","CROCC"
"BTK","PTPRR","CROCC"
"BTK","CDKN1B","CROCC"
"BTK","FBLIM1","CROCC"
"BTK","VCP","CROCC"
"BTK","GRIP1","CROCC"
"BTK","TMIGD2","CROCC"
"BTK","CD28","CROCC"
"BTK","CCNE1","CROCC"
"BTK","PIK3CG","CROCC"
"BTK","SH2B2","CROCC"
"BTK","TRPV1","CROCC"
"BTK","BCL10","CROCC"
"BTK","PIK3R6","CROCC"
"BTK","MRE11","CROCC"
"BTK","HDAC2","CROCC"
"BTK","UBXN2B","CROCC"
"BTK","MST1R","CROCC"
"BTK","ROR2","CROCC"
"BTK","IFIH1","CROCC"
"BTK","RAD50","CROCC"
"BTK","TTI1","CROCC"
"BTK","HOXB7","CROCC"
"BTK","RND1","CROCC"
"BTK","TELO2","CROCC"
"BTK","BLVRA","CROCC"
"BTK","CLSPN","CROCC"
"BTK","MAPKAP1","CROCC"
"BTK","GRB7","CROCC"
"BTK","PLCG2","CROCC"
"BTK","RBL2","CROCC"
"BTK","PPP1R14B","CROCC"
"BTK","PABIR1","CROCC"
"BTK","MAPK3","TRPM4"
"BTK","AKT3","TRPM4"
"BTK","CHUK","TRPM4"
"BTK","AKT2","TRPM4"
"BTK","PTEN","TRPM4"
"BTK","MTOR","TRPM4"
"BTK","PRKG1","TRPM4"
"BTK","CCP110","TRPM4"
"BTK","LCK","TRPM4"
"BTK","CDK9","TRPM4"
"BTK","ABL1","TRPM4"
"BTK","RPS6KA5","TRPM4"
"BTK","WNK1","TRPM4"
"BTK","PRKCB","TRPM4"
"BTK","CyclinD/CDK4","TRPM4"
"BTK","IKBKB","TRPM4"
"BTK","WWTR1","TRPM4"
"BTK","MAP3K4","TRPM4"
"BTK","LEPR","TRPM4"
"BTK","RPS6KA3","TRPM4"
"BTK","BCL3","TRPM4"
"BTK","VCPIP1","TRPM4"
"BTK","ATR","TRPM4"
"BTK","SGK3","TRPM4"
"BTK","IKBKE","TRPM4"
"BTK","CCND1","TRPM4"
"BTK","SPRED1","TRPM4"
"BTK","TLK1","TRPM4"
"BTK","C9orf72","TRPM4"
"BTK","CDKN2A","TRPM4"
"BTK","RET","TRPM4"
"BTK","IKK-complex","TRPM4"
"BTK","NTRK1","TRPM4"
"BTK","GPSM3","TRPM4"
"BTK","RELA","TRPM4"
"BTK","MAPKAPK5","TRPM4"
"BTK","EPHA2","TRPM4"
"BTK","FBLIM1","TRPM4"
"BTK","TMIGD2","TRPM4"
"BTK","CCR2","TRPM4"
"BTK","STIP1","TRPM4"
"BTK","ARRB2","TRPM4"
"BTK","TRAF3","TRPM4"
"BTK","CRTC2","TRPM4"
"BTK","CD28","TRPM4"
"BTK","FRS2","TRPM4"
"BTK","CCNE1","TRPM4"
"BTK","PIK3CG","TRPM4"
"BTK","SH2B2","TRPM4"
"BTK","TRPV1","TRPM4"
"BTK","PIK3R6","TRPM4"
"BTK","MST1R","TRPM4"
"BTK","RAD50","TRPM4"
"BTK","GRB14","TRPM4"
"BTK","HOXB7","TRPM4"
"BTK","PIK3C3","TRPM4"
"BTK","STING1","TRPM4"
"BTK","SPEN","TRPM4"
"BTK","CTDP1","TRPM4"
"BTK","TELO2","TRPM4"
"BTK","BLVRA","TRPM4"
"BTK","MAPKAP1","TRPM4"
"BTK","GRB7","TRPM4"
"BTK","BAZ1B","TRPM4"
"BTK","RBL2","TRPM4"
"BTK","MAPK3","BMF"
"BTK","AKT3","BMF"
"BTK","CHUK","BMF"
"BTK","AKT2","BMF"
"BTK","PTEN","BMF"
"BTK","PRKCQ","BMF"
"BTK","MTOR","BMF"
"BTK","PRKG1","BMF"
"BTK","CALM2","BMF"
"BTK","Gbeta","BMF"
"BTK","RPS6KA5","BMF"
"BTK","PDPK1","BMF"
"BTK","MAP2K1","BMF"
"BTK","PRKCZ","BMF"
"BTK","CyclinD/CDK4","BMF"
"BTK","MAP3K4","BMF"
"BTK","ITK","BMF"
"BTK","RPS6KA3","BMF"
"BTK","BCL3","BMF"
"BTK","DVL1","BMF"
"BTK","FZR1","BMF"
"BTK","VCPIP1","BMF"
"BTK","ATR","BMF"
"BTK","PTK6","BMF"
"BTK","IKBKE","BMF"
"BTK","ILK","BMF"
"BTK","PTPN7","BMF"
"BTK","CALM1","BMF"
"BTK","TLK1","BMF"
"BTK","C9orf72","BMF"
"BTK","CDKN2A","BMF"
"BTK","DDX41","BMF"
"BTK","IKK-complex","BMF"
"BTK","RELA","BMF"
"BTK","MAP3K8","BMF"
"BTK","FBLIM1","BMF"
"BTK","VCP","BMF"
"BTK","GRIP1","BMF"
"BTK","TMIGD2","BMF"
"BTK","CCR2","BMF"
"BTK","STIP1","BMF"
"BTK","PSTPIP1","BMF"
"BTK","ARRB2","BMF"
"BTK","CRTC2","BMF"
"BTK","CD28","BMF"
"BTK","INPP5D","BMF"
"BTK","FRS2","BMF"
"BTK","CCNE1","BMF"
"BTK","IMPDH2","BMF"
"BTK","SH2B2","BMF"
"BTK","TRPV1","BMF"
"BTK","PPP1R14A","BMF"
"BTK","MRE11","BMF"
"BTK","MST1R","BMF"
"BTK","ABI1","BMF"
"BTK","RAD50","BMF"
"BTK","LRP6","BMF"
"BTK","HOXB7","BMF"
"BTK","PIK3C3","BMF"
"BTK","NFKB1","BMF"
"BTK","CTDP1","BMF"
"BTK","BLVRA","BMF"
"BTK","CLSPN","BMF"
"BTK","MAPKAP1","BMF"
"BTK","RBL2","BMF"
"BTK","MAPK3","CDKN2D"
"BTK","CHUK","CDKN2D"
"BTK","AKT2","CDKN2D"
"BTK","AKT1","CDKN2D"
"BTK","ERK1/2","CDKN2D"
"BTK","Gbeta","CDKN2D"
"BTK","LCK","CDKN2D"
"BTK","CDK9","CDKN2D"
"BTK","PDPK1","CDKN2D"
"BTK","CyclinD/CDK4","CDKN2D"
"BTK","MAP3K7","CDKN2D"
"BTK","AKT","CDKN2D"
"BTK","IKBKB","CDKN2D"
"BTK","DOK1","CDKN2D"
"BTK","DAPK1","CDKN2D"
"BTK","FGG","CDKN2D"
"BTK","LEPR","CDKN2D"
"BTK","RPS6KA3","CDKN2D"
"BTK","BCL3","CDKN2D"
"BTK","DVL1","CDKN2D"
"BTK","GRB2","CDKN2D"
"BTK","IKBKE","CDKN2D"
"BTK","TBK1","CDKN2D"
"BTK","C9orf72","CDKN2D"
"BTK","CDKN2A","CDKN2D"
"BTK","RET","CDKN2D"
"BTK","SHC1","CDKN2D"
"BTK","EPHA2","CDKN2D"
"BTK","MAP3K8","CDKN2D"
"BTK","CDKN1B","CDKN2D"
"BTK","FBLIM1","CDKN2D"
"BTK","GRIP1","CDKN2D"
"BTK","CCR2","CDKN2D"
"BTK","ARRB2","CDKN2D"
"BTK","TRAF3","CDKN2D"
"BTK","IMPDH2","CDKN2D"
"BTK","PPP1R14A","CDKN2D"
"BTK","PIK3R6","CDKN2D"
"BTK","MRE11","CDKN2D"
"BTK","HDAC2","CDKN2D"
"BTK","KSR1","CDKN2D"
"BTK","UBXN2B","CDKN2D"
"BTK","ABI1","CDKN2D"
"BTK","CTDP1","CDKN2D"
"BTK","BLVRA","CDKN2D"
"BTK","MAPKAP1","CDKN2D"
"BTK","GRB7","CDKN2D"
"BTK","PLCG2","CDKN2D"
"BTK","RBL2","CDKN2D"
"BTK","MAPK3","SP7"
"BTK","AKT3","SP7"
"BTK","PRKCQ","SP7"
"BTK","MTOR","SP7"
"BTK","LCK","SP7"
"BTK","CDK9","SP7"
"BTK","ABL1","SP7"
"BTK","PRKCG","SP7"
"BTK","MAP3K1","SP7"
"BTK","MAP3K7","SP7"
"BTK","AKT","SP7"
"BTK","PXN","SP7"
"BTK","FGG","SP7"
"BTK","LEPR","SP7"
"BTK","FZR1","SP7"
"BTK","ATR","SP7"
"BTK","SGK3","SP7"
"BTK","PTK6","SP7"
"BTK","ILK","SP7"
"BTK","STAP1","SP7"
"BTK","TBK1","SP7"
"BTK","MEK1/2","SP7"
"BTK","TLK1","SP7"
"BTK","C9orf72","SP7"
"BTK","MAP4K1","SP7"
"BTK","RET","SP7"
"BTK","IKK-complex","SP7"
"BTK","RPS6KA4","SP7"
"BTK","PTPRR","SP7"
"BTK","VCP","SP7"
"BTK","TMIGD2","SP7"
"BTK","CCR2","SP7"
"BTK","ARRB2","SP7"
"BTK","TRAF3","SP7"
"BTK","CRTC2","SP7"
"BTK","FRS2","SP7"
"BTK","SET","SP7"
"BTK","PIK3CG","SP7"
"BTK","SH2B2","SP7"
"BTK","PPP1R14A","SP7"
"BTK","BCL10","SP7"
"BTK","PIK3R6","SP7"
"BTK","MRE11","SP7"
"BTK","HDAC2","SP7"
"BTK","IFIH1","SP7"
"BTK","LRP6","SP7"
"BTK","HOXB7","SP7"
"BTK","RND1","SP7"
"BTK","SPEN","SP7"
"BTK","NFKB1","SP7"
"BTK","CTDP1","SP7"
"BTK","TELO2","SP7"
"BTK","MAPKAP1","SP7"
"BTK","GRB7","SP7"
"BTK","BAZ1B","SP7"
"BTK","PLCG2","SP7"
"BTK","PPP1R14B","SP7"
"BTK","PABIR1","SP7"
"BTK","AKT2","EPB41"
"BTK","PRKCQ","EPB41"
"BTK","RPS6K","EPB41"
"BTK","ERK1/2","EPB41"
"BTK","Gbeta","EPB41"
"BTK","LCK","EPB41"
"BTK","PDPK1","EPB41"
"BTK","MAP2K1","EPB41"
"BTK","PRKCB","EPB41"
"BTK","CyclinD/CDK4","EPB41"
"BTK","MAP3K1","EPB41"
"BTK","MAP3K7","EPB41"
"BTK","AKT","EPB41"
"BTK","IKBKB","EPB41"
"BTK","WWTR1","EPB41"
"BTK","MAP3K4","EPB41"
"BTK","DAPK1","EPB41"
"BTK","FZR1","EPB41"
"BTK","VCPIP1","EPB41"
"BTK","SGK3","EPB41"
"BTK","IKBKE","EPB41"
"BTK","STAP1","EPB41"
"BTK","TBK1","EPB41"
"BTK","MEK1/2","EPB41"
"BTK","CALM1","EPB41"
"BTK","STK38","EPB41"
"BTK","TLK1","EPB41"
"BTK","DDX41","EPB41"
"BTK","IKK-complex","EPB41"
"BTK","SHC1","EPB41"
"BTK","RPS6KA4","EPB41"
"BTK","NTRK1","EPB41"
"BTK","GPSM3","EPB41"
"BTK","RELA","EPB41"
"BTK","MAPKAPK5","EPB41"
"BTK","EPHA2","EPB41"
"BTK","MAP3K8","EPB41"
"BTK","CDKN1B","EPB41"
"BTK","TEC","EPB41"
"BTK","PSTPIP1","EPB41"
"BTK","TRAF3","EPB41"
"BTK","INPP5D","EPB41"
"BTK","SET","EPB41"
"BTK","SH2B2","EPB41"
"BTK","PIK3R6","EPB41"
"BTK","MRE11","EPB41"
"BTK","HDAC2","EPB41"
"BTK","DDX58","EPB41"
"BTK","IFIH1","EPB41"
"BTK","RAD50","EPB41"
"BTK","WDFY3","EPB41"
"BTK","GRB14","EPB41"
"BTK","HOXB7","EPB41"
"BTK","CTDP1","EPB41"
"BTK","TELO2","EPB41"
"BTK","CLSPN","EPB41"
"BTK","RBL2","EPB41"
"BTK","AKT3","TBC1D7"
"BTK","AKT2","TBC1D7"
"BTK","PRKCQ","TBC1D7"
"BTK","AKT1","TBC1D7"
"BTK","PRKG1","TBC1D7"
"BTK","Gbeta","TBC1D7"
"BTK","LCK","TBC1D7"
"BTK","CDK9","TBC1D7"
"BTK","ABL1","TBC1D7"
"BTK","RPS6KA5","TBC1D7"
"BTK","WNK1","TBC1D7"
"BTK","PDPK1","TBC1D7"
"BTK","SGK1","TBC1D7"
"BTK","CyclinD/CDK4","TBC1D7"
"BTK","MAP3K1","TBC1D7"
"BTK","IKBKB","TBC1D7"
"BTK","DOK1","TBC1D7"
"BTK","DVL1","TBC1D7"
"BTK","ATR","TBC1D7"
"BTK","SGK3","TBC1D7"
"BTK","PTK6","TBC1D7"
"BTK","STAP1","TBC1D7"
"BTK","MEK1/2","TBC1D7"
"BTK","PTPN7","TBC1D7"
"BTK","STK38","TBC1D7"
"BTK","CDKN2A","TBC1D7"
"BTK","RET","TBC1D7"
"BTK","RPS6KA4","TBC1D7"
"BTK","NTRK1","TBC1D7"
"BTK","GPSM3","TBC1D7"
"BTK","RELA","TBC1D7"
"BTK","MAPKAPK5","TBC1D7"
"BTK","EPHA2","TBC1D7"
"BTK","MAP3K8","TBC1D7"
"BTK","PTPRR","TBC1D7"
"BTK","CDKN1B","TBC1D7"
"BTK","FBLIM1","TBC1D7"
"BTK","TEC","TBC1D7"
"BTK","VCP","TBC1D7"
"BTK","GRIP1","TBC1D7"
"BTK","TMIGD2","TBC1D7"
"BTK","CCR2","TBC1D7"
"BTK","STIP1","TBC1D7"
"BTK","PSTPIP1","TBC1D7"
"BTK","ARRB2","TBC1D7"
"BTK","TRAF3","TBC1D7"
"BTK","CRTC2","TBC1D7"
"BTK","CD28","TBC1D7"
"BTK","INPP5D","TBC1D7"
"BTK","FRS2","TBC1D7"
"BTK","CCNE1","TBC1D7"
"BTK","IMPDH2","TBC1D7"
"BTK","SET","TBC1D7"
"BTK","PIK3CG","TBC1D7"
"BTK","SH2B2","TBC1D7"
"BTK","TRPV1","TBC1D7"
"BTK","PPP1R14A","TBC1D7"
"BTK","BCL10","TBC1D7"
"BTK","PIK3R6","TBC1D7"
"BTK","MRE11","TBC1D7"
"BTK","HDAC2","TBC1D7"
"BTK","KSR1","TBC1D7"
"BTK","DDX58","TBC1D7"
"BTK","UBXN2B","TBC1D7"
"BTK","MST1R","TBC1D7"
"BTK","ROR2","TBC1D7"
"BTK","ABI1","TBC1D7"
"BTK","IFIH1","TBC1D7"
"BTK","RAD50","TBC1D7"
"BTK","TTI1","TBC1D7"
"BTK","WDFY3","TBC1D7"
"BTK","LRP6","TBC1D7"
"BTK","GRB14","TBC1D7"
"BTK","HOXB7","TBC1D7"
"BTK","PIK3C3","TBC1D7"
"BTK","RND1","TBC1D7"
"BTK","STING1","TBC1D7"
"BTK","SPEN","TBC1D7"
"BTK","NFKB1","TBC1D7"
"BTK","CTDP1","TBC1D7"
"BTK","TELO2","TBC1D7"
"BTK","BLVRA","TBC1D7"
"BTK","CLSPN","TBC1D7"
"BTK","MAPKAP1","TBC1D7"
"BTK","GRB7","TBC1D7"
"BTK","BAZ1B","TBC1D7"
"BTK","PLCG2","TBC1D7"
"BTK","RBL2","TBC1D7"
"BTK","PPP1R14B","TBC1D7"
"BTK","PABIR1","TBC1D7"
"BTK","MAPK3","MARS1"
"BTK","AKT3","MARS1"
"BTK","CHUK","MARS1"
"BTK","AKT2","MARS1"
"BTK","PTEN","MARS1"
"BTK","PRKCQ","MARS1"
"BTK","MTOR","MARS1"
"BTK","AKT1","MARS1"
"BTK","PRKG1","MARS1"
"BTK","CCP110","MARS1"
"BTK","RPS6K","MARS1"
"BTK","CALM2","MARS1"
"BTK","Gbeta","MARS1"
"BTK","LCK","MARS1"
"BTK","CDK9","MARS1"
"BTK","ABL1","MARS1"
"BTK","RPS6KA5","MARS1"
"BTK","WNK1","MARS1"
"BTK","PDPK1","MARS1"
"BTK","SGK1","MARS1"
"BTK","MAP2K1","MARS1"
"BTK","PRKCB","MARS1"
"BTK","PRKCG","MARS1"
"BTK","PRKCZ","MARS1"
"BTK","CyclinD/CDK4","MARS1"
"BTK","MAP3K1","MARS1"
"BTK","MAP3K7","MARS1"
"BTK","AKT","MARS1"
"BTK","IKBKB","MARS1"
"BTK","WWTR1","MARS1"
"BTK","DOK1","MARS1"
"BTK","MAP3K4","MARS1"
"BTK","DAPK1","MARS1"
"BTK","PXN","MARS1"
"BTK","FGG","MARS1"
"BTK","LEPR","MARS1"
"BTK","ITK","MARS1"
"BTK","RPS6KA3","MARS1"
"BTK","BCL3","MARS1"
"BTK","DVL1","MARS1"
"BTK","FZR1","MARS1"
"BTK","GRB2","MARS1"
"BTK","VCPIP1","MARS1"
"BTK","ATR","MARS1"
"BTK","SGK3","MARS1"
"BTK","PTK6","MARS1"
"BTK","IKBKE","MARS1"
"BTK","CCND1","MARS1"
"BTK","ILK","MARS1"
"BTK","STAP1","MARS1"
"BTK","TBK1","MARS1"
"BTK","SPRED1","MARS1"
"BTK","MEK1/2","MARS1"
"BTK","PTPN7","MARS1"
"BTK","CALM1","MARS1"
"BTK","FADD","MARS1"
"BTK","STK38","MARS1"
"BTK","TLK1","MARS1"
"BTK","C9orf72","MARS1"
"BTK","CDKN2A","MARS1"
"BTK","MAP4K1","MARS1"
"BTK","DDX41","MARS1"
"BTK","IKK-complex","MARS1"
"BTK","SHC1","MARS1"
"BTK","RPS6KA4","MARS1"
"BTK","NTRK1","MARS1"
"BTK","GPSM3","MARS1"
"BTK","RELA","MARS1"
"BTK","MAPKAPK5","MARS1"
"BTK","EPHA2","MARS1"
"BTK","MAP3K8","MARS1"
"BTK","PTPRR","MARS1"
"BTK","CDKN1B","MARS1"
"BTK","FBLIM1","MARS1"
"BTK","TEC","MARS1"
"BTK","VCP","MARS1"
"BTK","GRIP1","MARS1"
"BTK","TMIGD2","MARS1"
"BTK","CCR2","MARS1"
"BTK","STIP1","MARS1"
"BTK","PSTPIP1","MARS1"
"BTK","ARRB2","MARS1"
"BTK","TRAF3","MARS1"
"BTK","CRTC2","MARS1"
"BTK","CD28","MARS1"
"BTK","INPP5D","MARS1"
"BTK","FRS2","MARS1"
"BTK","CCNE1","MARS1"
"BTK","IMPDH2","MARS1"
"BTK","SET","MARS1"
"BTK","PIK3CG","MARS1"
"BTK","SH2B2","MARS1"
"BTK","TRPV1","MARS1"
"BTK","PPP1R14A","MARS1"
"BTK","BCL10","MARS1"
"BTK","PIK3R6","MARS1"
"BTK","MRE11","MARS1"
"BTK","HDAC2","MARS1"
"BTK","KSR1","MARS1"
"BTK","DDX58","MARS1"
"BTK","UBXN2B","MARS1"
"BTK","MST1R","MARS1"
"BTK","ROR2","MARS1"
"BTK","ABI1","MARS1"
"BTK","IFIH1","MARS1"
"BTK","RAD50","MARS1"
"BTK","TTI1","MARS1"
"BTK","WDFY3","MARS1"
"BTK","LRP6","MARS1"
"BTK","GRB14","MARS1"
"BTK","HOXB7","MARS1"
"BTK","PIK3C3","MARS1"
"BTK","RND1","MARS1"
"BTK","STING1","MARS1"
"BTK","SPEN","MARS1"
"BTK","NFKB1","MARS1"
"BTK","CTDP1","MARS1"
"BTK","TELO2","MARS1"
"BTK","BLVRA","MARS1"
"BTK","CLSPN","MARS1"
"BTK","MAPKAP1","MARS1"
"BTK","GRB7","MARS1"
"BTK","BAZ1B","MARS1"
"BTK","PLCG2","MARS1"
"BTK","RBL2","MARS1"
"BTK","PPP1R14B","MARS1"
"BTK","PABIR1","MARS1"
"BTK","MAPK3","CYBA"
"BTK","AKT3","CYBA"
"BTK","CHUK","CYBA"
"BTK","AKT2","CYBA"
"BTK","PTEN","CYBA"
"BTK","PRKCQ","CYBA"
"BTK","MTOR","CYBA"
"BTK","AKT1","CYBA"
"BTK","PRKG1","CYBA"
"BTK","CCP110","CYBA"
"BTK","RPS6K","CYBA"
"BTK","CALM2","CYBA"
"BTK","ERK1/2","CYBA"
"BTK","Gbeta","CYBA"
"BTK","LCK","CYBA"
"BTK","CDK9","CYBA"
"BTK","ABL1","CYBA"
"BTK","RPS6KA5","CYBA"
"BTK","WNK1","CYBA"
"BTK","PDPK1","CYBA"
"BTK","SGK1","CYBA"
"BTK","MAP2K1","CYBA"
"BTK","PRKCB","CYBA"
"BTK","PRKCG","CYBA"
"BTK","PRKCZ","CYBA"
"BTK","CyclinD/CDK4","CYBA"
"BTK","MAP3K1","CYBA"
"BTK","MAP3K7","CYBA"
"BTK","AKT","CYBA"
"BTK","IKBKB","CYBA"
"BTK","WWTR1","CYBA"
"BTK","DOK1","CYBA"
"BTK","MAP3K4","CYBA"
"BTK","DAPK1","CYBA"
"BTK","PXN","CYBA"
"BTK","FGG","CYBA"
"BTK","LEPR","CYBA"
"BTK","RPS6KA3","CYBA"
"BTK","BCL3","CYBA"
"BTK","DVL1","CYBA"
"BTK","FZR1","CYBA"
"BTK","GRB2","CYBA"
"BTK","VCPIP1","CYBA"
"BTK","ATR","CYBA"
"BTK","SGK3","CYBA"
"BTK","PTK6","CYBA"
"BTK","IKBKE","CYBA"
"BTK","CCND1","CYBA"
"BTK","ILK","CYBA"
"BTK","STAP1","CYBA"
"BTK","TBK1","CYBA"
"BTK","SPRED1","CYBA"
"BTK","MEK1/2","CYBA"
"BTK","PTPN7","CYBA"
"BTK","CALM1","CYBA"
"BTK","FADD","CYBA"
"BTK","STK38","CYBA"
"BTK","TLK1","CYBA"
"BTK","C9orf72","CYBA"
"BTK","CDKN2A","CYBA"
"BTK","MAP4K1","CYBA"
"BTK","RET","CYBA"
"BTK","DDX41","CYBA"
"BTK","IKK-complex","CYBA"
"BTK","SHC1","CYBA"
"BTK","RPS6KA4","CYBA"
"BTK","NTRK1","CYBA"
"BTK","GPSM3","CYBA"
"BTK","RELA","CYBA"
"BTK","MAPKAPK5","CYBA"
"BTK","EPHA2","CYBA"
"BTK","MAP3K8","CYBA"
"BTK","PTPRR","CYBA"
"BTK","CDKN1B","CYBA"
"BTK","FBLIM1","CYBA"
"BTK","VCP","CYBA"
"BTK","GRIP1","CYBA"
"BTK","TMIGD2","CYBA"
"BTK","CCR2","CYBA"
"BTK","STIP1","CYBA"
"BTK","PSTPIP1","CYBA"
"BTK","ARRB2","CYBA"
"BTK","TRAF3","CYBA"
"BTK","CRTC2","CYBA"
"BTK","CD28","CYBA"
"BTK","INPP5D","CYBA"
"BTK","FRS2","CYBA"
"BTK","CCNE1","CYBA"
"BTK","IMPDH2","CYBA"
"BTK","SET","CYBA"
"BTK","PIK3CG","CYBA"
"BTK","SH2B2","CYBA"
"BTK","TRPV1","CYBA"
"BTK","PPP1R14A","CYBA"
"BTK","BCL10","CYBA"
"BTK","PIK3R6","CYBA"
"BTK","MRE11","CYBA"
"BTK","HDAC2","CYBA"
"BTK","KSR1","CYBA"
"BTK","DDX58","CYBA"
"BTK","UBXN2B","CYBA"
"BTK","MST1R","CYBA"
"BTK","ROR2","CYBA"
"BTK","ABI1","CYBA"
"BTK","IFIH1","CYBA"
"BTK","RAD50","CYBA"
"BTK","TTI1","CYBA"
"BTK","WDFY3","CYBA"
"BTK","LRP6","CYBA"
"BTK","GRB14","CYBA"
"BTK","HOXB7","CYBA"
"BTK","PIK3C3","CYBA"
"BTK","RND1","CYBA"
"BTK","STING1","CYBA"
"BTK","SPEN","CYBA"
"BTK","NFKB1","CYBA"
"BTK","CTDP1","CYBA"
"BTK","TELO2","CYBA"
"BTK","BLVRA","CYBA"
"BTK","CLSPN","CYBA"
"BTK","MAPKAP1","CYBA"
"BTK","GRB7","CYBA"
"BTK","BAZ1B","CYBA"
"BTK","PLCG2","CYBA"
"BTK","RBL2","CYBA"
"BTK","PPP1R14B","CYBA"
"BTK","PABIR1","CYBA"
"BTK","MAPK3","PTRH2"
"BTK","AKT3","PTRH2"
"BTK","CHUK","PTRH2"
"BTK","AKT2","PTRH2"
"BTK","PTEN","PTRH2"
"BTK","PRKCQ","PTRH2"
"BTK","MTOR","PTRH2"
"BTK","AKT1","PTRH2"
"BTK","PRKG1","PTRH2"
"BTK","CCP110","PTRH2"
"BTK","RPS6K","PTRH2"
"BTK","CALM2","PTRH2"
"BTK","ERK1/2","PTRH2"
"BTK","Gbeta","PTRH2"
"BTK","LCK","PTRH2"
"BTK","CDK9","PTRH2"
"BTK","ABL1","PTRH2"
"BTK","RPS6KA5","PTRH2"
"BTK","WNK1","PTRH2"
"BTK","PDPK1","PTRH2"
"BTK","SGK1","PTRH2"
"BTK","MAP2K1","PTRH2"
"BTK","PRKCB","PTRH2"
"BTK","PRKCG","PTRH2"
"BTK","PRKCZ","PTRH2"
"BTK","CyclinD/CDK4","PTRH2"
"BTK","MAP3K1","PTRH2"
"BTK","MAP3K7","PTRH2"
"BTK","AKT","PTRH2"
"BTK","IKBKB","PTRH2"
"BTK","WWTR1","PTRH2"
"BTK","DOK1","PTRH2"
"BTK","MAP3K4","PTRH2"
"BTK","DAPK1","PTRH2"
"BTK","PXN","PTRH2"
"BTK","FGG","PTRH2"
"BTK","LEPR","PTRH2"
"BTK","RPS6KA3","PTRH2"
"BTK","BCL3","PTRH2"
"BTK","DVL1","PTRH2"
"BTK","FZR1","PTRH2"
"BTK","GRB2","PTRH2"
"BTK","VCPIP1","PTRH2"
"BTK","ATR","PTRH2"
"BTK","SGK3","PTRH2"
"BTK","PTK6","PTRH2"
"BTK","IKBKE","PTRH2"
"BTK","CCND1","PTRH2"
"BTK","ILK","PTRH2"
"BTK","STAP1","PTRH2"
"BTK","TBK1","PTRH2"
"BTK","SPRED1","PTRH2"
"BTK","MEK1/2","PTRH2"
"BTK","PTPN7","PTRH2"
"BTK","CALM1","PTRH2"
"BTK","FADD","PTRH2"
"BTK","STK38","PTRH2"
"BTK","TLK1","PTRH2"
"BTK","C9orf72","PTRH2"
"BTK","CDKN2A","PTRH2"
"BTK","MAP4K1","PTRH2"
"BTK","RET","PTRH2"
"BTK","DDX41","PTRH2"
"BTK","IKK-complex","PTRH2"
"BTK","SHC1","PTRH2"
"BTK","RPS6KA4","PTRH2"
"BTK","NTRK1","PTRH2"
"BTK","GPSM3","PTRH2"
"BTK","RELA","PTRH2"
"BTK","MAPKAPK5","PTRH2"
"BTK","EPHA2","PTRH2"
"BTK","MAP3K8","PTRH2"
"BTK","PTPRR","PTRH2"
"BTK","CDKN1B","PTRH2"
"BTK","FBLIM1","PTRH2"
"BTK","TEC","PTRH2"
"BTK","VCP","PTRH2"
"BTK","GRIP1","PTRH2"
"BTK","TMIGD2","PTRH2"
"BTK","CCR2","PTRH2"
"BTK","STIP1","PTRH2"
"BTK","PSTPIP1","PTRH2"
"BTK","ARRB2","PTRH2"
"BTK","TRAF3","PTRH2"
"BTK","CRTC2","PTRH2"
"BTK","CD28","PTRH2"
"BTK","INPP5D","PTRH2"
"BTK","FRS2","PTRH2"
"BTK","CCNE1","PTRH2"
"BTK","IMPDH2","PTRH2"
"BTK","SET","PTRH2"
"BTK","PIK3CG","PTRH2"
"BTK","SH2B2","PTRH2"
"BTK","TRPV1","PTRH2"
"BTK","PPP1R14A","PTRH2"
"BTK","BCL10","PTRH2"
"BTK","PIK3R6","PTRH2"
"BTK","MRE11","PTRH2"
"BTK","HDAC2","PTRH2"
"BTK","KSR1","PTRH2"
"BTK","DDX58","PTRH2"
"BTK","UBXN2B","PTRH2"
"BTK","MST1R","PTRH2"
"BTK","ROR2","PTRH2"
"BTK","ABI1","PTRH2"
"BTK","IFIH1","PTRH2"
"BTK","RAD50","PTRH2"
"BTK","TTI1","PTRH2"
"BTK","WDFY3","PTRH2"
"BTK","LRP6","PTRH2"
"BTK","GRB14","PTRH2"
"BTK","HOXB7","PTRH2"
"BTK","PIK3C3","PTRH2"
"BTK","RND1","PTRH2"
"BTK","STING1","PTRH2"
"BTK","SPEN","PTRH2"
"BTK","NFKB1","PTRH2"
"BTK","CTDP1","PTRH2"
"BTK","TELO2","PTRH2"
"BTK","BLVRA","PTRH2"
"BTK","CLSPN","PTRH2"
"BTK","MAPKAP1","PTRH2"
"BTK","GRB7","PTRH2"
"BTK","BAZ1B","PTRH2"
"BTK","PLCG2","PTRH2"
"BTK","RBL2","PTRH2"
"BTK","PPP1R14B","PTRH2"
"BTK","PABIR1","PTRH2"
"BTK","MAPK3","REL"
"BTK","AKT3","REL"
"BTK","CHUK","REL"
"BTK","AKT2","REL"
"BTK","PTEN","REL"
"BTK","PRKCQ","REL"
"BTK","MTOR","REL"
"BTK","AKT1","REL"
"BTK","PRKG1","REL"
"BTK","CCP110","REL"
"BTK","RPS6K","REL"
"BTK","CALM2","REL"
"BTK","ERK1/2","REL"
"BTK","Gbeta","REL"
"BTK","LCK","REL"
"BTK","CDK9","REL"
"BTK","ABL1","REL"
"BTK","RPS6KA5","REL"
"BTK","WNK1","REL"
"BTK","PDPK1","REL"
"BTK","SGK1","REL"
"BTK","MAP2K1","REL"
"BTK","PRKCG","REL"
"BTK","PRKCZ","REL"
"BTK","CyclinD/CDK4","REL"
"BTK","MAP3K1","REL"
"BTK","MAP3K7","REL"
"BTK","AKT","REL"
"BTK","IKBKB","REL"
"BTK","WWTR1","REL"
"BTK","DOK1","REL"
"BTK","MAP3K4","REL"
"BTK","DAPK1","REL"
"BTK","PXN","REL"
"BTK","FGG","REL"
"BTK","LEPR","REL"
"BTK","RPS6KA3","REL"
"BTK","BCL3","REL"
"BTK","DVL1","REL"
"BTK","FZR1","REL"
"BTK","GRB2","REL"
"BTK","VCPIP1","REL"
"BTK","ATR","REL"
"BTK","SGK3","REL"
"BTK","PTK6","REL"
"BTK","IKBKE","REL"
"BTK","CCND1","REL"
"BTK","ILK","REL"
"BTK","STAP1","REL"
"BTK","SPRED1","REL"
"BTK","MEK1/2","REL"
"BTK","PTPN7","REL"
"BTK","CALM1","REL"
"BTK","FADD","REL"
"BTK","STK38","REL"
"BTK","TLK1","REL"
"BTK","C9orf72","REL"
"BTK","CDKN2A","REL"
"BTK","MAP4K1","REL"
"BTK","RET","REL"
"BTK","IKK-complex","REL"
"BTK","SHC1","REL"
"BTK","RPS6KA4","REL"
"BTK","NTRK1","REL"
"BTK","GPSM3","REL"
"BTK","RELA","REL"
"BTK","MAPKAPK5","REL"
"BTK","EPHA2","REL"
"BTK","MAP3K8","REL"
"BTK","PTPRR","REL"
"BTK","CDKN1B","REL"
"BTK","FBLIM1","REL"
"BTK","VCP","REL"
"BTK","GRIP1","REL"
"BTK","TMIGD2","REL"
"BTK","CCR2","REL"
"BTK","STIP1","REL"
"BTK","PSTPIP1","REL"
"BTK","ARRB2","REL"
"BTK","TRAF3","REL"
"BTK","CRTC2","REL"
"BTK","CD28","REL"
"BTK","INPP5D","REL"
"BTK","FRS2","REL"
"BTK","CCNE1","REL"
"BTK","IMPDH2","REL"
"BTK","SET","REL"
"BTK","PIK3CG","REL"
"BTK","SH2B2","REL"
"BTK","TRPV1","REL"
"BTK","PPP1R14A","REL"
"BTK","BCL10","REL"
"BTK","PIK3R6","REL"
"BTK","MRE11","REL"
"BTK","HDAC2","REL"
"BTK","KSR1","REL"
"BTK","DDX58","REL"
"BTK","UBXN2B","REL"
"BTK","MST1R","REL"
"BTK","ROR2","REL"
"BTK","ABI1","REL"
"BTK","IFIH1","REL"
"BTK","RAD50","REL"
"BTK","TTI1","REL"
"BTK","WDFY3","REL"
"BTK","LRP6","REL"
"BTK","GRB14","REL"
"BTK","HOXB7","REL"
"BTK","PIK3C3","REL"
"BTK","RND1","REL"
"BTK","SPEN","REL"
"BTK","NFKB1","REL"
"BTK","CTDP1","REL"
"BTK","TELO2","REL"
"BTK","BLVRA","REL"
"BTK","CLSPN","REL"
"BTK","MAPKAP1","REL"
"BTK","GRB7","REL"
"BTK","BAZ1B","REL"
"BTK","PLCG2","REL"
"BTK","RBL2","REL"
"BTK","PPP1R14B","REL"
"BTK","PABIR1","REL"
"BTK","MAPK3","NR1H3"
"BTK","AKT3","NR1H3"
"BTK","CHUK","NR1H3"
"BTK","AKT2","NR1H3"
"BTK","PTEN","NR1H3"
"BTK","PRKCQ","NR1H3"
"BTK","MTOR","NR1H3"
"BTK","AKT1","NR1H3"
"BTK","PRKG1","NR1H3"
"BTK","CCP110","NR1H3"
"BTK","RPS6K","NR1H3"
"BTK","CALM2","NR1H3"
"BTK","ERK1/2","NR1H3"
"BTK","Gbeta","NR1H3"
"BTK","LCK","NR1H3"
"BTK","CDK9","NR1H3"
"BTK","ABL1","NR1H3"
"BTK","RPS6KA5","NR1H3"
"BTK","WNK1","NR1H3"
"BTK","PDPK1","NR1H3"
"BTK","SGK1","NR1H3"
"BTK","MAP2K1","NR1H3"
"BTK","PRKCB","NR1H3"
"BTK","PRKCG","NR1H3"
"BTK","PRKCZ","NR1H3"
"BTK","CyclinD/CDK4","NR1H3"
"BTK","MAP3K1","NR1H3"
"BTK","MAP3K7","NR1H3"
"BTK","AKT","NR1H3"
"BTK","IKBKB","NR1H3"
"BTK","WWTR1","NR1H3"
"BTK","DOK1","NR1H3"
"BTK","MAP3K4","NR1H3"
"BTK","DAPK1","NR1H3"
"BTK","PXN","NR1H3"
"BTK","FGG","NR1H3"
"BTK","LEPR","NR1H3"
"BTK","ITK","NR1H3"
"BTK","RPS6KA3","NR1H3"
"BTK","BCL3","NR1H3"
"BTK","DVL1","NR1H3"
"BTK","FZR1","NR1H3"
"BTK","GRB2","NR1H3"
"BTK","VCPIP1","NR1H3"
"BTK","ATR","NR1H3"
"BTK","SGK3","NR1H3"
"BTK","PTK6","NR1H3"
"BTK","IKBKE","NR1H3"
"BTK","CCND1","NR1H3"
"BTK","ILK","NR1H3"
"BTK","STAP1","NR1H3"
"BTK","TBK1","NR1H3"
"BTK","SPRED1","NR1H3"
"BTK","MEK1/2","NR1H3"
"BTK","PTPN7","NR1H3"
"BTK","CALM1","NR1H3"
"BTK","FADD","NR1H3"
"BTK","STK38","NR1H3"
"BTK","TLK1","NR1H3"
"BTK","C9orf72","NR1H3"
"BTK","CDKN2A","NR1H3"
"BTK","MAP4K1","NR1H3"
"BTK","RET","NR1H3"
"BTK","DDX41","NR1H3"
"BTK","IKK-complex","NR1H3"
"BTK","SHC1","NR1H3"
"BTK","RPS6KA4","NR1H3"
"BTK","NTRK1","NR1H3"
"BTK","GPSM3","NR1H3"
"BTK","RELA","NR1H3"
"BTK","MAPKAPK5","NR1H3"
"BTK","EPHA2","NR1H3"
"BTK","MAP3K8","NR1H3"
"BTK","PTPRR","NR1H3"
"BTK","CDKN1B","NR1H3"
"BTK","FBLIM1","NR1H3"
"BTK","TEC","NR1H3"
"BTK","VCP","NR1H3"
"BTK","GRIP1","NR1H3"
"BTK","TMIGD2","NR1H3"
"BTK","CCR2","NR1H3"
"BTK","STIP1","NR1H3"
"BTK","PSTPIP1","NR1H3"
"BTK","ARRB2","NR1H3"
"BTK","TRAF3","NR1H3"
"BTK","CRTC2","NR1H3"
"BTK","CD28","NR1H3"
"BTK","INPP5D","NR1H3"
"BTK","FRS2","NR1H3"
"BTK","CCNE1","NR1H3"
"BTK","IMPDH2","NR1H3"
"BTK","SET","NR1H3"
"BTK","PIK3CG","NR1H3"
"BTK","SH2B2","NR1H3"
"BTK","TRPV1","NR1H3"
"BTK","PPP1R14A","NR1H3"
"BTK","BCL10","NR1H3"
"BTK","PIK3R6","NR1H3"
"BTK","MRE11","NR1H3"
"BTK","HDAC2","NR1H3"
"BTK","KSR1","NR1H3"
"BTK","DDX58","NR1H3"
"BTK","UBXN2B","NR1H3"
"BTK","MST1R","NR1H3"
"BTK","ROR2","NR1H3"
"BTK","ABI1","NR1H3"
"BTK","IFIH1","NR1H3"
"BTK","RAD50","NR1H3"
"BTK","TTI1","NR1H3"
"BTK","WDFY3","NR1H3"
"BTK","LRP6","NR1H3"
"BTK","GRB14","NR1H3"
"BTK","HOXB7","NR1H3"
"BTK","PIK3C3","NR1H3"
"BTK","RND1","NR1H3"
"BTK","STING1","NR1H3"
"BTK","SPEN","NR1H3"
"BTK","NFKB1","NR1H3"
"BTK","CTDP1","NR1H3"
"BTK","TELO2","NR1H3"
"BTK","BLVRA","NR1H3"
"BTK","CLSPN","NR1H3"
"BTK","MAPKAP1","NR1H3"
"BTK","GRB7","NR1H3"
"BTK","BAZ1B","NR1H3"
"BTK","RBL2","NR1H3"
"BTK","PPP1R14B","NR1H3"
"BTK","PABIR1","NR1H3"
"BTK","MAPK3","ZNF281"
"BTK","AKT3","ZNF281"
"BTK","CHUK","ZNF281"
"BTK","AKT2","ZNF281"
"BTK","PTEN","ZNF281"
"BTK","PRKCQ","ZNF281"
"BTK","MTOR","ZNF281"
"BTK","AKT1","ZNF281"
"BTK","PRKG1","ZNF281"
"BTK","CCP110","ZNF281"
"BTK","RPS6K","ZNF281"
"BTK","CALM2","ZNF281"
"BTK","ERK1/2","ZNF281"
"BTK","Gbeta","ZNF281"
"BTK","LCK","ZNF281"
"BTK","CDK9","ZNF281"
"BTK","ABL1","ZNF281"
"BTK","RPS6KA5","ZNF281"
"BTK","WNK1","ZNF281"
"BTK","PDPK1","ZNF281"
"BTK","SGK1","ZNF281"
"BTK","MAP2K1","ZNF281"
"BTK","PRKCB","ZNF281"
"BTK","PRKCG","ZNF281"
"BTK","PRKCZ","ZNF281"
"BTK","CyclinD/CDK4","ZNF281"
"BTK","MAP3K1","ZNF281"
"BTK","MAP3K7","ZNF281"
"BTK","AKT","ZNF281"
"BTK","IKBKB","ZNF281"
"BTK","WWTR1","ZNF281"
"BTK","DOK1","ZNF281"
"BTK","MAP3K4","ZNF281"
"BTK","DAPK1","ZNF281"
"BTK","PXN","ZNF281"
"BTK","FGG","ZNF281"
"BTK","LEPR","ZNF281"
"BTK","RPS6KA3","ZNF281"
"BTK","BCL3","ZNF281"
"BTK","DVL1","ZNF281"
"BTK","FZR1","ZNF281"
"BTK","GRB2","ZNF281"
"BTK","VCPIP1","ZNF281"
"BTK","ATR","ZNF281"
"BTK","SGK3","ZNF281"
"BTK","PTK6","ZNF281"
"BTK","IKBKE","ZNF281"
"BTK","CCND1","ZNF281"
"BTK","ILK","ZNF281"
"BTK","STAP1","ZNF281"
"BTK","TBK1","ZNF281"
"BTK","SPRED1","ZNF281"
"BTK","MEK1/2","ZNF281"
"BTK","PTPN7","ZNF281"
"BTK","CALM1","ZNF281"
"BTK","FADD","ZNF281"
"BTK","STK38","ZNF281"
"BTK","TLK1","ZNF281"
"BTK","C9orf72","ZNF281"
"BTK","CDKN2A","ZNF281"
"BTK","MAP4K1","ZNF281"
"BTK","RET","ZNF281"
"BTK","DDX41","ZNF281"
"BTK","IKK-complex","ZNF281"
"BTK","SHC1","ZNF281"
"BTK","RPS6KA4","ZNF281"
"BTK","NTRK1","ZNF281"
"BTK","GPSM3","ZNF281"
"BTK","RELA","ZNF281"
"BTK","MAPKAPK5","ZNF281"
"BTK","EPHA2","ZNF281"
"BTK","MAP3K8","ZNF281"
"BTK","PTPRR","ZNF281"
"BTK","CDKN1B","ZNF281"
"BTK","FBLIM1","ZNF281"
"BTK","TEC","ZNF281"
"BTK","VCP","ZNF281"
"BTK","GRIP1","ZNF281"
"BTK","TMIGD2","ZNF281"
"BTK","CCR2","ZNF281"
"BTK","STIP1","ZNF281"
"BTK","PSTPIP1","ZNF281"
"BTK","ARRB2","ZNF281"
"BTK","TRAF3","ZNF281"
"BTK","CRTC2","ZNF281"
"BTK","CD28","ZNF281"
"BTK","INPP5D","ZNF281"
"BTK","FRS2","ZNF281"
"BTK","CCNE1","ZNF281"
"BTK","IMPDH2","ZNF281"
"BTK","SET","ZNF281"
"BTK","PIK3CG","ZNF281"
"BTK","SH2B2","ZNF281"
"BTK","TRPV1","ZNF281"
"BTK","PPP1R14A","ZNF281"
"BTK","BCL10","ZNF281"
"BTK","PIK3R6","ZNF281"
"BTK","MRE11","ZNF281"
"BTK","HDAC2","ZNF281"
"BTK","KSR1","ZNF281"
"BTK","DDX58","ZNF281"
"BTK","UBXN2B","ZNF281"
"BTK","MST1R","ZNF281"
"BTK","ROR2","ZNF281"
"BTK","ABI1","ZNF281"
"BTK","IFIH1","ZNF281"
"BTK","RAD50","ZNF281"
"BTK","TTI1","ZNF281"
"BTK","WDFY3","ZNF281"
"BTK","LRP6","ZNF281"
"BTK","GRB14","ZNF281"
"BTK","HOXB7","ZNF281"
"BTK","PIK3C3","ZNF281"
"BTK","RND1","ZNF281"
"BTK","STING1","ZNF281"
"BTK","SPEN","ZNF281"
"BTK","NFKB1","ZNF281"
"BTK","CTDP1","ZNF281"
"BTK","TELO2","ZNF281"
"BTK","BLVRA","ZNF281"
"BTK","CLSPN","ZNF281"
"BTK","MAPKAP1","ZNF281"
"BTK","GRB7","ZNF281"
"BTK","BAZ1B","ZNF281"
"BTK","PLCG2","ZNF281"
"BTK","RBL2","ZNF281"
"BTK","PPP1R14B","ZNF281"
"BTK","PABIR1","ZNF281"
"BTK","MAPK3","STARD10"
"BTK","AKT3","STARD10"
"BTK","CHUK","STARD10"
"BTK","AKT2","STARD10"
"BTK","PTEN","STARD10"
"BTK","PRKCQ","STARD10"
"BTK","MTOR","STARD10"
"BTK","AKT1","STARD10"
"BTK","PRKG1","STARD10"
"BTK","CCP110","STARD10"
"BTK","RPS6K","STARD10"
"BTK","CALM2","STARD10"
"BTK","ERK1/2","STARD10"
"BTK","Gbeta","STARD10"
"BTK","LCK","STARD10"
"BTK","CDK9","STARD10"
"BTK","ABL1","STARD10"
"BTK","RPS6KA5","STARD10"
"BTK","WNK1","STARD10"
"BTK","PDPK1","STARD10"
"BTK","SGK1","STARD10"
"BTK","MAP2K1","STARD10"
"BTK","PRKCB","STARD10"
"BTK","PRKCG","STARD10"
"BTK","PRKCZ","STARD10"
"BTK","CyclinD/CDK4","STARD10"
"BTK","MAP3K1","STARD10"
"BTK","MAP3K7","STARD10"
"BTK","AKT","STARD10"
"BTK","IKBKB","STARD10"
"BTK","WWTR1","STARD10"
"BTK","DOK1","STARD10"
"BTK","MAP3K4","STARD10"
"BTK","DAPK1","STARD10"
"BTK","PXN","STARD10"
"BTK","FGG","STARD10"
"BTK","LEPR","STARD10"
"BTK","ITK","STARD10"
"BTK","RPS6KA3","STARD10"
"BTK","BCL3","STARD10"
"BTK","DVL1","STARD10"
"BTK","FZR1","STARD10"
"BTK","GRB2","STARD10"
"BTK","VCPIP1","STARD10"
"BTK","ATR","STARD10"
"BTK","SGK3","STARD10"
"BTK","PTK6","STARD10"
"BTK","IKBKE","STARD10"
"BTK","CCND1","STARD10"
"BTK","ILK","STARD10"
"BTK","STAP1","STARD10"
"BTK","TBK1","STARD10"
"BTK","SPRED1","STARD10"
"BTK","MEK1/2","STARD10"
"BTK","PTPN7","STARD10"
"BTK","CALM1","STARD10"
"BTK","FADD","STARD10"
"BTK","STK38","STARD10"
"BTK","TLK1","STARD10"
"BTK","C9orf72","STARD10"
"BTK","CDKN2A","STARD10"
"BTK","MAP4K1","STARD10"
"BTK","RET","STARD10"
"BTK","DDX41","STARD10"
"BTK","IKK-complex","STARD10"
"BTK","SHC1","STARD10"
"BTK","RPS6KA4","STARD10"
"BTK","NTRK1","STARD10"
"BTK","GPSM3","STARD10"
"BTK","RELA","STARD10"
"BTK","MAPKAPK5","STARD10"
"BTK","EPHA2","STARD10"
"BTK","MAP3K8","STARD10"
"BTK","PTPRR","STARD10"
"BTK","CDKN1B","STARD10"
"BTK","FBLIM1","STARD10"
"BTK","TEC","STARD10"
"BTK","VCP","STARD10"
"BTK","GRIP1","STARD10"
"BTK","TMIGD2","STARD10"
"BTK","CCR2","STARD10"
"BTK","STIP1","STARD10"
"BTK","PSTPIP1","STARD10"
"BTK","ARRB2","STARD10"
"BTK","TRAF3","STARD10"
"BTK","CRTC2","STARD10"
"BTK","CD28","STARD10"
"BTK","INPP5D","STARD10"
"BTK","FRS2","STARD10"
"BTK","CCNE1","STARD10"
"BTK","IMPDH2","STARD10"
"BTK","SET","STARD10"
"BTK","PIK3CG","STARD10"
"BTK","SH2B2","STARD10"
"BTK","TRPV1","STARD10"
"BTK","PPP1R14A","STARD10"
"BTK","BCL10","STARD10"
"BTK","PIK3R6","STARD10"
"BTK","MRE11","STARD10"
"BTK","HDAC2","STARD10"
"BTK","KSR1","STARD10"
"BTK","DDX58","STARD10"
"BTK","UBXN2B","STARD10"
"BTK","MST1R","STARD10"
"BTK","ROR2","STARD10"
"BTK","ABI1","STARD10"
"BTK","IFIH1","STARD10"
"BTK","RAD50","STARD10"
"BTK","TTI1","STARD10"
"BTK","WDFY3","STARD10"
"BTK","LRP6","STARD10"
"BTK","GRB14","STARD10"
"BTK","HOXB7","STARD10"
"BTK","PIK3C3","STARD10"
"BTK","RND1","STARD10"
"BTK","STING1","STARD10"
"BTK","SPEN","STARD10"
"BTK","NFKB1","STARD10"
"BTK","CTDP1","STARD10"
"BTK","TELO2","STARD10"
"BTK","BLVRA","STARD10"
"BTK","CLSPN","STARD10"
"BTK","MAPKAP1","STARD10"
"BTK","GRB7","STARD10"
"BTK","BAZ1B","STARD10"
"BTK","RBL2","STARD10"
"BTK","PPP1R14B","STARD10"
"BTK","PABIR1","STARD10"
"BTK","MAPK3","RFC1"
"BTK","AKT3","RFC1"
"BTK","CHUK","RFC1"
"BTK","AKT2","RFC1"
"BTK","PTEN","RFC1"
"BTK","PRKCQ","RFC1"
"BTK","MTOR","RFC1"
"BTK","AKT1","RFC1"
"BTK","PRKG1","RFC1"
"BTK","CCP110","RFC1"
"BTK","RPS6K","RFC1"
"BTK","CALM2","RFC1"
"BTK","ERK1/2","RFC1"
"BTK","Gbeta","RFC1"
"BTK","LCK","RFC1"
"BTK","CDK9","RFC1"
"BTK","ABL1","RFC1"
"BTK","RPS6KA5","RFC1"
"BTK","WNK1","RFC1"
"BTK","PDPK1","RFC1"
"BTK","SGK1","RFC1"
"BTK","MAP2K1","RFC1"
"BTK","PRKCB","RFC1"
"BTK","PRKCG","RFC1"
"BTK","PRKCZ","RFC1"
"BTK","CyclinD/CDK4","RFC1"
"BTK","MAP3K1","RFC1"
"BTK","MAP3K7","RFC1"
"BTK","AKT","RFC1"
"BTK","IKBKB","RFC1"
"BTK","WWTR1","RFC1"
"BTK","DOK1","RFC1"
"BTK","MAP3K4","RFC1"
"BTK","DAPK1","RFC1"
"BTK","PXN","RFC1"
"BTK","FGG","RFC1"
"BTK","LEPR","RFC1"
"BTK","ITK","RFC1"
"BTK","RPS6KA3","RFC1"
"BTK","BCL3","RFC1"
"BTK","DVL1","RFC1"
"BTK","FZR1","RFC1"
"BTK","GRB2","RFC1"
"BTK","VCPIP1","RFC1"
"BTK","ATR","RFC1"
"BTK","SGK3","RFC1"
"BTK","PTK6","RFC1"
"BTK","IKBKE","RFC1"
"BTK","CCND1","RFC1"
"BTK","ILK","RFC1"
"BTK","STAP1","RFC1"
"BTK","TBK1","RFC1"
"BTK","SPRED1","RFC1"
"BTK","MEK1/2","RFC1"
"BTK","PTPN7","RFC1"
"BTK","CALM1","RFC1"
"BTK","FADD","RFC1"
"BTK","STK38","RFC1"
"BTK","TLK1","RFC1"
"BTK","C9orf72","RFC1"
"BTK","CDKN2A","RFC1"
"BTK","MAP4K1","RFC1"
"BTK","RET","RFC1"
"BTK","DDX41","RFC1"
"BTK","IKK-complex","RFC1"
"BTK","SHC1","RFC1"
"BTK","RPS6KA4","RFC1"
"BTK","NTRK1","RFC1"
"BTK","GPSM3","RFC1"
"BTK","RELA","RFC1"
"BTK","MAPKAPK5","RFC1"
"BTK","EPHA2","RFC1"
"BTK","MAP3K8","RFC1"
"BTK","PTPRR","RFC1"
"BTK","CDKN1B","RFC1"
"BTK","FBLIM1","RFC1"
"BTK","VCP","RFC1"
"BTK","GRIP1","RFC1"
"BTK","TMIGD2","RFC1"
"BTK","CCR2","RFC1"
"BTK","STIP1","RFC1"
"BTK","PSTPIP1","RFC1"
"BTK","ARRB2","RFC1"
"BTK","TRAF3","RFC1"
"BTK","CRTC2","RFC1"
"BTK","CD28","RFC1"
"BTK","INPP5D","RFC1"
"BTK","FRS2","RFC1"
"BTK","CCNE1","RFC1"
"BTK","IMPDH2","RFC1"
"BTK","SET","RFC1"
"BTK","PIK3CG","RFC1"
"BTK","SH2B2","RFC1"
"BTK","TRPV1","RFC1"
"BTK","PPP1R14A","RFC1"
"BTK","BCL10","RFC1"
"BTK","PIK3R6","RFC1"
"BTK","MRE11","RFC1"
"BTK","HDAC2","RFC1"
"BTK","KSR1","RFC1"
"BTK","DDX58","RFC1"
"BTK","UBXN2B","RFC1"
"BTK","MST1R","RFC1"
"BTK","ROR2","RFC1"
"BTK","ABI1","RFC1"
"BTK","IFIH1","RFC1"
"BTK","RAD50","RFC1"
"BTK","TTI1","RFC1"
"BTK","WDFY3","RFC1"
"BTK","LRP6","RFC1"
"BTK","GRB14","RFC1"
"BTK","HOXB7","RFC1"
"BTK","PIK3C3","RFC1"
"BTK","RND1","RFC1"
"BTK","STING1","RFC1"
"BTK","SPEN","RFC1"
"BTK","NFKB1","RFC1"
"BTK","CTDP1","RFC1"
"BTK","TELO2","RFC1"
"BTK","BLVRA","RFC1"
"BTK","CLSPN","RFC1"
"BTK","MAPKAP1","RFC1"
"BTK","GRB7","RFC1"
"BTK","BAZ1B","RFC1"
"BTK","PLCG2","RFC1"
"BTK","RBL2","RFC1"
"BTK","PPP1R14B","RFC1"
"BTK","PABIR1","RFC1"
"BTK","MAPK3","SH3BP2"
"BTK","AKT3","SH3BP2"
"BTK","CHUK","SH3BP2"
"BTK","AKT2","SH3BP2"
"BTK","PTEN","SH3BP2"
"BTK","PRKCQ","SH3BP2"
"BTK","MTOR","SH3BP2"
"BTK","AKT1","SH3BP2"
"BTK","PRKG1","SH3BP2"
"BTK","CCP110","SH3BP2"
"BTK","RPS6K","SH3BP2"
"BTK","CALM2","SH3BP2"
"BTK","ERK1/2","SH3BP2"
"BTK","Gbeta","SH3BP2"
"BTK","LCK","SH3BP2"
"BTK","CDK9","SH3BP2"
"BTK","ABL1","SH3BP2"
"BTK","RPS6KA5","SH3BP2"
"BTK","WNK1","SH3BP2"
"BTK","PDPK1","SH3BP2"
"BTK","SGK1","SH3BP2"
"BTK","MAP2K1","SH3BP2"
"BTK","PRKCB","SH3BP2"
"BTK","PRKCG","SH3BP2"
"BTK","PRKCZ","SH3BP2"
"BTK","CyclinD/CDK4","SH3BP2"
"BTK","MAP3K1","SH3BP2"
"BTK","MAP3K7","SH3BP2"
"BTK","AKT","SH3BP2"
"BTK","IKBKB","SH3BP2"
"BTK","WWTR1","SH3BP2"
"BTK","DOK1","SH3BP2"
"BTK","MAP3K4","SH3BP2"
"BTK","DAPK1","SH3BP2"
"BTK","PXN","SH3BP2"
"BTK","FGG","SH3BP2"
"BTK","LEPR","SH3BP2"
"BTK","RPS6KA3","SH3BP2"
"BTK","BCL3","SH3BP2"
"BTK","DVL1","SH3BP2"
"BTK","FZR1","SH3BP2"
"BTK","GRB2","SH3BP2"
"BTK","VCPIP1","SH3BP2"
"BTK","ATR","SH3BP2"
"BTK","SGK3","SH3BP2"
"BTK","PTK6","SH3BP2"
"BTK","IKBKE","SH3BP2"
"BTK","CCND1","SH3BP2"
"BTK","ILK","SH3BP2"
"BTK","STAP1","SH3BP2"
"BTK","TBK1","SH3BP2"
"BTK","SPRED1","SH3BP2"
"BTK","MEK1/2","SH3BP2"
"BTK","PTPN7","SH3BP2"
"BTK","CALM1","SH3BP2"
"BTK","FADD","SH3BP2"
"BTK","STK38","SH3BP2"
"BTK","TLK1","SH3BP2"
"BTK","C9orf72","SH3BP2"
"BTK","CDKN2A","SH3BP2"
"BTK","MAP4K1","SH3BP2"
"BTK","RET","SH3BP2"
"BTK","DDX41","SH3BP2"
"BTK","IKK-complex","SH3BP2"
"BTK","SHC1","SH3BP2"
"BTK","RPS6KA4","SH3BP2"
"BTK","NTRK1","SH3BP2"
"BTK","GPSM3","SH3BP2"
"BTK","RELA","SH3BP2"
"BTK","MAPKAPK5","SH3BP2"
"BTK","EPHA2","SH3BP2"
"BTK","MAP3K8","SH3BP2"
"BTK","PTPRR","SH3BP2"
"BTK","CDKN1B","SH3BP2"
"BTK","FBLIM1","SH3BP2"
"BTK","TEC","SH3BP2"
"BTK","VCP","SH3BP2"
"BTK","GRIP1","SH3BP2"
"BTK","TMIGD2","SH3BP2"
"BTK","CCR2","SH3BP2"
"BTK","STIP1","SH3BP2"
"BTK","PSTPIP1","SH3BP2"
"BTK","ARRB2","SH3BP2"
"BTK","TRAF3","SH3BP2"
"BTK","CRTC2","SH3BP2"
"BTK","CD28","SH3BP2"
"BTK","INPP5D","SH3BP2"
"BTK","FRS2","SH3BP2"
"BTK","CCNE1","SH3BP2"
"BTK","IMPDH2","SH3BP2"
"BTK","SET","SH3BP2"
"BTK","PIK3CG","SH3BP2"
"BTK","SH2B2","SH3BP2"
"BTK","TRPV1","SH3BP2"
"BTK","PPP1R14A","SH3BP2"
"BTK","BCL10","SH3BP2"
"BTK","PIK3R6","SH3BP2"
"BTK","MRE11","SH3BP2"
"BTK","HDAC2","SH3BP2"
"BTK","KSR1","SH3BP2"
"BTK","DDX58","SH3BP2"
"BTK","UBXN2B","SH3BP2"
"BTK","MST1R","SH3BP2"
"BTK","ROR2","SH3BP2"
"BTK","ABI1","SH3BP2"
"BTK","IFIH1","SH3BP2"
"BTK","RAD50","SH3BP2"
"BTK","TTI1","SH3BP2"
"BTK","WDFY3","SH3BP2"
"BTK","LRP6","SH3BP2"
"BTK","GRB14","SH3BP2"
"BTK","HOXB7","SH3BP2"
"BTK","PIK3C3","SH3BP2"
"BTK","RND1","SH3BP2"
"BTK","STING1","SH3BP2"
"BTK","SPEN","SH3BP2"
"BTK","NFKB1","SH3BP2"
"BTK","CTDP1","SH3BP2"
"BTK","TELO2","SH3BP2"
"BTK","BLVRA","SH3BP2"
"BTK","CLSPN","SH3BP2"
"BTK","MAPKAP1","SH3BP2"
"BTK","GRB7","SH3BP2"
"BTK","BAZ1B","SH3BP2"
"BTK","PLCG2","SH3BP2"
"BTK","RBL2","SH3BP2"
"BTK","PPP1R14B","SH3BP2"
"BTK","PABIR1","SH3BP2"
"BTK","MAPK3","PLEC"
"BTK","AKT3","PLEC"
"BTK","CHUK","PLEC"
"BTK","AKT2","PLEC"
"BTK","PTEN","PLEC"
"BTK","PRKCQ","PLEC"
"BTK","MTOR","PLEC"
"BTK","AKT1","PLEC"
"BTK","PRKG1","PLEC"
"BTK","CCP110","PLEC"
"BTK","RPS6K","PLEC"
"BTK","CALM2","PLEC"
"BTK","ERK1/2","PLEC"
"BTK","Gbeta","PLEC"
"BTK","LCK","PLEC"
"BTK","CDK9","PLEC"
"BTK","ABL1","PLEC"
"BTK","RPS6KA5","PLEC"
"BTK","WNK1","PLEC"
"BTK","PDPK1","PLEC"
"BTK","SGK1","PLEC"
"BTK","MAP2K1","PLEC"
"BTK","PRKCB","PLEC"
"BTK","PRKCG","PLEC"
"BTK","PRKCZ","PLEC"
"BTK","CyclinD/CDK4","PLEC"
"BTK","MAP3K1","PLEC"
"BTK","MAP3K7","PLEC"
"BTK","AKT","PLEC"
"BTK","IKBKB","PLEC"
"BTK","WWTR1","PLEC"
"BTK","DOK1","PLEC"
"BTK","MAP3K4","PLEC"
"BTK","DAPK1","PLEC"
"BTK","PXN","PLEC"
"BTK","FGG","PLEC"
"BTK","LEPR","PLEC"
"BTK","ITK","PLEC"
"BTK","RPS6KA3","PLEC"
"BTK","BCL3","PLEC"
"BTK","DVL1","PLEC"
"BTK","FZR1","PLEC"
"BTK","GRB2","PLEC"
"BTK","VCPIP1","PLEC"
"BTK","ATR","PLEC"
"BTK","SGK3","PLEC"
"BTK","PTK6","PLEC"
"BTK","IKBKE","PLEC"
"BTK","CCND1","PLEC"
"BTK","ILK","PLEC"
"BTK","STAP1","PLEC"
"BTK","TBK1","PLEC"
"BTK","SPRED1","PLEC"
"BTK","MEK1/2","PLEC"
"BTK","PTPN7","PLEC"
"BTK","CALM1","PLEC"
"BTK","FADD","PLEC"
"BTK","STK38","PLEC"
"BTK","TLK1","PLEC"
"BTK","C9orf72","PLEC"
"BTK","CDKN2A","PLEC"
"BTK","MAP4K1","PLEC"
"BTK","RET","PLEC"
"BTK","DDX41","PLEC"
"BTK","IKK-complex","PLEC"
"BTK","SHC1","PLEC"
"BTK","RPS6KA4","PLEC"
"BTK","NTRK1","PLEC"
"BTK","GPSM3","PLEC"
"BTK","RELA","PLEC"
"BTK","MAPKAPK5","PLEC"
"BTK","EPHA2","PLEC"
"BTK","MAP3K8","PLEC"
"BTK","PTPRR","PLEC"
"BTK","CDKN1B","PLEC"
"BTK","FBLIM1","PLEC"
"BTK","VCP","PLEC"
"BTK","GRIP1","PLEC"
"BTK","TMIGD2","PLEC"
"BTK","CCR2","PLEC"
"BTK","STIP1","PLEC"
"BTK","PSTPIP1","PLEC"
"BTK","ARRB2","PLEC"
"BTK","TRAF3","PLEC"
"BTK","CRTC2","PLEC"
"BTK","CD28","PLEC"
"BTK","INPP5D","PLEC"
"BTK","FRS2","PLEC"
"BTK","CCNE1","PLEC"
"BTK","IMPDH2","PLEC"
"BTK","SET","PLEC"
"BTK","PIK3CG","PLEC"
"BTK","SH2B2","PLEC"
"BTK","TRPV1","PLEC"
"BTK","PPP1R14A","PLEC"
"BTK","BCL10","PLEC"
"BTK","PIK3R6","PLEC"
"BTK","MRE11","PLEC"
"BTK","HDAC2","PLEC"
"BTK","KSR1","PLEC"
"BTK","DDX58","PLEC"
"BTK","UBXN2B","PLEC"
"BTK","MST1R","PLEC"
"BTK","ROR2","PLEC"
"BTK","ABI1","PLEC"
"BTK","IFIH1","PLEC"
"BTK","RAD50","PLEC"
"BTK","TTI1","PLEC"
"BTK","WDFY3","PLEC"
"BTK","LRP6","PLEC"
"BTK","GRB14","PLEC"
"BTK","HOXB7","PLEC"
"BTK","PIK3C3","PLEC"
"BTK","RND1","PLEC"
"BTK","STING1","PLEC"
"BTK","SPEN","PLEC"
"BTK","NFKB1","PLEC"
"BTK","CTDP1","PLEC"
"BTK","TELO2","PLEC"
"BTK","BLVRA","PLEC"
"BTK","CLSPN","PLEC"
"BTK","MAPKAP1","PLEC"
"BTK","GRB7","PLEC"
"BTK","BAZ1B","PLEC"
"BTK","PLCG2","PLEC"
"BTK","RBL2","PLEC"
"BTK","PPP1R14B","PLEC"
"BTK","PABIR1","PLEC"
"BTK","MAPK3","LBR"
"BTK","AKT3","LBR"
"BTK","CHUK","LBR"
"BTK","AKT2","LBR"
"BTK","PTEN","LBR"
"BTK","PRKCQ","LBR"
"BTK","MTOR","LBR"
"BTK","AKT1","LBR"
"BTK","PRKG1","LBR"
"BTK","CCP110","LBR"
"BTK","RPS6K","LBR"
"BTK","CALM2","LBR"
"BTK","ERK1/2","LBR"
"BTK","Gbeta","LBR"
"BTK","LCK","LBR"
"BTK","CDK9","LBR"
"BTK","ABL1","LBR"
"BTK","RPS6KA5","LBR"
"BTK","WNK1","LBR"
"BTK","PDPK1","LBR"
"BTK","SGK1","LBR"
"BTK","MAP2K1","LBR"
"BTK","PRKCB","LBR"
"BTK","PRKCG","LBR"
"BTK","PRKCZ","LBR"
"BTK","CyclinD/CDK4","LBR"
"BTK","MAP3K1","LBR"
"BTK","MAP3K7","LBR"
"BTK","AKT","LBR"
"BTK","IKBKB","LBR"
"BTK","WWTR1","LBR"
"BTK","DOK1","LBR"
"BTK","MAP3K4","LBR"
"BTK","DAPK1","LBR"
"BTK","PXN","LBR"
"BTK","FGG","LBR"
"BTK","LEPR","LBR"
"BTK","ITK","LBR"
"BTK","RPS6KA3","LBR"
"BTK","BCL3","LBR"
"BTK","DVL1","LBR"
"BTK","FZR1","LBR"
"BTK","GRB2","LBR"
"BTK","VCPIP1","LBR"
"BTK","ATR","LBR"
"BTK","SGK3","LBR"
"BTK","PTK6","LBR"
"BTK","IKBKE","LBR"
"BTK","CCND1","LBR"
"BTK","ILK","LBR"
"BTK","STAP1","LBR"
"BTK","TBK1","LBR"
"BTK","SPRED1","LBR"
"BTK","MEK1/2","LBR"
"BTK","PTPN7","LBR"
"BTK","CALM1","LBR"
"BTK","FADD","LBR"
"BTK","STK38","LBR"
"BTK","TLK1","LBR"
"BTK","C9orf72","LBR"
"BTK","CDKN2A","LBR"
"BTK","MAP4K1","LBR"
"BTK","RET","LBR"
"BTK","DDX41","LBR"
"BTK","IKK-complex","LBR"
"BTK","SHC1","LBR"
"BTK","RPS6KA4","LBR"
"BTK","NTRK1","LBR"
"BTK","GPSM3","LBR"
"BTK","RELA","LBR"
"BTK","MAPKAPK5","LBR"
"BTK","EPHA2","LBR"
"BTK","MAP3K8","LBR"
"BTK","PTPRR","LBR"
"BTK","CDKN1B","LBR"
"BTK","FBLIM1","LBR"
"BTK","VCP","LBR"
"BTK","GRIP1","LBR"
"BTK","TMIGD2","LBR"
"BTK","CCR2","LBR"
"BTK","STIP1","LBR"
"BTK","PSTPIP1","LBR"
"BTK","ARRB2","LBR"
"BTK","TRAF3","LBR"
"BTK","CRTC2","LBR"
"BTK","CD28","LBR"
"BTK","INPP5D","LBR"
"BTK","FRS2","LBR"
"BTK","CCNE1","LBR"
"BTK","IMPDH2","LBR"
"BTK","SET","LBR"
"BTK","PIK3CG","LBR"
"BTK","SH2B2","LBR"
"BTK","TRPV1","LBR"
"BTK","PPP1R14A","LBR"
"BTK","BCL10","LBR"
"BTK","PIK3R6","LBR"
"BTK","MRE11","LBR"
"BTK","HDAC2","LBR"
"BTK","KSR1","LBR"
"BTK","DDX58","LBR"
"BTK","UBXN2B","LBR"
"BTK","MST1R","LBR"
"BTK","ROR2","LBR"
"BTK","ABI1","LBR"
"BTK","IFIH1","LBR"
"BTK","RAD50","LBR"
"BTK","TTI1","LBR"
"BTK","WDFY3","LBR"
"BTK","LRP6","LBR"
"BTK","GRB14","LBR"
"BTK","HOXB7","LBR"
"BTK","PIK3C3","LBR"
"BTK","RND1","LBR"
"BTK","STING1","LBR"
"BTK","SPEN","LBR"
"BTK","NFKB1","LBR"
"BTK","CTDP1","LBR"
"BTK","TELO2","LBR"
"BTK","BLVRA","LBR"
"BTK","CLSPN","LBR"
"BTK","MAPKAP1","LBR"
"BTK","GRB7","LBR"
"BTK","BAZ1B","LBR"
"BTK","PLCG2","LBR"
"BTK","RBL2","LBR"
"BTK","PPP1R14B","LBR"
"BTK","PABIR1","LBR"
"BTK","MAPK3","ADAM17"
"BTK","AKT3","ADAM17"
"BTK","CHUK","ADAM17"
"BTK","AKT2","ADAM17"
"BTK","PTEN","ADAM17"
"BTK","PRKCQ","ADAM17"
"BTK","MTOR","ADAM17"
"BTK","AKT1","ADAM17"
"BTK","PRKG1","ADAM17"
"BTK","CCP110","ADAM17"
"BTK","RPS6K","ADAM17"
"BTK","CALM2","ADAM17"
"BTK","ERK1/2","ADAM17"
"BTK","Gbeta","ADAM17"
"BTK","LCK","ADAM17"
"BTK","CDK9","ADAM17"
"BTK","ABL1","ADAM17"
"BTK","RPS6KA5","ADAM17"
"BTK","WNK1","ADAM17"
"BTK","PDPK1","ADAM17"
"BTK","SGK1","ADAM17"
"BTK","MAP2K1","ADAM17"
"BTK","PRKCB","ADAM17"
"BTK","PRKCG","ADAM17"
"BTK","PRKCZ","ADAM17"
"BTK","CyclinD/CDK4","ADAM17"
"BTK","MAP3K1","ADAM17"
"BTK","MAP3K7","ADAM17"
"BTK","AKT","ADAM17"
"BTK","IKBKB","ADAM17"
"BTK","WWTR1","ADAM17"
"BTK","DOK1","ADAM17"
"BTK","MAP3K4","ADAM17"
"BTK","DAPK1","ADAM17"
"BTK","PXN","ADAM17"
"BTK","FGG","ADAM17"
"BTK","LEPR","ADAM17"
"BTK","ITK","ADAM17"
"BTK","RPS6KA3","ADAM17"
"BTK","BCL3","ADAM17"
"BTK","DVL1","ADAM17"
"BTK","FZR1","ADAM17"
"BTK","GRB2","ADAM17"
"BTK","VCPIP1","ADAM17"
"BTK","ATR","ADAM17"
"BTK","SGK3","ADAM17"
"BTK","PTK6","ADAM17"
"BTK","IKBKE","ADAM17"
"BTK","CCND1","ADAM17"
"BTK","ILK","ADAM17"
"BTK","STAP1","ADAM17"
"BTK","TBK1","ADAM17"
"BTK","SPRED1","ADAM17"
"BTK","MEK1/2","ADAM17"
"BTK","PTPN7","ADAM17"
"BTK","CALM1","ADAM17"
"BTK","FADD","ADAM17"
"BTK","STK38","ADAM17"
"BTK","TLK1","ADAM17"
"BTK","C9orf72","ADAM17"
"BTK","CDKN2A","ADAM17"
"BTK","MAP4K1","ADAM17"
"BTK","DDX41","ADAM17"
"BTK","IKK-complex","ADAM17"
"BTK","SHC1","ADAM17"
"BTK","RPS6KA4","ADAM17"
"BTK","NTRK1","ADAM17"
"BTK","GPSM3","ADAM17"
"BTK","RELA","ADAM17"
"BTK","MAPKAPK5","ADAM17"
"BTK","EPHA2","ADAM17"
"BTK","MAP3K8","ADAM17"
"BTK","PTPRR","ADAM17"
"BTK","CDKN1B","ADAM17"
"BTK","FBLIM1","ADAM17"
"BTK","TEC","ADAM17"
"BTK","VCP","ADAM17"
"BTK","GRIP1","ADAM17"
"BTK","TMIGD2","ADAM17"
"BTK","CCR2","ADAM17"
"BTK","STIP1","ADAM17"
"BTK","PSTPIP1","ADAM17"
"BTK","ARRB2","ADAM17"
"BTK","TRAF3","ADAM17"
"BTK","CRTC2","ADAM17"
"BTK","CD28","ADAM17"
"BTK","INPP5D","ADAM17"
"BTK","FRS2","ADAM17"
"BTK","CCNE1","ADAM17"
"BTK","IMPDH2","ADAM17"
"BTK","SET","ADAM17"
"BTK","PIK3CG","ADAM17"
"BTK","SH2B2","ADAM17"
"BTK","TRPV1","ADAM17"
"BTK","PPP1R14A","ADAM17"
"BTK","BCL10","ADAM17"
"BTK","PIK3R6","ADAM17"
"BTK","MRE11","ADAM17"
"BTK","HDAC2","ADAM17"
"BTK","KSR1","ADAM17"
"BTK","DDX58","ADAM17"
"BTK","UBXN2B","ADAM17"
"BTK","MST1R","ADAM17"
"BTK","ROR2","ADAM17"
"BTK","ABI1","ADAM17"
"BTK","IFIH1","ADAM17"
"BTK","RAD50","ADAM17"
"BTK","TTI1","ADAM17"
"BTK","WDFY3","ADAM17"
"BTK","LRP6","ADAM17"
"BTK","GRB14","ADAM17"
"BTK","HOXB7","ADAM17"
"BTK","PIK3C3","ADAM17"
"BTK","RND1","ADAM17"
"BTK","STING1","ADAM17"
"BTK","SPEN","ADAM17"
"BTK","NFKB1","ADAM17"
"BTK","CTDP1","ADAM17"
"BTK","TELO2","ADAM17"
"BTK","BLVRA","ADAM17"
"BTK","CLSPN","ADAM17"
"BTK","MAPKAP1","ADAM17"
"BTK","GRB7","ADAM17"
"BTK","BAZ1B","ADAM17"
"BTK","PLCG2","ADAM17"
"BTK","RBL2","ADAM17"
"BTK","PPP1R14B","ADAM17"
"BTK","PABIR1","ADAM17"
"BTK","MAPK3","DHPS"
"BTK","AKT3","DHPS"
"BTK","CHUK","DHPS"
"BTK","AKT2","DHPS"
"BTK","PTEN","DHPS"
"BTK","PRKCQ","DHPS"
"BTK","MTOR","DHPS"
"BTK","AKT1","DHPS"
"BTK","PRKG1","DHPS"
"BTK","CCP110","DHPS"
"BTK","RPS6K","DHPS"
"BTK","CALM2","DHPS"
"BTK","Gbeta","DHPS"
"BTK","LCK","DHPS"
"BTK","CDK9","DHPS"
"BTK","ABL1","DHPS"
"BTK","RPS6KA5","DHPS"
"BTK","WNK1","DHPS"
"BTK","PDPK1","DHPS"
"BTK","SGK1","DHPS"
"BTK","MAP2K1","DHPS"
"BTK","PRKCB","DHPS"
"BTK","PRKCG","DHPS"
"BTK","PRKCZ","DHPS"
"BTK","CyclinD/CDK4","DHPS"
"BTK","MAP3K1","DHPS"
"BTK","MAP3K7","DHPS"
"BTK","AKT","DHPS"
"BTK","IKBKB","DHPS"
"BTK","WWTR1","DHPS"
"BTK","DOK1","DHPS"
"BTK","MAP3K4","DHPS"
"BTK","DAPK1","DHPS"
"BTK","PXN","DHPS"
"BTK","FGG","DHPS"
"BTK","LEPR","DHPS"
"BTK","ITK","DHPS"
"BTK","RPS6KA3","DHPS"
"BTK","BCL3","DHPS"
"BTK","DVL1","DHPS"
"BTK","FZR1","DHPS"
"BTK","GRB2","DHPS"
"BTK","VCPIP1","DHPS"
"BTK","ATR","DHPS"
"BTK","SGK3","DHPS"
"BTK","PTK6","DHPS"
"BTK","IKBKE","DHPS"
"BTK","CCND1","DHPS"
"BTK","ILK","DHPS"
"BTK","STAP1","DHPS"
"BTK","TBK1","DHPS"
"BTK","SPRED1","DHPS"
"BTK","MEK1/2","DHPS"
"BTK","PTPN7","DHPS"
"BTK","CALM1","DHPS"
"BTK","FADD","DHPS"
"BTK","STK38","DHPS"
"BTK","TLK1","DHPS"
"BTK","C9orf72","DHPS"
"BTK","CDKN2A","DHPS"
"BTK","MAP4K1","DHPS"
"BTK","DDX41","DHPS"
"BTK","IKK-complex","DHPS"
"BTK","SHC1","DHPS"
"BTK","RPS6KA4","DHPS"
"BTK","NTRK1","DHPS"
"BTK","GPSM3","DHPS"
"BTK","RELA","DHPS"
"BTK","MAPKAPK5","DHPS"
"BTK","EPHA2","DHPS"
"BTK","MAP3K8","DHPS"
"BTK","PTPRR","DHPS"
"BTK","CDKN1B","DHPS"
"BTK","FBLIM1","DHPS"
"BTK","TEC","DHPS"
"BTK","VCP","DHPS"
"BTK","GRIP1","DHPS"
"BTK","TMIGD2","DHPS"
"BTK","CCR2","DHPS"
"BTK","STIP1","DHPS"
"BTK","PSTPIP1","DHPS"
"BTK","ARRB2","DHPS"
"BTK","TRAF3","DHPS"
"BTK","CRTC2","DHPS"
"BTK","CD28","DHPS"
"BTK","INPP5D","DHPS"
"BTK","FRS2","DHPS"
"BTK","CCNE1","DHPS"
"BTK","IMPDH2","DHPS"
"BTK","SET","DHPS"
"BTK","PIK3CG","DHPS"
"BTK","SH2B2","DHPS"
"BTK","TRPV1","DHPS"
"BTK","PPP1R14A","DHPS"
"BTK","BCL10","DHPS"
"BTK","PIK3R6","DHPS"
"BTK","MRE11","DHPS"
"BTK","HDAC2","DHPS"
"BTK","KSR1","DHPS"
"BTK","DDX58","DHPS"
"BTK","UBXN2B","DHPS"
"BTK","MST1R","DHPS"
"BTK","ROR2","DHPS"
"BTK","ABI1","DHPS"
"BTK","IFIH1","DHPS"
"BTK","RAD50","DHPS"
"BTK","TTI1","DHPS"
"BTK","WDFY3","DHPS"
"BTK","LRP6","DHPS"
"BTK","GRB14","DHPS"
"BTK","HOXB7","DHPS"
"BTK","PIK3C3","DHPS"
"BTK","RND1","DHPS"
"BTK","STING1","DHPS"
"BTK","SPEN","DHPS"
"BTK","NFKB1","DHPS"
"BTK","CTDP1","DHPS"
"BTK","TELO2","DHPS"
"BTK","BLVRA","DHPS"
"BTK","CLSPN","DHPS"
"BTK","MAPKAP1","DHPS"
"BTK","GRB7","DHPS"
"BTK","BAZ1B","DHPS"
"BTK","PLCG2","DHPS"
"BTK","RBL2","DHPS"
"BTK","PPP1R14B","DHPS"
"BTK","PABIR1","DHPS"
"BTK","MAPK3","ZC3HC1"
"BTK","AKT3","ZC3HC1"
"BTK","CHUK","ZC3HC1"
"BTK","AKT2","ZC3HC1"
"BTK","PTEN","ZC3HC1"
"BTK","PRKCQ","ZC3HC1"
"BTK","MTOR","ZC3HC1"
"BTK","AKT1","ZC3HC1"
"BTK","PRKG1","ZC3HC1"
"BTK","CCP110","ZC3HC1"
"BTK","RPS6K","ZC3HC1"
"BTK","CALM2","ZC3HC1"
"BTK","ERK1/2","ZC3HC1"
"BTK","Gbeta","ZC3HC1"
"BTK","LCK","ZC3HC1"
"BTK","CDK9","ZC3HC1"
"BTK","ABL1","ZC3HC1"
"BTK","RPS6KA5","ZC3HC1"
"BTK","WNK1","ZC3HC1"
"BTK","PDPK1","ZC3HC1"
"BTK","SGK1","ZC3HC1"
"BTK","MAP2K1","ZC3HC1"
"BTK","PRKCB","ZC3HC1"
"BTK","PRKCG","ZC3HC1"
"BTK","PRKCZ","ZC3HC1"
"BTK","CyclinD/CDK4","ZC3HC1"
"BTK","MAP3K1","ZC3HC1"
"BTK","MAP3K7","ZC3HC1"
"BTK","AKT","ZC3HC1"
"BTK","IKBKB","ZC3HC1"
"BTK","WWTR1","ZC3HC1"
"BTK","DOK1","ZC3HC1"
"BTK","MAP3K4","ZC3HC1"
"BTK","DAPK1","ZC3HC1"
"BTK","PXN","ZC3HC1"
"BTK","FGG","ZC3HC1"
"BTK","LEPR","ZC3HC1"
"BTK","ITK","ZC3HC1"
"BTK","RPS6KA3","ZC3HC1"
"BTK","BCL3","ZC3HC1"
"BTK","DVL1","ZC3HC1"
"BTK","FZR1","ZC3HC1"
"BTK","GRB2","ZC3HC1"
"BTK","VCPIP1","ZC3HC1"
"BTK","ATR","ZC3HC1"
"BTK","SGK3","ZC3HC1"
"BTK","PTK6","ZC3HC1"
"BTK","IKBKE","ZC3HC1"
"BTK","CCND1","ZC3HC1"
"BTK","ILK","ZC3HC1"
"BTK","STAP1","ZC3HC1"
"BTK","TBK1","ZC3HC1"
"BTK","SPRED1","ZC3HC1"
"BTK","MEK1/2","ZC3HC1"
"BTK","PTPN7","ZC3HC1"
"BTK","CALM1","ZC3HC1"
"BTK","FADD","ZC3HC1"
"BTK","STK38","ZC3HC1"
"BTK","TLK1","ZC3HC1"
"BTK","C9orf72","ZC3HC1"
"BTK","CDKN2A","ZC3HC1"
"BTK","MAP4K1","ZC3HC1"
"BTK","RET","ZC3HC1"
"BTK","DDX41","ZC3HC1"
"BTK","IKK-complex","ZC3HC1"
"BTK","SHC1","ZC3HC1"
"BTK","RPS6KA4","ZC3HC1"
"BTK","NTRK1","ZC3HC1"
"BTK","GPSM3","ZC3HC1"
"BTK","RELA","ZC3HC1"
"BTK","MAPKAPK5","ZC3HC1"
"BTK","EPHA2","ZC3HC1"
"BTK","MAP3K8","ZC3HC1"
"BTK","PTPRR","ZC3HC1"
"BTK","CDKN1B","ZC3HC1"
"BTK","FBLIM1","ZC3HC1"
"BTK","VCP","ZC3HC1"
"BTK","GRIP1","ZC3HC1"
"BTK","TMIGD2","ZC3HC1"
"BTK","CCR2","ZC3HC1"
"BTK","STIP1","ZC3HC1"
"BTK","PSTPIP1","ZC3HC1"
"BTK","ARRB2","ZC3HC1"
"BTK","TRAF3","ZC3HC1"
"BTK","CRTC2","ZC3HC1"
"BTK","CD28","ZC3HC1"
"BTK","INPP5D","ZC3HC1"
"BTK","FRS2","ZC3HC1"
"BTK","CCNE1","ZC3HC1"
"BTK","IMPDH2","ZC3HC1"
"BTK","SET","ZC3HC1"
"BTK","PIK3CG","ZC3HC1"
"BTK","SH2B2","ZC3HC1"
"BTK","TRPV1","ZC3HC1"
"BTK","PPP1R14A","ZC3HC1"
"BTK","BCL10","ZC3HC1"
"BTK","PIK3R6","ZC3HC1"
"BTK","MRE11","ZC3HC1"
"BTK","HDAC2","ZC3HC1"
"BTK","KSR1","ZC3HC1"
"BTK","DDX58","ZC3HC1"
"BTK","UBXN2B","ZC3HC1"
"BTK","MST1R","ZC3HC1"
"BTK","ROR2","ZC3HC1"
"BTK","ABI1","ZC3HC1"
"BTK","IFIH1","ZC3HC1"
"BTK","RAD50","ZC3HC1"
"BTK","TTI1","ZC3HC1"
"BTK","WDFY3","ZC3HC1"
"BTK","LRP6","ZC3HC1"
"BTK","GRB14","ZC3HC1"
"BTK","HOXB7","ZC3HC1"
"BTK","PIK3C3","ZC3HC1"
"BTK","RND1","ZC3HC1"
"BTK","STING1","ZC3HC1"
"BTK","SPEN","ZC3HC1"
"BTK","NFKB1","ZC3HC1"
"BTK","CTDP1","ZC3HC1"
"BTK","TELO2","ZC3HC1"
"BTK","BLVRA","ZC3HC1"
"BTK","CLSPN","ZC3HC1"
"BTK","MAPKAP1","ZC3HC1"
"BTK","GRB7","ZC3HC1"
"BTK","BAZ1B","ZC3HC1"
"BTK","PLCG2","ZC3HC1"
"BTK","RBL2","ZC3HC1"
"BTK","PPP1R14B","ZC3HC1"
"BTK","PABIR1","ZC3HC1"
"BTK","MAPK3","NCOA6"
"BTK","AKT3","NCOA6"
"BTK","CHUK","NCOA6"
"BTK","AKT2","NCOA6"
"BTK","PTEN","NCOA6"
"BTK","PRKCQ","NCOA6"
"BTK","MTOR","NCOA6"
"BTK","AKT1","NCOA6"
"BTK","PRKG1","NCOA6"
"BTK","CCP110","NCOA6"
"BTK","RPS6K","NCOA6"
"BTK","CALM2","NCOA6"
"BTK","ERK1/2","NCOA6"
"BTK","Gbeta","NCOA6"
"BTK","LCK","NCOA6"
"BTK","CDK9","NCOA6"
"BTK","ABL1","NCOA6"
"BTK","RPS6KA5","NCOA6"
"BTK","WNK1","NCOA6"
"BTK","PDPK1","NCOA6"
"BTK","SGK1","NCOA6"
"BTK","MAP2K1","NCOA6"
"BTK","PRKCB","NCOA6"
"BTK","PRKCG","NCOA6"
"BTK","PRKCZ","NCOA6"
"BTK","CyclinD/CDK4","NCOA6"
"BTK","MAP3K1","NCOA6"
"BTK","MAP3K7","NCOA6"
"BTK","AKT","NCOA6"
"BTK","IKBKB","NCOA6"
"BTK","WWTR1","NCOA6"
"BTK","DOK1","NCOA6"
"BTK","MAP3K4","NCOA6"
"BTK","DAPK1","NCOA6"
"BTK","PXN","NCOA6"
"BTK","FGG","NCOA6"
"BTK","LEPR","NCOA6"
"BTK","ITK","NCOA6"
"BTK","RPS6KA3","NCOA6"
"BTK","BCL3","NCOA6"
"BTK","DVL1","NCOA6"
"BTK","FZR1","NCOA6"
"BTK","GRB2","NCOA6"
"BTK","VCPIP1","NCOA6"
"BTK","ATR","NCOA6"
"BTK","SGK3","NCOA6"
"BTK","PTK6","NCOA6"
"BTK","IKBKE","NCOA6"
"BTK","CCND1","NCOA6"
"BTK","ILK","NCOA6"
"BTK","STAP1","NCOA6"
"BTK","TBK1","NCOA6"
"BTK","SPRED1","NCOA6"
"BTK","MEK1/2","NCOA6"
"BTK","PTPN7","NCOA6"
"BTK","CALM1","NCOA6"
"BTK","FADD","NCOA6"
"BTK","STK38","NCOA6"
"BTK","TLK1","NCOA6"
"BTK","C9orf72","NCOA6"
"BTK","CDKN2A","NCOA6"
"BTK","MAP4K1","NCOA6"
"BTK","DDX41","NCOA6"
"BTK","IKK-complex","NCOA6"
"BTK","SHC1","NCOA6"
"BTK","RPS6KA4","NCOA6"
"BTK","NTRK1","NCOA6"
"BTK","GPSM3","NCOA6"
"BTK","RELA","NCOA6"
"BTK","MAPKAPK5","NCOA6"
"BTK","EPHA2","NCOA6"
"BTK","MAP3K8","NCOA6"
"BTK","PTPRR","NCOA6"
"BTK","CDKN1B","NCOA6"
"BTK","FBLIM1","NCOA6"
"BTK","TEC","NCOA6"
"BTK","VCP","NCOA6"
"BTK","GRIP1","NCOA6"
"BTK","TMIGD2","NCOA6"
"BTK","CCR2","NCOA6"
"BTK","STIP1","NCOA6"
"BTK","PSTPIP1","NCOA6"
"BTK","ARRB2","NCOA6"
"BTK","TRAF3","NCOA6"
"BTK","CRTC2","NCOA6"
"BTK","CD28","NCOA6"
"BTK","INPP5D","NCOA6"
"BTK","FRS2","NCOA6"
"BTK","CCNE1","NCOA6"
"BTK","IMPDH2","NCOA6"
"BTK","SET","NCOA6"
"BTK","PIK3CG","NCOA6"
"BTK","SH2B2","NCOA6"
"BTK","TRPV1","NCOA6"
"BTK","PPP1R14A","NCOA6"
"BTK","BCL10","NCOA6"
"BTK","PIK3R6","NCOA6"
"BTK","MRE11","NCOA6"
"BTK","HDAC2","NCOA6"
"BTK","KSR1","NCOA6"
"BTK","DDX58","NCOA6"
"BTK","UBXN2B","NCOA6"
"BTK","MST1R","NCOA6"
"BTK","ROR2","NCOA6"
"BTK","ABI1","NCOA6"
"BTK","IFIH1","NCOA6"
"BTK","RAD50","NCOA6"
"BTK","TTI1","NCOA6"
"BTK","WDFY3","NCOA6"
"BTK","LRP6","NCOA6"
"BTK","GRB14","NCOA6"
"BTK","HOXB7","NCOA6"
"BTK","PIK3C3","NCOA6"
"BTK","RND1","NCOA6"
"BTK","STING1","NCOA6"
"BTK","SPEN","NCOA6"
"BTK","NFKB1","NCOA6"
"BTK","CTDP1","NCOA6"
"BTK","TELO2","NCOA6"
"BTK","BLVRA","NCOA6"
"BTK","CLSPN","NCOA6"
"BTK","MAPKAP1","NCOA6"
"BTK","GRB7","NCOA6"
"BTK","BAZ1B","NCOA6"
"BTK","PLCG2","NCOA6"
"BTK","RBL2","NCOA6"
"BTK","PPP1R14B","NCOA6"
"BTK","PABIR1","NCOA6"
"BTK","MAPK3","MBD4"
"BTK","AKT3","MBD4"
"BTK","CHUK","MBD4"
"BTK","AKT2","MBD4"
"BTK","PTEN","MBD4"
"BTK","PRKCQ","MBD4"
"BTK","MTOR","MBD4"
"BTK","AKT1","MBD4"
"BTK","PRKG1","MBD4"
"BTK","CCP110","MBD4"
"BTK","RPS6K","MBD4"
"BTK","CALM2","MBD4"
"BTK","ERK1/2","MBD4"
"BTK","Gbeta","MBD4"
"BTK","LCK","MBD4"
"BTK","CDK9","MBD4"
"BTK","ABL1","MBD4"
"BTK","RPS6KA5","MBD4"
"BTK","WNK1","MBD4"
"BTK","PDPK1","MBD4"
"BTK","SGK1","MBD4"
"BTK","MAP2K1","MBD4"
"BTK","PRKCB","MBD4"
"BTK","PRKCG","MBD4"
"BTK","PRKCZ","MBD4"
"BTK","CyclinD/CDK4","MBD4"
"BTK","MAP3K1","MBD4"
"BTK","MAP3K7","MBD4"
"BTK","AKT","MBD4"
"BTK","IKBKB","MBD4"
"BTK","WWTR1","MBD4"
"BTK","DOK1","MBD4"
"BTK","MAP3K4","MBD4"
"BTK","DAPK1","MBD4"
"BTK","PXN","MBD4"
"BTK","FGG","MBD4"
"BTK","LEPR","MBD4"
"BTK","RPS6KA3","MBD4"
"BTK","BCL3","MBD4"
"BTK","DVL1","MBD4"
"BTK","FZR1","MBD4"
"BTK","GRB2","MBD4"
"BTK","VCPIP1","MBD4"
"BTK","ATR","MBD4"
"BTK","SGK3","MBD4"
"BTK","PTK6","MBD4"
"BTK","IKBKE","MBD4"
"BTK","CCND1","MBD4"
"BTK","ILK","MBD4"
"BTK","STAP1","MBD4"
"BTK","TBK1","MBD4"
"BTK","SPRED1","MBD4"
"BTK","MEK1/2","MBD4"
"BTK","PTPN7","MBD4"
"BTK","CALM1","MBD4"
"BTK","FADD","MBD4"
"BTK","STK38","MBD4"
"BTK","TLK1","MBD4"
"BTK","C9orf72","MBD4"
"BTK","CDKN2A","MBD4"
"BTK","MAP4K1","MBD4"
"BTK","RET","MBD4"
"BTK","DDX41","MBD4"
"BTK","IKK-complex","MBD4"
"BTK","SHC1","MBD4"
"BTK","RPS6KA4","MBD4"
"BTK","NTRK1","MBD4"
"BTK","GPSM3","MBD4"
"BTK","RELA","MBD4"
"BTK","MAPKAPK5","MBD4"
"BTK","EPHA2","MBD4"
"BTK","MAP3K8","MBD4"
"BTK","PTPRR","MBD4"
"BTK","CDKN1B","MBD4"
"BTK","FBLIM1","MBD4"
"BTK","VCP","MBD4"
"BTK","GRIP1","MBD4"
"BTK","TMIGD2","MBD4"
"BTK","CCR2","MBD4"
"BTK","STIP1","MBD4"
"BTK","PSTPIP1","MBD4"
"BTK","ARRB2","MBD4"
"BTK","TRAF3","MBD4"
"BTK","CRTC2","MBD4"
"BTK","CD28","MBD4"
"BTK","INPP5D","MBD4"
"BTK","FRS2","MBD4"
"BTK","CCNE1","MBD4"
"BTK","IMPDH2","MBD4"
"BTK","SET","MBD4"
"BTK","PIK3CG","MBD4"
"BTK","SH2B2","MBD4"
"BTK","TRPV1","MBD4"
"BTK","PPP1R14A","MBD4"
"BTK","BCL10","MBD4"
"BTK","PIK3R6","MBD4"
"BTK","MRE11","MBD4"
"BTK","HDAC2","MBD4"
"BTK","KSR1","MBD4"
"BTK","DDX58","MBD4"
"BTK","UBXN2B","MBD4"
"BTK","MST1R","MBD4"
"BTK","ROR2","MBD4"
"BTK","ABI1","MBD4"
"BTK","IFIH1","MBD4"
"BTK","RAD50","MBD4"
"BTK","TTI1","MBD4"
"BTK","WDFY3","MBD4"
"BTK","LRP6","MBD4"
"BTK","GRB14","MBD4"
"BTK","HOXB7","MBD4"
"BTK","PIK3C3","MBD4"
"BTK","RND1","MBD4"
"BTK","STING1","MBD4"
"BTK","SPEN","MBD4"
"BTK","NFKB1","MBD4"
"BTK","CTDP1","MBD4"
"BTK","TELO2","MBD4"
"BTK","BLVRA","MBD4"
"BTK","CLSPN","MBD4"
"BTK","MAPKAP1","MBD4"
"BTK","GRB7","MBD4"
"BTK","BAZ1B","MBD4"
"BTK","PLCG2","MBD4"
"BTK","RBL2","MBD4"
"BTK","PPP1R14B","MBD4"
"BTK","PABIR1","MBD4"
"BTK","MAPK3","SLC24A2"
"BTK","AKT3","SLC24A2"
"BTK","CHUK","SLC24A2"
"BTK","AKT2","SLC24A2"
"BTK","PTEN","SLC24A2"
"BTK","PRKCQ","SLC24A2"
"BTK","MTOR","SLC24A2"
"BTK","AKT1","SLC24A2"
"BTK","PRKG1","SLC24A2"
"BTK","CCP110","SLC24A2"
"BTK","RPS6K","SLC24A2"
"BTK","CALM2","SLC24A2"
"BTK","ERK1/2","SLC24A2"
"BTK","Gbeta","SLC24A2"
"BTK","LCK","SLC24A2"
"BTK","CDK9","SLC24A2"
"BTK","ABL1","SLC24A2"
"BTK","RPS6KA5","SLC24A2"
"BTK","WNK1","SLC24A2"
"BTK","PDPK1","SLC24A2"
"BTK","SGK1","SLC24A2"
"BTK","MAP2K1","SLC24A2"
"BTK","PRKCB","SLC24A2"
"BTK","PRKCG","SLC24A2"
"BTK","PRKCZ","SLC24A2"
"BTK","CyclinD/CDK4","SLC24A2"
"BTK","MAP3K1","SLC24A2"
"BTK","MAP3K7","SLC24A2"
"BTK","AKT","SLC24A2"
"BTK","IKBKB","SLC24A2"
"BTK","WWTR1","SLC24A2"
"BTK","DOK1","SLC24A2"
"BTK","MAP3K4","SLC24A2"
"BTK","DAPK1","SLC24A2"
"BTK","PXN","SLC24A2"
"BTK","FGG","SLC24A2"
"BTK","LEPR","SLC24A2"
"BTK","ITK","SLC24A2"
"BTK","RPS6KA3","SLC24A2"
"BTK","BCL3","SLC24A2"
"BTK","DVL1","SLC24A2"
"BTK","FZR1","SLC24A2"
"BTK","GRB2","SLC24A2"
"BTK","VCPIP1","SLC24A2"
"BTK","ATR","SLC24A2"
"BTK","SGK3","SLC24A2"
"BTK","PTK6","SLC24A2"
"BTK","IKBKE","SLC24A2"
"BTK","CCND1","SLC24A2"
"BTK","ILK","SLC24A2"
"BTK","TBK1","SLC24A2"
"BTK","SPRED1","SLC24A2"
"BTK","MEK1/2","SLC24A2"
"BTK","PTPN7","SLC24A2"
"BTK","CALM1","SLC24A2"
"BTK","FADD","SLC24A2"
"BTK","STK38","SLC24A2"
"BTK","TLK1","SLC24A2"
"BTK","C9orf72","SLC24A2"
"BTK","CDKN2A","SLC24A2"
"BTK","MAP4K1","SLC24A2"
"BTK","RET","SLC24A2"
"BTK","DDX41","SLC24A2"
"BTK","IKK-complex","SLC24A2"
"BTK","SHC1","SLC24A2"
"BTK","RPS6KA4","SLC24A2"
"BTK","NTRK1","SLC24A2"
"BTK","GPSM3","SLC24A2"
"BTK","RELA","SLC24A2"
"BTK","MAPKAPK5","SLC24A2"
"BTK","EPHA2","SLC24A2"
"BTK","MAP3K8","SLC24A2"
"BTK","PTPRR","SLC24A2"
"BTK","CDKN1B","SLC24A2"
"BTK","FBLIM1","SLC24A2"
"BTK","VCP","SLC24A2"
"BTK","GRIP1","SLC24A2"
"BTK","TMIGD2","SLC24A2"
"BTK","CCR2","SLC24A2"
"BTK","STIP1","SLC24A2"
"BTK","PSTPIP1","SLC24A2"
"BTK","ARRB2","SLC24A2"
"BTK","TRAF3","SLC24A2"
"BTK","CRTC2","SLC24A2"
"BTK","CD28","SLC24A2"
"BTK","INPP5D","SLC24A2"
"BTK","FRS2","SLC24A2"
"BTK","CCNE1","SLC24A2"
"BTK","IMPDH2","SLC24A2"
"BTK","SET","SLC24A2"
"BTK","PIK3CG","SLC24A2"
"BTK","SH2B2","SLC24A2"
"BTK","TRPV1","SLC24A2"
"BTK","PPP1R14A","SLC24A2"
"BTK","BCL10","SLC24A2"
"BTK","PIK3R6","SLC24A2"
"BTK","MRE11","SLC24A2"
"BTK","HDAC2","SLC24A2"
"BTK","KSR1","SLC24A2"
"BTK","DDX58","SLC24A2"
"BTK","UBXN2B","SLC24A2"
"BTK","MST1R","SLC24A2"
"BTK","ROR2","SLC24A2"
"BTK","ABI1","SLC24A2"
"BTK","IFIH1","SLC24A2"
"BTK","RAD50","SLC24A2"
"BTK","TTI1","SLC24A2"
"BTK","WDFY3","SLC24A2"
"BTK","LRP6","SLC24A2"
"BTK","GRB14","SLC24A2"
"BTK","HOXB7","SLC24A2"
"BTK","PIK3C3","SLC24A2"
"BTK","RND1","SLC24A2"
"BTK","STING1","SLC24A2"
"BTK","SPEN","SLC24A2"
"BTK","NFKB1","SLC24A2"
"BTK","CTDP1","SLC24A2"
"BTK","TELO2","SLC24A2"
"BTK","BLVRA","SLC24A2"
"BTK","CLSPN","SLC24A2"
"BTK","MAPKAP1","SLC24A2"
"BTK","GRB7","SLC24A2"
"BTK","BAZ1B","SLC24A2"
"BTK","PLCG2","SLC24A2"
"BTK","RBL2","SLC24A2"
"BTK","PPP1R14B","SLC24A2"
"BTK","PABIR1","SLC24A2"
"BTK","MAPK3","PARK7"
"BTK","AKT3","PARK7"
"BTK","CHUK","PARK7"
"BTK","AKT2","PARK7"
"BTK","PTEN","PARK7"
"BTK","PRKCQ","PARK7"
"BTK","MTOR","PARK7"
"BTK","PRKG1","PARK7"
"BTK","CCP110","PARK7"
"BTK","RPS6K","PARK7"
"BTK","CALM2","PARK7"
"BTK","ERK1/2","PARK7"
"BTK","Gbeta","PARK7"
"BTK","LCK","PARK7"
"BTK","CDK9","PARK7"
"BTK","ABL1","PARK7"
"BTK","RPS6KA5","PARK7"
"BTK","WNK1","PARK7"
"BTK","PDPK1","PARK7"
"BTK","SGK1","PARK7"
"BTK","MAP2K1","PARK7"
"BTK","PRKCB","PARK7"
"BTK","PRKCG","PARK7"
"BTK","PRKCZ","PARK7"
"BTK","CyclinD/CDK4","PARK7"
"BTK","MAP3K1","PARK7"
"BTK","MAP3K7","PARK7"
"BTK","AKT","PARK7"
"BTK","IKBKB","PARK7"
"BTK","WWTR1","PARK7"
"BTK","DOK1","PARK7"
"BTK","MAP3K4","PARK7"
"BTK","DAPK1","PARK7"
"BTK","PXN","PARK7"
"BTK","FGG","PARK7"
"BTK","LEPR","PARK7"
"BTK","ITK","PARK7"
"BTK","RPS6KA3","PARK7"
"BTK","BCL3","PARK7"
"BTK","DVL1","PARK7"
"BTK","FZR1","PARK7"
"BTK","GRB2","PARK7"
"BTK","VCPIP1","PARK7"
"BTK","ATR","PARK7"
"BTK","SGK3","PARK7"
"BTK","PTK6","PARK7"
"BTK","IKBKE","PARK7"
"BTK","CCND1","PARK7"
"BTK","ILK","PARK7"
"BTK","STAP1","PARK7"
"BTK","TBK1","PARK7"
"BTK","SPRED1","PARK7"
"BTK","MEK1/2","PARK7"
"BTK","PTPN7","PARK7"
"BTK","CALM1","PARK7"
"BTK","FADD","PARK7"
"BTK","STK38","PARK7"
"BTK","TLK1","PARK7"
"BTK","C9orf72","PARK7"
"BTK","CDKN2A","PARK7"
"BTK","MAP4K1","PARK7"
"BTK","RET","PARK7"
"BTK","DDX41","PARK7"
"BTK","IKK-complex","PARK7"
"BTK","SHC1","PARK7"
"BTK","RPS6KA4","PARK7"
"BTK","NTRK1","PARK7"
"BTK","GPSM3","PARK7"
"BTK","RELA","PARK7"
"BTK","MAPKAPK5","PARK7"
"BTK","EPHA2","PARK7"
"BTK","MAP3K8","PARK7"
"BTK","PTPRR","PARK7"
"BTK","CDKN1B","PARK7"
"BTK","FBLIM1","PARK7"
"BTK","TEC","PARK7"
"BTK","VCP","PARK7"
"BTK","GRIP1","PARK7"
"BTK","TMIGD2","PARK7"
"BTK","CCR2","PARK7"
"BTK","STIP1","PARK7"
"BTK","PSTPIP1","PARK7"
"BTK","ARRB2","PARK7"
"BTK","TRAF3","PARK7"
"BTK","CRTC2","PARK7"
"BTK","CD28","PARK7"
"BTK","INPP5D","PARK7"
"BTK","FRS2","PARK7"
"BTK","CCNE1","PARK7"
"BTK","IMPDH2","PARK7"
"BTK","SET","PARK7"
"BTK","PIK3CG","PARK7"
"BTK","SH2B2","PARK7"
"BTK","TRPV1","PARK7"
"BTK","PPP1R14A","PARK7"
"BTK","BCL10","PARK7"
"BTK","PIK3R6","PARK7"
"BTK","MRE11","PARK7"
"BTK","HDAC2","PARK7"
"BTK","KSR1","PARK7"
"BTK","DDX58","PARK7"
"BTK","UBXN2B","PARK7"
"BTK","MST1R","PARK7"
"BTK","ROR2","PARK7"
"BTK","ABI1","PARK7"
"BTK","IFIH1","PARK7"
"BTK","RAD50","PARK7"
"BTK","TTI1","PARK7"
"BTK","WDFY3","PARK7"
"BTK","LRP6","PARK7"
"BTK","GRB14","PARK7"
"BTK","HOXB7","PARK7"
"BTK","PIK3C3","PARK7"
"BTK","RND1","PARK7"
"BTK","STING1","PARK7"
"BTK","SPEN","PARK7"
"BTK","NFKB1","PARK7"
"BTK","CTDP1","PARK7"
"BTK","TELO2","PARK7"
"BTK","BLVRA","PARK7"
"BTK","CLSPN","PARK7"
"BTK","MAPKAP1","PARK7"
"BTK","GRB7","PARK7"
"BTK","BAZ1B","PARK7"
"BTK","PLCG2","PARK7"
"BTK","RBL2","PARK7"
"BTK","PPP1R14B","PARK7"
"BTK","PABIR1","PARK7"
"BTK","MAPK3","STAT1/STAT3"
"BTK","AKT3","STAT1/STAT3"
"BTK","CHUK","STAT1/STAT3"
"BTK","AKT2","STAT1/STAT3"
"BTK","PTEN","STAT1/STAT3"
"BTK","PRKCQ","STAT1/STAT3"
"BTK","MTOR","STAT1/STAT3"
"BTK","AKT1","STAT1/STAT3"
"BTK","PRKG1","STAT1/STAT3"
"BTK","CCP110","STAT1/STAT3"
"BTK","RPS6K","STAT1/STAT3"
"BTK","CALM2","STAT1/STAT3"
"BTK","ERK1/2","STAT1/STAT3"
"BTK","Gbeta","STAT1/STAT3"
"BTK","LCK","STAT1/STAT3"
"BTK","CDK9","STAT1/STAT3"
"BTK","ABL1","STAT1/STAT3"
"BTK","RPS6KA5","STAT1/STAT3"
"BTK","WNK1","STAT1/STAT3"
"BTK","PDPK1","STAT1/STAT3"
"BTK","SGK1","STAT1/STAT3"
"BTK","MAP2K1","STAT1/STAT3"
"BTK","PRKCB","STAT1/STAT3"
"BTK","PRKCG","STAT1/STAT3"
"BTK","PRKCZ","STAT1/STAT3"
"BTK","CyclinD/CDK4","STAT1/STAT3"
"BTK","MAP3K1","STAT1/STAT3"
"BTK","MAP3K7","STAT1/STAT3"
"BTK","AKT","STAT1/STAT3"
"BTK","IKBKB","STAT1/STAT3"
"BTK","WWTR1","STAT1/STAT3"
"BTK","DOK1","STAT1/STAT3"
"BTK","MAP3K4","STAT1/STAT3"
"BTK","DAPK1","STAT1/STAT3"
"BTK","PXN","STAT1/STAT3"
"BTK","FGG","STAT1/STAT3"
"BTK","LEPR","STAT1/STAT3"
"BTK","ITK","STAT1/STAT3"
"BTK","RPS6KA3","STAT1/STAT3"
"BTK","BCL3","STAT1/STAT3"
"BTK","DVL1","STAT1/STAT3"
"BTK","FZR1","STAT1/STAT3"
"BTK","GRB2","STAT1/STAT3"
"BTK","VCPIP1","STAT1/STAT3"
"BTK","ATR","STAT1/STAT3"
"BTK","SGK3","STAT1/STAT3"
"BTK","PTK6","STAT1/STAT3"
"BTK","IKBKE","STAT1/STAT3"
"BTK","CCND1","STAT1/STAT3"
"BTK","ILK","STAT1/STAT3"
"BTK","TBK1","STAT1/STAT3"
"BTK","SPRED1","STAT1/STAT3"
"BTK","MEK1/2","STAT1/STAT3"
"BTK","PTPN7","STAT1/STAT3"
"BTK","CALM1","STAT1/STAT3"
"BTK","FADD","STAT1/STAT3"
"BTK","STK38","STAT1/STAT3"
"BTK","TLK1","STAT1/STAT3"
"BTK","C9orf72","STAT1/STAT3"
"BTK","CDKN2A","STAT1/STAT3"
"BTK","MAP4K1","STAT1/STAT3"
"BTK","RET","STAT1/STAT3"
"BTK","DDX41","STAT1/STAT3"
"BTK","IKK-complex","STAT1/STAT3"
"BTK","SHC1","STAT1/STAT3"
"BTK","RPS6KA4","STAT1/STAT3"
"BTK","NTRK1","STAT1/STAT3"
"BTK","GPSM3","STAT1/STAT3"
"BTK","RELA","STAT1/STAT3"
"BTK","MAPKAPK5","STAT1/STAT3"
"BTK","EPHA2","STAT1/STAT3"
"BTK","MAP3K8","STAT1/STAT3"
"BTK","PTPRR","STAT1/STAT3"
"BTK","CDKN1B","STAT1/STAT3"
"BTK","FBLIM1","STAT1/STAT3"
"BTK","VCP","STAT1/STAT3"
"BTK","GRIP1","STAT1/STAT3"
"BTK","TMIGD2","STAT1/STAT3"
"BTK","CCR2","STAT1/STAT3"
"BTK","STIP1","STAT1/STAT3"
"BTK","PSTPIP1","STAT1/STAT3"
"BTK","ARRB2","STAT1/STAT3"
"BTK","TRAF3","STAT1/STAT3"
"BTK","CRTC2","STAT1/STAT3"
"BTK","CD28","STAT1/STAT3"
"BTK","INPP5D","STAT1/STAT3"
"BTK","FRS2","STAT1/STAT3"
"BTK","CCNE1","STAT1/STAT3"
"BTK","IMPDH2","STAT1/STAT3"
"BTK","SET","STAT1/STAT3"
"BTK","PIK3CG","STAT1/STAT3"
"BTK","SH2B2","STAT1/STAT3"
"BTK","TRPV1","STAT1/STAT3"
"BTK","PPP1R14A","STAT1/STAT3"
"BTK","BCL10","STAT1/STAT3"
"BTK","PIK3R6","STAT1/STAT3"
"BTK","MRE11","STAT1/STAT3"
"BTK","HDAC2","STAT1/STAT3"
"BTK","KSR1","STAT1/STAT3"
"BTK","DDX58","STAT1/STAT3"
"BTK","UBXN2B","STAT1/STAT3"
"BTK","MST1R","STAT1/STAT3"
"BTK","ROR2","STAT1/STAT3"
"BTK","ABI1","STAT1/STAT3"
"BTK","IFIH1","STAT1/STAT3"
"BTK","RAD50","STAT1/STAT3"
"BTK","TTI1","STAT1/STAT3"
"BTK","WDFY3","STAT1/STAT3"
"BTK","LRP6","STAT1/STAT3"
"BTK","GRB14","STAT1/STAT3"
"BTK","HOXB7","STAT1/STAT3"
"BTK","PIK3C3","STAT1/STAT3"
"BTK","RND1","STAT1/STAT3"
"BTK","STING1","STAT1/STAT3"
"BTK","SPEN","STAT1/STAT3"
"BTK","NFKB1","STAT1/STAT3"
"BTK","CTDP1","STAT1/STAT3"
"BTK","TELO2","STAT1/STAT3"
"BTK","BLVRA","STAT1/STAT3"
"BTK","CLSPN","STAT1/STAT3"
"BTK","MAPKAP1","STAT1/STAT3"
"BTK","GRB7","STAT1/STAT3"
"BTK","BAZ1B","STAT1/STAT3"
"BTK","PLCG2","STAT1/STAT3"
"BTK","RBL2","STAT1/STAT3"
"BTK","PPP1R14B","STAT1/STAT3"
"BTK","PABIR1","STAT1/STAT3"
"BTK","MAPK3","USP4"
"BTK","AKT3","USP4"
"BTK","CHUK","USP4"
"BTK","AKT2","USP4"
"BTK","PTEN","USP4"
"BTK","PRKCQ","USP4"
"BTK","MTOR","USP4"
"BTK","PRKG1","USP4"
"BTK","CCP110","USP4"
"BTK","RPS6K","USP4"
"BTK","CALM2","USP4"
"BTK","ERK1/2","USP4"
"BTK","Gbeta","USP4"
"BTK","LCK","USP4"
"BTK","CDK9","USP4"
"BTK","ABL1","USP4"
"BTK","RPS6KA5","USP4"
"BTK","WNK1","USP4"
"BTK","PDPK1","USP4"
"BTK","SGK1","USP4"
"BTK","MAP2K1","USP4"
"BTK","PRKCB","USP4"
"BTK","PRKCG","USP4"
"BTK","PRKCZ","USP4"
"BTK","CyclinD/CDK4","USP4"
"BTK","MAP3K1","USP4"
"BTK","MAP3K7","USP4"
"BTK","AKT","USP4"
"BTK","IKBKB","USP4"
"BTK","WWTR1","USP4"
"BTK","DOK1","USP4"
"BTK","MAP3K4","USP4"
"BTK","DAPK1","USP4"
"BTK","PXN","USP4"
"BTK","FGG","USP4"
"BTK","LEPR","USP4"
"BTK","ITK","USP4"
"BTK","RPS6KA3","USP4"
"BTK","BCL3","USP4"
"BTK","DVL1","USP4"
"BTK","FZR1","USP4"
"BTK","GRB2","USP4"
"BTK","VCPIP1","USP4"
"BTK","ATR","USP4"
"BTK","SGK3","USP4"
"BTK","PTK6","USP4"
"BTK","IKBKE","USP4"
"BTK","CCND1","USP4"
"BTK","ILK","USP4"
"BTK","STAP1","USP4"
"BTK","TBK1","USP4"
"BTK","SPRED1","USP4"
"BTK","MEK1/2","USP4"
"BTK","PTPN7","USP4"
"BTK","CALM1","USP4"
"BTK","FADD","USP4"
"BTK","STK38","USP4"
"BTK","TLK1","USP4"
"BTK","C9orf72","USP4"
"BTK","CDKN2A","USP4"
"BTK","MAP4K1","USP4"
"BTK","RET","USP4"
"BTK","DDX41","USP4"
"BTK","IKK-complex","USP4"
"BTK","SHC1","USP4"
"BTK","RPS6KA4","USP4"
"BTK","NTRK1","USP4"
"BTK","GPSM3","USP4"
"BTK","RELA","USP4"
"BTK","MAPKAPK5","USP4"
"BTK","EPHA2","USP4"
"BTK","MAP3K8","USP4"
"BTK","PTPRR","USP4"
"BTK","CDKN1B","USP4"
"BTK","FBLIM1","USP4"
"BTK","TEC","USP4"
"BTK","VCP","USP4"
"BTK","GRIP1","USP4"
"BTK","TMIGD2","USP4"
"BTK","CCR2","USP4"
"BTK","STIP1","USP4"
"BTK","PSTPIP1","USP4"
"BTK","ARRB2","USP4"
"BTK","TRAF3","USP4"
"BTK","CRTC2","USP4"
"BTK","CD28","USP4"
"BTK","INPP5D","USP4"
"BTK","FRS2","USP4"
"BTK","CCNE1","USP4"
"BTK","IMPDH2","USP4"
"BTK","SET","USP4"
"BTK","PIK3CG","USP4"
"BTK","SH2B2","USP4"
"BTK","TRPV1","USP4"
"BTK","PPP1R14A","USP4"
"BTK","BCL10","USP4"
"BTK","PIK3R6","USP4"
"BTK","MRE11","USP4"
"BTK","HDAC2","USP4"
"BTK","KSR1","USP4"
"BTK","DDX58","USP4"
"BTK","UBXN2B","USP4"
"BTK","MST1R","USP4"
"BTK","ROR2","USP4"
"BTK","ABI1","USP4"
"BTK","IFIH1","USP4"
"BTK","RAD50","USP4"
"BTK","TTI1","USP4"
"BTK","WDFY3","USP4"
"BTK","LRP6","USP4"
"BTK","GRB14","USP4"
"BTK","HOXB7","USP4"
"BTK","PIK3C3","USP4"
"BTK","RND1","USP4"
"BTK","STING1","USP4"
"BTK","SPEN","USP4"
"BTK","NFKB1","USP4"
"BTK","CTDP1","USP4"
"BTK","TELO2","USP4"
"BTK","BLVRA","USP4"
"BTK","CLSPN","USP4"
"BTK","MAPKAP1","USP4"
"BTK","GRB7","USP4"
"BTK","BAZ1B","USP4"
"BTK","PLCG2","USP4"
"BTK","RBL2","USP4"
"BTK","PPP1R14B","USP4"
"BTK","PABIR1","USP4"
"BTK","ITK","PKIA"
"BTK","MAPK3","PRPH"
"BTK","AKT3","PRPH"
"BTK","CHUK","PRPH"
"BTK","AKT2","PRPH"
"BTK","PTEN","PRPH"
"BTK","PRKCQ","PRPH"
"BTK","MTOR","PRPH"
"BTK","AKT1","PRPH"
"BTK","PRKG1","PRPH"
"BTK","CCP110","PRPH"
"BTK","RPS6K","PRPH"
"BTK","CALM2","PRPH"
"BTK","ERK1/2","PRPH"
"BTK","Gbeta","PRPH"
"BTK","LCK","PRPH"
"BTK","CDK9","PRPH"
"BTK","ABL1","PRPH"
"BTK","RPS6KA5","PRPH"
"BTK","WNK1","PRPH"
"BTK","PDPK1","PRPH"
"BTK","SGK1","PRPH"
"BTK","MAP2K1","PRPH"
"BTK","PRKCB","PRPH"
"BTK","PRKCG","PRPH"
"BTK","PRKCZ","PRPH"
"BTK","CyclinD/CDK4","PRPH"
"BTK","MAP3K1","PRPH"
"BTK","MAP3K7","PRPH"
"BTK","IKBKB","PRPH"
"BTK","WWTR1","PRPH"
"BTK","DOK1","PRPH"
"BTK","MAP3K4","PRPH"
"BTK","DAPK1","PRPH"
"BTK","PXN","PRPH"
"BTK","FGG","PRPH"
"BTK","LEPR","PRPH"
"BTK","ITK","PRPH"
"BTK","RPS6KA3","PRPH"
"BTK","BCL3","PRPH"
"BTK","DVL1","PRPH"
"BTK","FZR1","PRPH"
"BTK","GRB2","PRPH"
"BTK","VCPIP1","PRPH"
"BTK","ATR","PRPH"
"BTK","SGK3","PRPH"
"BTK","PTK6","PRPH"
"BTK","IKBKE","PRPH"
"BTK","CCND1","PRPH"
"BTK","ILK","PRPH"
"BTK","STAP1","PRPH"
"BTK","TBK1","PRPH"
"BTK","SPRED1","PRPH"
"BTK","MEK1/2","PRPH"
"BTK","PTPN7","PRPH"
"BTK","CALM1","PRPH"
"BTK","FADD","PRPH"
"BTK","STK38","PRPH"
"BTK","TLK1","PRPH"
"BTK","C9orf72","PRPH"
"BTK","CDKN2A","PRPH"
"BTK","MAP4K1","PRPH"
"BTK","RET","PRPH"
"BTK","DDX41","PRPH"
"BTK","IKK-complex","PRPH"
"BTK","SHC1","PRPH"
"BTK","RPS6KA4","PRPH"
"BTK","NTRK1","PRPH"
"BTK","GPSM3","PRPH"
"BTK","RELA","PRPH"
"BTK","MAPKAPK5","PRPH"
"BTK","EPHA2","PRPH"
"BTK","MAP3K8","PRPH"
"BTK","PTPRR","PRPH"
"BTK","CDKN1B","PRPH"
"BTK","FBLIM1","PRPH"
"BTK","TEC","PRPH"
"BTK","VCP","PRPH"
"BTK","GRIP1","PRPH"
"BTK","TMIGD2","PRPH"
"BTK","CCR2","PRPH"
"BTK","STIP1","PRPH"
"BTK","PSTPIP1","PRPH"
"BTK","ARRB2","PRPH"
"BTK","TRAF3","PRPH"
"BTK","CRTC2","PRPH"
"BTK","CD28","PRPH"
"BTK","INPP5D","PRPH"
"BTK","FRS2","PRPH"
"BTK","CCNE1","PRPH"
"BTK","IMPDH2","PRPH"
"BTK","SET","PRPH"
"BTK","PIK3CG","PRPH"
"BTK","SH2B2","PRPH"
"BTK","TRPV1","PRPH"
"BTK","PPP1R14A","PRPH"
"BTK","BCL10","PRPH"
"BTK","PIK3R6","PRPH"
"BTK","MRE11","PRPH"
"BTK","HDAC2","PRPH"
"BTK","KSR1","PRPH"
"BTK","DDX58","PRPH"
"BTK","UBXN2B","PRPH"
"BTK","MST1R","PRPH"
"BTK","ROR2","PRPH"
"BTK","ABI1","PRPH"
"BTK","IFIH1","PRPH"
"BTK","RAD50","PRPH"
"BTK","TTI1","PRPH"
"BTK","WDFY3","PRPH"
"BTK","LRP6","PRPH"
"BTK","GRB14","PRPH"
"BTK","HOXB7","PRPH"
"BTK","PIK3C3","PRPH"
"BTK","RND1","PRPH"
"BTK","STING1","PRPH"
"BTK","SPEN","PRPH"
"BTK","NFKB1","PRPH"
"BTK","CTDP1","PRPH"
"BTK","TELO2","PRPH"
"BTK","BLVRA","PRPH"
"BTK","CLSPN","PRPH"
"BTK","MAPKAP1","PRPH"
"BTK","GRB7","PRPH"
"BTK","BAZ1B","PRPH"
"BTK","PLCG2","PRPH"
"BTK","RBL2","PRPH"
"BTK","PPP1R14B","PRPH"
"BTK","PABIR1","PRPH"
"BTK","MAPK3","JUNB"
"BTK","AKT3","JUNB"
"BTK","CHUK","JUNB"
"BTK","AKT2","JUNB"
"BTK","PTEN","JUNB"
"BTK","PRKCQ","JUNB"
"BTK","MTOR","JUNB"
"BTK","AKT1","JUNB"
"BTK","PRKG1","JUNB"
"BTK","CCP110","JUNB"
"BTK","RPS6K","JUNB"
"BTK","CALM2","JUNB"
"BTK","ERK1/2","JUNB"
"BTK","Gbeta","JUNB"
"BTK","LCK","JUNB"
"BTK","CDK9","JUNB"
"BTK","ABL1","JUNB"
"BTK","RPS6KA5","JUNB"
"BTK","WNK1","JUNB"
"BTK","PDPK1","JUNB"
"BTK","SGK1","JUNB"
"BTK","MAP2K1","JUNB"
"BTK","PRKCB","JUNB"
"BTK","PRKCG","JUNB"
"BTK","PRKCZ","JUNB"
"BTK","CyclinD/CDK4","JUNB"
"BTK","MAP3K1","JUNB"
"BTK","MAP3K7","JUNB"
"BTK","AKT","JUNB"
"BTK","IKBKB","JUNB"
"BTK","WWTR1","JUNB"
"BTK","DOK1","JUNB"
"BTK","MAP3K4","JUNB"
"BTK","DAPK1","JUNB"
"BTK","PXN","JUNB"
"BTK","FGG","JUNB"
"BTK","LEPR","JUNB"
"BTK","ITK","JUNB"
"BTK","RPS6KA3","JUNB"
"BTK","BCL3","JUNB"
"BTK","DVL1","JUNB"
"BTK","FZR1","JUNB"
"BTK","GRB2","JUNB"
"BTK","VCPIP1","JUNB"
"BTK","ATR","JUNB"
"BTK","SGK3","JUNB"
"BTK","PTK6","JUNB"
"BTK","IKBKE","JUNB"
"BTK","CCND1","JUNB"
"BTK","ILK","JUNB"
"BTK","STAP1","JUNB"
"BTK","TBK1","JUNB"
"BTK","SPRED1","JUNB"
"BTK","MEK1/2","JUNB"
"BTK","PTPN7","JUNB"
"BTK","CALM1","JUNB"
"BTK","FADD","JUNB"
"BTK","STK38","JUNB"
"BTK","TLK1","JUNB"
"BTK","C9orf72","JUNB"
"BTK","CDKN2A","JUNB"
"BTK","MAP4K1","JUNB"
"BTK","RET","JUNB"
"BTK","DDX41","JUNB"
"BTK","IKK-complex","JUNB"
"BTK","SHC1","JUNB"
"BTK","RPS6KA4","JUNB"
"BTK","NTRK1","JUNB"
"BTK","GPSM3","JUNB"
"BTK","RELA","JUNB"
"BTK","MAPKAPK5","JUNB"
"BTK","EPHA2","JUNB"
"BTK","MAP3K8","JUNB"
"BTK","PTPRR","JUNB"
"BTK","CDKN1B","JUNB"
"BTK","FBLIM1","JUNB"
"BTK","TEC","JUNB"
"BTK","VCP","JUNB"
"BTK","GRIP1","JUNB"
"BTK","TMIGD2","JUNB"
"BTK","CCR2","JUNB"
"BTK","STIP1","JUNB"
"BTK","PSTPIP1","JUNB"
"BTK","ARRB2","JUNB"
"BTK","TRAF3","JUNB"
"BTK","CRTC2","JUNB"
"BTK","CD28","JUNB"
"BTK","INPP5D","JUNB"
"BTK","FRS2","JUNB"
"BTK","CCNE1","JUNB"
"BTK","IMPDH2","JUNB"
"BTK","SET","JUNB"
"BTK","PIK3CG","JUNB"
"BTK","SH2B2","JUNB"
"BTK","TRPV1","JUNB"
"BTK","PPP1R14A","JUNB"
"BTK","BCL10","JUNB"
"BTK","PIK3R6","JUNB"
"BTK","MRE11","JUNB"
"BTK","HDAC2","JUNB"
"BTK","KSR1","JUNB"
"BTK","DDX58","JUNB"
"BTK","UBXN2B","JUNB"
"BTK","MST1R","JUNB"
"BTK","ROR2","JUNB"
"BTK","ABI1","JUNB"
"BTK","IFIH1","JUNB"
"BTK","RAD50","JUNB"
"BTK","TTI1","JUNB"
"BTK","WDFY3","JUNB"
"BTK","LRP6","JUNB"
"BTK","GRB14","JUNB"
"BTK","HOXB7","JUNB"
"BTK","PIK3C3","JUNB"
"BTK","RND1","JUNB"
"BTK","STING1","JUNB"
"BTK","SPEN","JUNB"
"BTK","NFKB1","JUNB"
"BTK","CTDP1","JUNB"
"BTK","TELO2","JUNB"
"BTK","BLVRA","JUNB"
"BTK","CLSPN","JUNB"
"BTK","MAPKAP1","JUNB"
"BTK","GRB7","JUNB"
"BTK","BAZ1B","JUNB"
"BTK","PLCG2","JUNB"
"BTK","RBL2","JUNB"
"BTK","PPP1R14B","JUNB"
"BTK","PABIR1","JUNB"
"BTK","MAPK3","PAX8"
"BTK","AKT3","PAX8"
"BTK","CHUK","PAX8"
"BTK","AKT2","PAX8"
"BTK","PTEN","PAX8"
"BTK","PRKCQ","PAX8"
"BTK","MTOR","PAX8"
"BTK","AKT1","PAX8"
"BTK","PRKG1","PAX8"
"BTK","CCP110","PAX8"
"BTK","RPS6K","PAX8"
"BTK","CALM2","PAX8"
"BTK","ERK1/2","PAX8"
"BTK","Gbeta","PAX8"
"BTK","LCK","PAX8"
"BTK","CDK9","PAX8"
"BTK","ABL1","PAX8"
"BTK","RPS6KA5","PAX8"
"BTK","WNK1","PAX8"
"BTK","PDPK1","PAX8"
"BTK","SGK1","PAX8"
"BTK","MAP2K1","PAX8"
"BTK","PRKCB","PAX8"
"BTK","PRKCG","PAX8"
"BTK","PRKCZ","PAX8"
"BTK","CyclinD/CDK4","PAX8"
"BTK","MAP3K1","PAX8"
"BTK","MAP3K7","PAX8"
"BTK","AKT","PAX8"
"BTK","IKBKB","PAX8"
"BTK","WWTR1","PAX8"
"BTK","DOK1","PAX8"
"BTK","MAP3K4","PAX8"
"BTK","DAPK1","PAX8"
"BTK","PXN","PAX8"
"BTK","FGG","PAX8"
"BTK","LEPR","PAX8"
"BTK","ITK","PAX8"
"BTK","RPS6KA3","PAX8"
"BTK","BCL3","PAX8"
"BTK","DVL1","PAX8"
"BTK","FZR1","PAX8"
"BTK","GRB2","PAX8"
"BTK","VCPIP1","PAX8"
"BTK","ATR","PAX8"
"BTK","SGK3","PAX8"
"BTK","PTK6","PAX8"
"BTK","IKBKE","PAX8"
"BTK","CCND1","PAX8"
"BTK","ILK","PAX8"
"BTK","STAP1","PAX8"
"BTK","TBK1","PAX8"
"BTK","SPRED1","PAX8"
"BTK","MEK1/2","PAX8"
"BTK","PTPN7","PAX8"
"BTK","CALM1","PAX8"
"BTK","FADD","PAX8"
"BTK","STK38","PAX8"
"BTK","TLK1","PAX8"
"BTK","C9orf72","PAX8"
"BTK","CDKN2A","PAX8"
"BTK","MAP4K1","PAX8"
"BTK","RET","PAX8"
"BTK","DDX41","PAX8"
"BTK","IKK-complex","PAX8"
"BTK","SHC1","PAX8"
"BTK","RPS6KA4","PAX8"
"BTK","NTRK1","PAX8"
"BTK","GPSM3","PAX8"
"BTK","RELA","PAX8"
"BTK","MAPKAPK5","PAX8"
"BTK","EPHA2","PAX8"
"BTK","MAP3K8","PAX8"
"BTK","PTPRR","PAX8"
"BTK","CDKN1B","PAX8"
"BTK","FBLIM1","PAX8"
"BTK","TEC","PAX8"
"BTK","VCP","PAX8"
"BTK","GRIP1","PAX8"
"BTK","TMIGD2","PAX8"
"BTK","CCR2","PAX8"
"BTK","STIP1","PAX8"
"BTK","PSTPIP1","PAX8"
"BTK","ARRB2","PAX8"
"BTK","TRAF3","PAX8"
"BTK","CRTC2","PAX8"
"BTK","CD28","PAX8"
"BTK","INPP5D","PAX8"
"BTK","FRS2","PAX8"
"BTK","CCNE1","PAX8"
"BTK","IMPDH2","PAX8"
"BTK","SET","PAX8"
"BTK","PIK3CG","PAX8"
"BTK","SH2B2","PAX8"
"BTK","TRPV1","PAX8"
"BTK","PPP1R14A","PAX8"
"BTK","BCL10","PAX8"
"BTK","PIK3R6","PAX8"
"BTK","MRE11","PAX8"
"BTK","HDAC2","PAX8"
"BTK","KSR1","PAX8"
"BTK","DDX58","PAX8"
"BTK","UBXN2B","PAX8"
"BTK","MST1R","PAX8"
"BTK","ROR2","PAX8"
"BTK","ABI1","PAX8"
"BTK","IFIH1","PAX8"
"BTK","RAD50","PAX8"
"BTK","TTI1","PAX8"
"BTK","WDFY3","PAX8"
"BTK","LRP6","PAX8"
"BTK","GRB14","PAX8"
"BTK","HOXB7","PAX8"
"BTK","PIK3C3","PAX8"
"BTK","RND1","PAX8"
"BTK","STING1","PAX8"
"BTK","SPEN","PAX8"
"BTK","NFKB1","PAX8"
"BTK","CTDP1","PAX8"
"BTK","TELO2","PAX8"
"BTK","BLVRA","PAX8"
"BTK","CLSPN","PAX8"
"BTK","MAPKAP1","PAX8"
"BTK","GRB7","PAX8"
"BTK","BAZ1B","PAX8"
"BTK","PLCG2","PAX8"
"BTK","RBL2","PAX8"
"BTK","PPP1R14B","PAX8"
"BTK","PABIR1","PAX8"
"BTK","MAPK3","RALBP1"
"BTK","AKT3","RALBP1"
"BTK","CHUK","RALBP1"
"BTK","AKT2","RALBP1"
"BTK","PTEN","RALBP1"
"BTK","PRKCQ","RALBP1"
"BTK","MTOR","RALBP1"
"BTK","AKT1","RALBP1"
"BTK","PRKG1","RALBP1"
"BTK","CCP110","RALBP1"
"BTK","RPS6K","RALBP1"
"BTK","CALM2","RALBP1"
"BTK","ERK1/2","RALBP1"
"BTK","Gbeta","RALBP1"
"BTK","LCK","RALBP1"
"BTK","CDK9","RALBP1"
"BTK","ABL1","RALBP1"
"BTK","RPS6KA5","RALBP1"
"BTK","WNK1","RALBP1"
"BTK","PDPK1","RALBP1"
"BTK","SGK1","RALBP1"
"BTK","MAP2K1","RALBP1"
"BTK","PRKCB","RALBP1"
"BTK","PRKCG","RALBP1"
"BTK","PRKCZ","RALBP1"
"BTK","CyclinD/CDK4","RALBP1"
"BTK","MAP3K1","RALBP1"
"BTK","MAP3K7","RALBP1"
"BTK","AKT","RALBP1"
"BTK","IKBKB","RALBP1"
"BTK","WWTR1","RALBP1"
"BTK","DOK1","RALBP1"
"BTK","MAP3K4","RALBP1"
"BTK","DAPK1","RALBP1"
"BTK","PXN","RALBP1"
"BTK","FGG","RALBP1"
"BTK","LEPR","RALBP1"
"BTK","RPS6KA3","RALBP1"
"BTK","BCL3","RALBP1"
"BTK","DVL1","RALBP1"
"BTK","FZR1","RALBP1"
"BTK","GRB2","RALBP1"
"BTK","VCPIP1","RALBP1"
"BTK","ATR","RALBP1"
"BTK","SGK3","RALBP1"
"BTK","PTK6","RALBP1"
"BTK","IKBKE","RALBP1"
"BTK","CCND1","RALBP1"
"BTK","ILK","RALBP1"
"BTK","STAP1","RALBP1"
"BTK","TBK1","RALBP1"
"BTK","SPRED1","RALBP1"
"BTK","MEK1/2","RALBP1"
"BTK","PTPN7","RALBP1"
"BTK","CALM1","RALBP1"
"BTK","FADD","RALBP1"
"BTK","STK38","RALBP1"
"BTK","TLK1","RALBP1"
"BTK","C9orf72","RALBP1"
"BTK","CDKN2A","RALBP1"
"BTK","MAP4K1","RALBP1"
"BTK","RET","RALBP1"
"BTK","DDX41","RALBP1"
"BTK","IKK-complex","RALBP1"
"BTK","SHC1","RALBP1"
"BTK","RPS6KA4","RALBP1"
"BTK","NTRK1","RALBP1"
"BTK","GPSM3","RALBP1"
"BTK","RELA","RALBP1"
"BTK","MAPKAPK5","RALBP1"
"BTK","EPHA2","RALBP1"
"BTK","MAP3K8","RALBP1"
"BTK","PTPRR","RALBP1"
"BTK","CDKN1B","RALBP1"
"BTK","FBLIM1","RALBP1"
"BTK","VCP","RALBP1"
"BTK","GRIP1","RALBP1"
"BTK","TMIGD2","RALBP1"
"BTK","CCR2","RALBP1"
"BTK","STIP1","RALBP1"
"BTK","PSTPIP1","RALBP1"
"BTK","ARRB2","RALBP1"
"BTK","TRAF3","RALBP1"
"BTK","CRTC2","RALBP1"
"BTK","CD28","RALBP1"
"BTK","INPP5D","RALBP1"
"BTK","FRS2","RALBP1"
"BTK","CCNE1","RALBP1"
"BTK","IMPDH2","RALBP1"
"BTK","SET","RALBP1"
"BTK","PIK3CG","RALBP1"
"BTK","SH2B2","RALBP1"
"BTK","TRPV1","RALBP1"
"BTK","PPP1R14A","RALBP1"
"BTK","BCL10","RALBP1"
"BTK","PIK3R6","RALBP1"
"BTK","MRE11","RALBP1"
"BTK","HDAC2","RALBP1"
"BTK","KSR1","RALBP1"
"BTK","DDX58","RALBP1"
"BTK","UBXN2B","RALBP1"
"BTK","MST1R","RALBP1"
"BTK","ROR2","RALBP1"
"BTK","ABI1","RALBP1"
"BTK","IFIH1","RALBP1"
"BTK","RAD50","RALBP1"
"BTK","TTI1","RALBP1"
"BTK","WDFY3","RALBP1"
"BTK","LRP6","RALBP1"
"BTK","GRB14","RALBP1"
"BTK","HOXB7","RALBP1"
"BTK","PIK3C3","RALBP1"
"BTK","RND1","RALBP1"
"BTK","STING1","RALBP1"
"BTK","SPEN","RALBP1"
"BTK","NFKB1","RALBP1"
"BTK","CTDP1","RALBP1"
"BTK","TELO2","RALBP1"
"BTK","BLVRA","RALBP1"
"BTK","CLSPN","RALBP1"
"BTK","MAPKAP1","RALBP1"
"BTK","GRB7","RALBP1"
"BTK","BAZ1B","RALBP1"
"BTK","PLCG2","RALBP1"
"BTK","RBL2","RALBP1"
"BTK","PPP1R14B","RALBP1"
"BTK","PABIR1","RALBP1"
"BTK","MAPK3","ACTG1"
"BTK","AKT3","ACTG1"
"BTK","CHUK","ACTG1"
"BTK","AKT2","ACTG1"
"BTK","PTEN","ACTG1"
"BTK","PRKCQ","ACTG1"
"BTK","MTOR","ACTG1"
"BTK","AKT1","ACTG1"
"BTK","PRKG1","ACTG1"
"BTK","CCP110","ACTG1"
"BTK","RPS6K","ACTG1"
"BTK","CALM2","ACTG1"
"BTK","ERK1/2","ACTG1"
"BTK","Gbeta","ACTG1"
"BTK","LCK","ACTG1"
"BTK","CDK9","ACTG1"
"BTK","ABL1","ACTG1"
"BTK","RPS6KA5","ACTG1"
"BTK","WNK1","ACTG1"
"BTK","PDPK1","ACTG1"
"BTK","SGK1","ACTG1"
"BTK","MAP2K1","ACTG1"
"BTK","PRKCB","ACTG1"
"BTK","PRKCG","ACTG1"
"BTK","PRKCZ","ACTG1"
"BTK","CyclinD/CDK4","ACTG1"
"BTK","MAP3K1","ACTG1"
"BTK","MAP3K7","ACTG1"
"BTK","AKT","ACTG1"
"BTK","IKBKB","ACTG1"
"BTK","WWTR1","ACTG1"
"BTK","DOK1","ACTG1"
"BTK","MAP3K4","ACTG1"
"BTK","DAPK1","ACTG1"
"BTK","PXN","ACTG1"
"BTK","FGG","ACTG1"
"BTK","LEPR","ACTG1"
"BTK","RPS6KA3","ACTG1"
"BTK","BCL3","ACTG1"
"BTK","DVL1","ACTG1"
"BTK","FZR1","ACTG1"
"BTK","GRB2","ACTG1"
"BTK","VCPIP1","ACTG1"
"BTK","ATR","ACTG1"
"BTK","SGK3","ACTG1"
"BTK","PTK6","ACTG1"
"BTK","IKBKE","ACTG1"
"BTK","CCND1","ACTG1"
"BTK","ILK","ACTG1"
"BTK","STAP1","ACTG1"
"BTK","TBK1","ACTG1"
"BTK","SPRED1","ACTG1"
"BTK","MEK1/2","ACTG1"
"BTK","PTPN7","ACTG1"
"BTK","CALM1","ACTG1"
"BTK","FADD","ACTG1"
"BTK","STK38","ACTG1"
"BTK","TLK1","ACTG1"
"BTK","C9orf72","ACTG1"
"BTK","CDKN2A","ACTG1"
"BTK","MAP4K1","ACTG1"
"BTK","RET","ACTG1"
"BTK","DDX41","ACTG1"
"BTK","IKK-complex","ACTG1"
"BTK","SHC1","ACTG1"
"BTK","RPS6KA4","ACTG1"
"BTK","NTRK1","ACTG1"
"BTK","GPSM3","ACTG1"
"BTK","RELA","ACTG1"
"BTK","MAPKAPK5","ACTG1"
"BTK","EPHA2","ACTG1"
"BTK","MAP3K8","ACTG1"
"BTK","PTPRR","ACTG1"
"BTK","CDKN1B","ACTG1"
"BTK","FBLIM1","ACTG1"
"BTK","TEC","ACTG1"
"BTK","VCP","ACTG1"
"BTK","GRIP1","ACTG1"
"BTK","TMIGD2","ACTG1"
"BTK","CCR2","ACTG1"
"BTK","STIP1","ACTG1"
"BTK","PSTPIP1","ACTG1"
"BTK","ARRB2","ACTG1"
"BTK","TRAF3","ACTG1"
"BTK","CRTC2","ACTG1"
"BTK","CD28","ACTG1"
"BTK","INPP5D","ACTG1"
"BTK","FRS2","ACTG1"
"BTK","CCNE1","ACTG1"
"BTK","IMPDH2","ACTG1"
"BTK","SET","ACTG1"
"BTK","PIK3CG","ACTG1"
"BTK","SH2B2","ACTG1"
"BTK","TRPV1","ACTG1"
"BTK","PPP1R14A","ACTG1"
"BTK","BCL10","ACTG1"
"BTK","PIK3R6","ACTG1"
"BTK","MRE11","ACTG1"
"BTK","HDAC2","ACTG1"
"BTK","KSR1","ACTG1"
"BTK","DDX58","ACTG1"
"BTK","UBXN2B","ACTG1"
"BTK","MST1R","ACTG1"
"BTK","ROR2","ACTG1"
"BTK","ABI1","ACTG1"
"BTK","IFIH1","ACTG1"
"BTK","RAD50","ACTG1"
"BTK","TTI1","ACTG1"
"BTK","WDFY3","ACTG1"
"BTK","LRP6","ACTG1"
"BTK","GRB14","ACTG1"
"BTK","HOXB7","ACTG1"
"BTK","PIK3C3","ACTG1"
"BTK","RND1","ACTG1"
"BTK","STING1","ACTG1"
"BTK","SPEN","ACTG1"
"BTK","NFKB1","ACTG1"
"BTK","CTDP1","ACTG1"
"BTK","TELO2","ACTG1"
"BTK","BLVRA","ACTG1"
"BTK","CLSPN","ACTG1"
"BTK","MAPKAP1","ACTG1"
"BTK","GRB7","ACTG1"
"BTK","BAZ1B","ACTG1"
"BTK","PLCG2","ACTG1"
"BTK","RBL2","ACTG1"
"BTK","PPP1R14B","ACTG1"
"BTK","PABIR1","ACTG1"
"BTK","MAPK3","HNRNPC"
"BTK","AKT3","HNRNPC"
"BTK","CHUK","HNRNPC"
"BTK","AKT2","HNRNPC"
"BTK","PTEN","HNRNPC"
"BTK","PRKCQ","HNRNPC"
"BTK","MTOR","HNRNPC"
"BTK","AKT1","HNRNPC"
"BTK","PRKG1","HNRNPC"
"BTK","CCP110","HNRNPC"
"BTK","RPS6K","HNRNPC"
"BTK","CALM2","HNRNPC"
"BTK","ERK1/2","HNRNPC"
"BTK","Gbeta","HNRNPC"
"BTK","LCK","HNRNPC"
"BTK","CDK9","HNRNPC"
"BTK","ABL1","HNRNPC"
"BTK","RPS6KA5","HNRNPC"
"BTK","WNK1","HNRNPC"
"BTK","PDPK1","HNRNPC"
"BTK","SGK1","HNRNPC"
"BTK","MAP2K1","HNRNPC"
"BTK","PRKCB","HNRNPC"
"BTK","PRKCG","HNRNPC"
"BTK","PRKCZ","HNRNPC"
"BTK","CyclinD/CDK4","HNRNPC"
"BTK","MAP3K1","HNRNPC"
"BTK","MAP3K7","HNRNPC"
"BTK","AKT","HNRNPC"
"BTK","IKBKB","HNRNPC"
"BTK","WWTR1","HNRNPC"
"BTK","DOK1","HNRNPC"
"BTK","MAP3K4","HNRNPC"
"BTK","DAPK1","HNRNPC"
"BTK","PXN","HNRNPC"
"BTK","FGG","HNRNPC"
"BTK","LEPR","HNRNPC"
"BTK","ITK","HNRNPC"
"BTK","RPS6KA3","HNRNPC"
"BTK","BCL3","HNRNPC"
"BTK","DVL1","HNRNPC"
"BTK","FZR1","HNRNPC"
"BTK","GRB2","HNRNPC"
"BTK","VCPIP1","HNRNPC"
"BTK","ATR","HNRNPC"
"BTK","SGK3","HNRNPC"
"BTK","PTK6","HNRNPC"
"BTK","IKBKE","HNRNPC"
"BTK","CCND1","HNRNPC"
"BTK","ILK","HNRNPC"
"BTK","STAP1","HNRNPC"
"BTK","TBK1","HNRNPC"
"BTK","SPRED1","HNRNPC"
"BTK","MEK1/2","HNRNPC"
"BTK","PTPN7","HNRNPC"
"BTK","CALM1","HNRNPC"
"BTK","FADD","HNRNPC"
"BTK","STK38","HNRNPC"
"BTK","TLK1","HNRNPC"
"BTK","C9orf72","HNRNPC"
"BTK","CDKN2A","HNRNPC"
"BTK","MAP4K1","HNRNPC"
"BTK","RET","HNRNPC"
"BTK","DDX41","HNRNPC"
"BTK","IKK-complex","HNRNPC"
"BTK","SHC1","HNRNPC"
"BTK","RPS6KA4","HNRNPC"
"BTK","NTRK1","HNRNPC"
"BTK","GPSM3","HNRNPC"
"BTK","RELA","HNRNPC"
"BTK","MAPKAPK5","HNRNPC"
"BTK","EPHA2","HNRNPC"
"BTK","MAP3K8","HNRNPC"
"BTK","PTPRR","HNRNPC"
"BTK","CDKN1B","HNRNPC"
"BTK","FBLIM1","HNRNPC"
"BTK","TEC","HNRNPC"
"BTK","VCP","HNRNPC"
"BTK","GRIP1","HNRNPC"
"BTK","TMIGD2","HNRNPC"
"BTK","CCR2","HNRNPC"
"BTK","STIP1","HNRNPC"
"BTK","PSTPIP1","HNRNPC"
"BTK","ARRB2","HNRNPC"
"BTK","TRAF3","HNRNPC"
"BTK","CRTC2","HNRNPC"
"BTK","CD28","HNRNPC"
"BTK","INPP5D","HNRNPC"
"BTK","FRS2","HNRNPC"
"BTK","CCNE1","HNRNPC"
"BTK","IMPDH2","HNRNPC"
"BTK","SET","HNRNPC"
"BTK","PIK3CG","HNRNPC"
"BTK","SH2B2","HNRNPC"
"BTK","TRPV1","HNRNPC"
"BTK","PPP1R14A","HNRNPC"
"BTK","BCL10","HNRNPC"
"BTK","PIK3R6","HNRNPC"
"BTK","MRE11","HNRNPC"
"BTK","HDAC2","HNRNPC"
"BTK","KSR1","HNRNPC"
"BTK","DDX58","HNRNPC"
"BTK","UBXN2B","HNRNPC"
"BTK","MST1R","HNRNPC"
"BTK","ROR2","HNRNPC"
"BTK","ABI1","HNRNPC"
"BTK","IFIH1","HNRNPC"
"BTK","RAD50","HNRNPC"
"BTK","TTI1","HNRNPC"
"BTK","WDFY3","HNRNPC"
"BTK","LRP6","HNRNPC"
"BTK","GRB14","HNRNPC"
"BTK","HOXB7","HNRNPC"
"BTK","PIK3C3","HNRNPC"
"BTK","RND1","HNRNPC"
"BTK","STING1","HNRNPC"
"BTK","SPEN","HNRNPC"
"BTK","NFKB1","HNRNPC"
"BTK","CTDP1","HNRNPC"
"BTK","TELO2","HNRNPC"
"BTK","BLVRA","HNRNPC"
"BTK","CLSPN","HNRNPC"
"BTK","MAPKAP1","HNRNPC"
"BTK","GRB7","HNRNPC"
"BTK","BAZ1B","HNRNPC"
"BTK","RBL2","HNRNPC"
"BTK","PPP1R14B","HNRNPC"
"BTK","PABIR1","HNRNPC"
"BTK","MAPK3","DAPP1"
"BTK","AKT3","DAPP1"
"BTK","AKT2","DAPP1"
"BTK","PTEN","DAPP1"
"BTK","PRKCQ","DAPP1"
"BTK","PRKG1","DAPP1"
"BTK","ERK1/2","DAPP1"
"BTK","Gbeta","DAPP1"
"BTK","LCK","DAPP1"
"BTK","CDK9","DAPP1"
"BTK","RPS6KA5","DAPP1"
"BTK","WNK1","DAPP1"
"BTK","PDPK1","DAPP1"
"BTK","SGK1","DAPP1"
"BTK","MAP2K1","DAPP1"
"BTK","PRKCG","DAPP1"
"BTK","PRKCZ","DAPP1"
"BTK","MAP3K1","DAPP1"
"BTK","MAP3K7","DAPP1"
"BTK","AKT","DAPP1"
"BTK","WWTR1","DAPP1"
"BTK","DAPK1","DAPP1"
"BTK","FGG","DAPP1"
"BTK","LEPR","DAPP1"
"BTK","BCL3","DAPP1"
"BTK","DVL1","DAPP1"
"BTK","FZR1","DAPP1"
"BTK","VCPIP1","DAPP1"
"BTK","SGK3","DAPP1"
"BTK","MEK1/2","DAPP1"
"BTK","PTPN7","DAPP1"
"BTK","STK38","DAPP1"
"BTK","C9orf72","DAPP1"
"BTK","CDKN2A","DAPP1"
"BTK","MAP4K1","DAPP1"
"BTK","RET","DAPP1"
"BTK","RPS6KA4","DAPP1"
"BTK","GPSM3","DAPP1"
"BTK","RELA","DAPP1"
"BTK","MAP3K8","DAPP1"
"BTK","PTPRR","DAPP1"
"BTK","CDKN1B","DAPP1"
"BTK","FBLIM1","DAPP1"
"BTK","VCP","DAPP1"
"BTK","GRIP1","DAPP1"
"BTK","TMIGD2","DAPP1"
"BTK","CCR2","DAPP1"
"BTK","STIP1","DAPP1"
"BTK","CRTC2","DAPP1"
"BTK","INPP5D","DAPP1"
"BTK","FRS2","DAPP1"
"BTK","CCNE1","DAPP1"
"BTK","IMPDH2","DAPP1"
"BTK","SET","DAPP1"
"BTK","PIK3CG","DAPP1"
"BTK","SH2B2","DAPP1"
"BTK","BCL10","DAPP1"
"BTK","HDAC2","DAPP1"
"BTK","KSR1","DAPP1"
"BTK","UBXN2B","DAPP1"
"BTK","WDFY3","DAPP1"
"BTK","LRP6","DAPP1"
"BTK","PIK3C3","DAPP1"
"BTK","SPEN","DAPP1"
"BTK","NFKB1","DAPP1"
"BTK","CTDP1","DAPP1"
"BTK","TELO2","DAPP1"
"BTK","CLSPN","DAPP1"
"BTK","MAPKAP1","DAPP1"
"BTK","GRB7","DAPP1"
"BTK","BAZ1B","DAPP1"
"BTK","PLCG2","DAPP1"
"BTK","PABIR1","DAPP1"
"BTK","MAPK3","GBF1"
"BTK","AKT3","GBF1"
"BTK","CHUK","GBF1"
"BTK","AKT2","GBF1"
"BTK","PTEN","GBF1"
"BTK","PRKCQ","GBF1"
"BTK","MTOR","GBF1"
"BTK","AKT1","GBF1"
"BTK","PRKG1","GBF1"
"BTK","CCP110","GBF1"
"BTK","RPS6K","GBF1"
"BTK","CALM2","GBF1"
"BTK","ERK1/2","GBF1"
"BTK","Gbeta","GBF1"
"BTK","LCK","GBF1"
"BTK","CDK9","GBF1"
"BTK","ABL1","GBF1"
"BTK","RPS6KA5","GBF1"
"BTK","WNK1","GBF1"
"BTK","PDPK1","GBF1"
"BTK","SGK1","GBF1"
"BTK","MAP2K1","GBF1"
"BTK","PRKCB","GBF1"
"BTK","PRKCG","GBF1"
"BTK","PRKCZ","GBF1"
"BTK","CyclinD/CDK4","GBF1"
"BTK","MAP3K1","GBF1"
"BTK","MAP3K7","GBF1"
"BTK","AKT","GBF1"
"BTK","IKBKB","GBF1"
"BTK","WWTR1","GBF1"
"BTK","DOK1","GBF1"
"BTK","MAP3K4","GBF1"
"BTK","DAPK1","GBF1"
"BTK","PXN","GBF1"
"BTK","FGG","GBF1"
"BTK","LEPR","GBF1"
"BTK","RPS6KA3","GBF1"
"BTK","BCL3","GBF1"
"BTK","DVL1","GBF1"
"BTK","FZR1","GBF1"
"BTK","GRB2","GBF1"
"BTK","VCPIP1","GBF1"
"BTK","ATR","GBF1"
"BTK","SGK3","GBF1"
"BTK","PTK6","GBF1"
"BTK","IKBKE","GBF1"
"BTK","CCND1","GBF1"
"BTK","ILK","GBF1"
"BTK","STAP1","GBF1"
"BTK","TBK1","GBF1"
"BTK","SPRED1","GBF1"
"BTK","MEK1/2","GBF1"
"BTK","PTPN7","GBF1"
"BTK","CALM1","GBF1"
"BTK","FADD","GBF1"
"BTK","STK38","GBF1"
"BTK","TLK1","GBF1"
"BTK","C9orf72","GBF1"
"BTK","CDKN2A","GBF1"
"BTK","MAP4K1","GBF1"
"BTK","RET","GBF1"
"BTK","DDX41","GBF1"
"BTK","IKK-complex","GBF1"
"BTK","SHC1","GBF1"
"BTK","RPS6KA4","GBF1"
"BTK","NTRK1","GBF1"
"BTK","GPSM3","GBF1"
"BTK","RELA","GBF1"
"BTK","MAPKAPK5","GBF1"
"BTK","EPHA2","GBF1"
"BTK","MAP3K8","GBF1"
"BTK","PTPRR","GBF1"
"BTK","CDKN1B","GBF1"
"BTK","FBLIM1","GBF1"
"BTK","TEC","GBF1"
"BTK","VCP","GBF1"
"BTK","GRIP1","GBF1"
"BTK","TMIGD2","GBF1"
"BTK","CCR2","GBF1"
"BTK","STIP1","GBF1"
"BTK","PSTPIP1","GBF1"
"BTK","ARRB2","GBF1"
"BTK","TRAF3","GBF1"
"BTK","CRTC2","GBF1"
"BTK","CD28","GBF1"
"BTK","INPP5D","GBF1"
"BTK","FRS2","GBF1"
"BTK","CCNE1","GBF1"
"BTK","IMPDH2","GBF1"
"BTK","SET","GBF1"
"BTK","PIK3CG","GBF1"
"BTK","SH2B2","GBF1"
"BTK","TRPV1","GBF1"
"BTK","PPP1R14A","GBF1"
"BTK","BCL10","GBF1"
"BTK","PIK3R6","GBF1"
"BTK","MRE11","GBF1"
"BTK","HDAC2","GBF1"
"BTK","KSR1","GBF1"
"BTK","DDX58","GBF1"
"BTK","UBXN2B","GBF1"
"BTK","MST1R","GBF1"
"BTK","ROR2","GBF1"
"BTK","ABI1","GBF1"
"BTK","IFIH1","GBF1"
"BTK","RAD50","GBF1"
"BTK","TTI1","GBF1"
"BTK","WDFY3","GBF1"
"BTK","LRP6","GBF1"
"BTK","GRB14","GBF1"
"BTK","HOXB7","GBF1"
"BTK","PIK3C3","GBF1"
"BTK","RND1","GBF1"
"BTK","STING1","GBF1"
"BTK","SPEN","GBF1"
"BTK","NFKB1","GBF1"
"BTK","CTDP1","GBF1"
"BTK","TELO2","GBF1"
"BTK","BLVRA","GBF1"
"BTK","CLSPN","GBF1"
"BTK","MAPKAP1","GBF1"
"BTK","GRB7","GBF1"
"BTK","BAZ1B","GBF1"
"BTK","PLCG2","GBF1"
"BTK","RBL2","GBF1"
"BTK","PPP1R14B","GBF1"
"BTK","PABIR1","GBF1"
"BTK","MAPK3","DOK5"
"BTK","AKT3","DOK5"
"BTK","CHUK","DOK5"
"BTK","AKT2","DOK5"
"BTK","PTEN","DOK5"
"BTK","PRKCQ","DOK5"
"BTK","MTOR","DOK5"
"BTK","AKT1","DOK5"
"BTK","PRKG1","DOK5"
"BTK","CCP110","DOK5"
"BTK","RPS6K","DOK5"
"BTK","CALM2","DOK5"
"BTK","ERK1/2","DOK5"
"BTK","Gbeta","DOK5"
"BTK","LCK","DOK5"
"BTK","CDK9","DOK5"
"BTK","ABL1","DOK5"
"BTK","RPS6KA5","DOK5"
"BTK","WNK1","DOK5"
"BTK","PDPK1","DOK5"
"BTK","SGK1","DOK5"
"BTK","MAP2K1","DOK5"
"BTK","PRKCB","DOK5"
"BTK","PRKCG","DOK5"
"BTK","PRKCZ","DOK5"
"BTK","CyclinD/CDK4","DOK5"
"BTK","MAP3K1","DOK5"
"BTK","MAP3K7","DOK5"
"BTK","AKT","DOK5"
"BTK","IKBKB","DOK5"
"BTK","WWTR1","DOK5"
"BTK","DOK1","DOK5"
"BTK","MAP3K4","DOK5"
"BTK","DAPK1","DOK5"
"BTK","PXN","DOK5"
"BTK","FGG","DOK5"
"BTK","LEPR","DOK5"
"BTK","ITK","DOK5"
"BTK","RPS6KA3","DOK5"
"BTK","BCL3","DOK5"
"BTK","DVL1","DOK5"
"BTK","FZR1","DOK5"
"BTK","GRB2","DOK5"
"BTK","VCPIP1","DOK5"
"BTK","ATR","DOK5"
"BTK","SGK3","DOK5"
"BTK","PTK6","DOK5"
"BTK","IKBKE","DOK5"
"BTK","CCND1","DOK5"
"BTK","ILK","DOK5"
"BTK","STAP1","DOK5"
"BTK","TBK1","DOK5"
"BTK","SPRED1","DOK5"
"BTK","MEK1/2","DOK5"
"BTK","PTPN7","DOK5"
"BTK","CALM1","DOK5"
"BTK","FADD","DOK5"
"BTK","STK38","DOK5"
"BTK","TLK1","DOK5"
"BTK","C9orf72","DOK5"
"BTK","CDKN2A","DOK5"
"BTK","MAP4K1","DOK5"
"BTK","DDX41","DOK5"
"BTK","IKK-complex","DOK5"
"BTK","SHC1","DOK5"
"BTK","RPS6KA4","DOK5"
"BTK","NTRK1","DOK5"
"BTK","GPSM3","DOK5"
"BTK","RELA","DOK5"
"BTK","MAPKAPK5","DOK5"
"BTK","EPHA2","DOK5"
"BTK","MAP3K8","DOK5"
"BTK","PTPRR","DOK5"
"BTK","CDKN1B","DOK5"
"BTK","FBLIM1","DOK5"
"BTK","TEC","DOK5"
"BTK","VCP","DOK5"
"BTK","GRIP1","DOK5"
"BTK","TMIGD2","DOK5"
"BTK","CCR2","DOK5"
"BTK","STIP1","DOK5"
"BTK","PSTPIP1","DOK5"
"BTK","ARRB2","DOK5"
"BTK","TRAF3","DOK5"
"BTK","CRTC2","DOK5"
"BTK","CD28","DOK5"
"BTK","INPP5D","DOK5"
"BTK","FRS2","DOK5"
"BTK","CCNE1","DOK5"
"BTK","IMPDH2","DOK5"
"BTK","SET","DOK5"
"BTK","PIK3CG","DOK5"
"BTK","SH2B2","DOK5"
"BTK","TRPV1","DOK5"
"BTK","PPP1R14A","DOK5"
"BTK","BCL10","DOK5"
"BTK","PIK3R6","DOK5"
"BTK","MRE11","DOK5"
"BTK","HDAC2","DOK5"
"BTK","KSR1","DOK5"
"BTK","DDX58","DOK5"
"BTK","UBXN2B","DOK5"
"BTK","MST1R","DOK5"
"BTK","ROR2","DOK5"
"BTK","ABI1","DOK5"
"BTK","IFIH1","DOK5"
"BTK","RAD50","DOK5"
"BTK","TTI1","DOK5"
"BTK","WDFY3","DOK5"
"BTK","LRP6","DOK5"
"BTK","GRB14","DOK5"
"BTK","HOXB7","DOK5"
"BTK","PIK3C3","DOK5"
"BTK","RND1","DOK5"
"BTK","STING1","DOK5"
"BTK","SPEN","DOK5"
"BTK","NFKB1","DOK5"
"BTK","CTDP1","DOK5"
"BTK","TELO2","DOK5"
"BTK","BLVRA","DOK5"
"BTK","CLSPN","DOK5"
"BTK","MAPKAP1","DOK5"
"BTK","GRB7","DOK5"
"BTK","BAZ1B","DOK5"
"BTK","PLCG2","DOK5"
"BTK","RBL2","DOK5"
"BTK","PPP1R14B","DOK5"
"BTK","PABIR1","DOK5"
"BTK","MAPK3","RBSN"
"BTK","AKT3","RBSN"
"BTK","CHUK","RBSN"
"BTK","AKT2","RBSN"
"BTK","PTEN","RBSN"
"BTK","PRKCQ","RBSN"
"BTK","MTOR","RBSN"
"BTK","AKT1","RBSN"
"BTK","PRKG1","RBSN"
"BTK","CCP110","RBSN"
"BTK","RPS6K","RBSN"
"BTK","CALM2","RBSN"
"BTK","ERK1/2","RBSN"
"BTK","Gbeta","RBSN"
"BTK","LCK","RBSN"
"BTK","CDK9","RBSN"
"BTK","ABL1","RBSN"
"BTK","RPS6KA5","RBSN"
"BTK","WNK1","RBSN"
"BTK","PDPK1","RBSN"
"BTK","SGK1","RBSN"
"BTK","MAP2K1","RBSN"
"BTK","PRKCB","RBSN"
"BTK","PRKCG","RBSN"
"BTK","PRKCZ","RBSN"
"BTK","CyclinD/CDK4","RBSN"
"BTK","MAP3K1","RBSN"
"BTK","MAP3K7","RBSN"
"BTK","AKT","RBSN"
"BTK","IKBKB","RBSN"
"BTK","WWTR1","RBSN"
"BTK","DOK1","RBSN"
"BTK","MAP3K4","RBSN"
"BTK","DAPK1","RBSN"
"BTK","PXN","RBSN"
"BTK","FGG","RBSN"
"BTK","LEPR","RBSN"
"BTK","ITK","RBSN"
"BTK","RPS6KA3","RBSN"
"BTK","BCL3","RBSN"
"BTK","DVL1","RBSN"
"BTK","FZR1","RBSN"
"BTK","GRB2","RBSN"
"BTK","VCPIP1","RBSN"
"BTK","ATR","RBSN"
"BTK","SGK3","RBSN"
"BTK","PTK6","RBSN"
"BTK","IKBKE","RBSN"
"BTK","CCND1","RBSN"
"BTK","ILK","RBSN"
"BTK","STAP1","RBSN"
"BTK","TBK1","RBSN"
"BTK","SPRED1","RBSN"
"BTK","MEK1/2","RBSN"
"BTK","PTPN7","RBSN"
"BTK","CALM1","RBSN"
"BTK","FADD","RBSN"
"BTK","STK38","RBSN"
"BTK","TLK1","RBSN"
"BTK","C9orf72","RBSN"
"BTK","CDKN2A","RBSN"
"BTK","MAP4K1","RBSN"
"BTK","DDX41","RBSN"
"BTK","IKK-complex","RBSN"
"BTK","SHC1","RBSN"
"BTK","RPS6KA4","RBSN"
"BTK","NTRK1","RBSN"
"BTK","GPSM3","RBSN"
"BTK","RELA","RBSN"
"BTK","MAPKAPK5","RBSN"
"BTK","EPHA2","RBSN"
"BTK","MAP3K8","RBSN"
"BTK","PTPRR","RBSN"
"BTK","CDKN1B","RBSN"
"BTK","FBLIM1","RBSN"
"BTK","TEC","RBSN"
"BTK","VCP","RBSN"
"BTK","GRIP1","RBSN"
"BTK","TMIGD2","RBSN"
"BTK","CCR2","RBSN"
"BTK","STIP1","RBSN"
"BTK","PSTPIP1","RBSN"
"BTK","ARRB2","RBSN"
"BTK","TRAF3","RBSN"
"BTK","CRTC2","RBSN"
"BTK","CD28","RBSN"
"BTK","INPP5D","RBSN"
"BTK","FRS2","RBSN"
"BTK","CCNE1","RBSN"
"BTK","IMPDH2","RBSN"
"BTK","SET","RBSN"
"BTK","PIK3CG","RBSN"
"BTK","SH2B2","RBSN"
"BTK","TRPV1","RBSN"
"BTK","PPP1R14A","RBSN"
"BTK","BCL10","RBSN"
"BTK","PIK3R6","RBSN"
"BTK","MRE11","RBSN"
"BTK","HDAC2","RBSN"
"BTK","KSR1","RBSN"
"BTK","DDX58","RBSN"
"BTK","UBXN2B","RBSN"
"BTK","MST1R","RBSN"
"BTK","ROR2","RBSN"
"BTK","ABI1","RBSN"
"BTK","IFIH1","RBSN"
"BTK","RAD50","RBSN"
"BTK","TTI1","RBSN"
"BTK","WDFY3","RBSN"
"BTK","LRP6","RBSN"
"BTK","GRB14","RBSN"
"BTK","HOXB7","RBSN"
"BTK","PIK3C3","RBSN"
"BTK","RND1","RBSN"
"BTK","STING1","RBSN"
"BTK","SPEN","RBSN"
"BTK","NFKB1","RBSN"
"BTK","CTDP1","RBSN"
"BTK","TELO2","RBSN"
"BTK","BLVRA","RBSN"
"BTK","CLSPN","RBSN"
"BTK","MAPKAP1","RBSN"
"BTK","GRB7","RBSN"
"BTK","BAZ1B","RBSN"
"BTK","PLCG2","RBSN"
"BTK","RBL2","RBSN"
"BTK","PPP1R14B","RBSN"
"BTK","PABIR1","RBSN"
"BTK","MAPK3","CREM"
"BTK","AKT3","CREM"
"BTK","CHUK","CREM"
"BTK","AKT2","CREM"
"BTK","PTEN","CREM"
"BTK","PRKCQ","CREM"
"BTK","MTOR","CREM"
"BTK","AKT1","CREM"
"BTK","PRKG1","CREM"
"BTK","CCP110","CREM"
"BTK","RPS6K","CREM"
"BTK","CALM2","CREM"
"BTK","ERK1/2","CREM"
"BTK","Gbeta","CREM"
"BTK","LCK","CREM"
"BTK","CDK9","CREM"
"BTK","ABL1","CREM"
"BTK","RPS6KA5","CREM"
"BTK","WNK1","CREM"
"BTK","PDPK1","CREM"
"BTK","SGK1","CREM"
"BTK","MAP2K1","CREM"
"BTK","PRKCB","CREM"
"BTK","PRKCG","CREM"
"BTK","PRKCZ","CREM"
"BTK","CyclinD/CDK4","CREM"
"BTK","MAP3K1","CREM"
"BTK","MAP3K7","CREM"
"BTK","AKT","CREM"
"BTK","IKBKB","CREM"
"BTK","WWTR1","CREM"
"BTK","DOK1","CREM"
"BTK","MAP3K4","CREM"
"BTK","DAPK1","CREM"
"BTK","PXN","CREM"
"BTK","FGG","CREM"
"BTK","LEPR","CREM"
"BTK","ITK","CREM"
"BTK","RPS6KA3","CREM"
"BTK","BCL3","CREM"
"BTK","DVL1","CREM"
"BTK","FZR1","CREM"
"BTK","GRB2","CREM"
"BTK","VCPIP1","CREM"
"BTK","ATR","CREM"
"BTK","SGK3","CREM"
"BTK","PTK6","CREM"
"BTK","IKBKE","CREM"
"BTK","CCND1","CREM"
"BTK","ILK","CREM"
"BTK","STAP1","CREM"
"BTK","TBK1","CREM"
"BTK","SPRED1","CREM"
"BTK","MEK1/2","CREM"
"BTK","PTPN7","CREM"
"BTK","CALM1","CREM"
"BTK","FADD","CREM"
"BTK","STK38","CREM"
"BTK","TLK1","CREM"
"BTK","C9orf72","CREM"
"BTK","CDKN2A","CREM"
"BTK","MAP4K1","CREM"
"BTK","RET","CREM"
"BTK","DDX41","CREM"
"BTK","IKK-complex","CREM"
"BTK","SHC1","CREM"
"BTK","RPS6KA4","CREM"
"BTK","NTRK1","CREM"
"BTK","GPSM3","CREM"
"BTK","RELA","CREM"
"BTK","MAPKAPK5","CREM"
"BTK","EPHA2","CREM"
"BTK","MAP3K8","CREM"
"BTK","PTPRR","CREM"
"BTK","CDKN1B","CREM"
"BTK","FBLIM1","CREM"
"BTK","TEC","CREM"
"BTK","VCP","CREM"
"BTK","GRIP1","CREM"
"BTK","TMIGD2","CREM"
"BTK","CCR2","CREM"
"BTK","STIP1","CREM"
"BTK","PSTPIP1","CREM"
"BTK","ARRB2","CREM"
"BTK","TRAF3","CREM"
"BTK","CRTC2","CREM"
"BTK","CD28","CREM"
"BTK","INPP5D","CREM"
"BTK","FRS2","CREM"
"BTK","CCNE1","CREM"
"BTK","IMPDH2","CREM"
"BTK","SET","CREM"
"BTK","PIK3CG","CREM"
"BTK","SH2B2","CREM"
"BTK","TRPV1","CREM"
"BTK","PPP1R14A","CREM"
"BTK","BCL10","CREM"
"BTK","PIK3R6","CREM"
"BTK","MRE11","CREM"
"BTK","HDAC2","CREM"
"BTK","KSR1","CREM"
"BTK","DDX58","CREM"
"BTK","UBXN2B","CREM"
"BTK","MST1R","CREM"
"BTK","ROR2","CREM"
"BTK","ABI1","CREM"
"BTK","IFIH1","CREM"
"BTK","RAD50","CREM"
"BTK","TTI1","CREM"
"BTK","WDFY3","CREM"
"BTK","LRP6","CREM"
"BTK","GRB14","CREM"
"BTK","HOXB7","CREM"
"BTK","PIK3C3","CREM"
"BTK","RND1","CREM"
"BTK","STING1","CREM"
"BTK","SPEN","CREM"
"BTK","NFKB1","CREM"
"BTK","CTDP1","CREM"
"BTK","TELO2","CREM"
"BTK","BLVRA","CREM"
"BTK","CLSPN","CREM"
"BTK","MAPKAP1","CREM"
"BTK","GRB7","CREM"
"BTK","BAZ1B","CREM"
"BTK","PLCG2","CREM"
"BTK","RBL2","CREM"
"BTK","PPP1R14B","CREM"
"BTK","PABIR1","CREM"
"BTK","MAPK3","HK1"
"BTK","AKT3","HK1"
"BTK","CHUK","HK1"
"BTK","AKT2","HK1"
"BTK","PTEN","HK1"
"BTK","PRKCQ","HK1"
"BTK","MTOR","HK1"
"BTK","AKT1","HK1"
"BTK","PRKG1","HK1"
"BTK","CCP110","HK1"
"BTK","RPS6K","HK1"
"BTK","CALM2","HK1"
"BTK","ERK1/2","HK1"
"BTK","Gbeta","HK1"
"BTK","LCK","HK1"
"BTK","CDK9","HK1"
"BTK","ABL1","HK1"
"BTK","RPS6KA5","HK1"
"BTK","WNK1","HK1"
"BTK","PDPK1","HK1"
"BTK","SGK1","HK1"
"BTK","MAP2K1","HK1"
"BTK","PRKCB","HK1"
"BTK","PRKCG","HK1"
"BTK","PRKCZ","HK1"
"BTK","CyclinD/CDK4","HK1"
"BTK","MAP3K1","HK1"
"BTK","MAP3K7","HK1"
"BTK","AKT","HK1"
"BTK","IKBKB","HK1"
"BTK","WWTR1","HK1"
"BTK","DOK1","HK1"
"BTK","MAP3K4","HK1"
"BTK","DAPK1","HK1"
"BTK","PXN","HK1"
"BTK","FGG","HK1"
"BTK","LEPR","HK1"
"BTK","ITK","HK1"
"BTK","RPS6KA3","HK1"
"BTK","BCL3","HK1"
"BTK","DVL1","HK1"
"BTK","FZR1","HK1"
"BTK","GRB2","HK1"
"BTK","VCPIP1","HK1"
"BTK","ATR","HK1"
"BTK","SGK3","HK1"
"BTK","PTK6","HK1"
"BTK","IKBKE","HK1"
"BTK","CCND1","HK1"
"BTK","ILK","HK1"
"BTK","STAP1","HK1"
"BTK","TBK1","HK1"
"BTK","SPRED1","HK1"
"BTK","MEK1/2","HK1"
"BTK","PTPN7","HK1"
"BTK","CALM1","HK1"
"BTK","FADD","HK1"
"BTK","STK38","HK1"
"BTK","TLK1","HK1"
"BTK","C9orf72","HK1"
"BTK","CDKN2A","HK1"
"BTK","MAP4K1","HK1"
"BTK","RET","HK1"
"BTK","DDX41","HK1"
"BTK","IKK-complex","HK1"
"BTK","SHC1","HK1"
"BTK","RPS6KA4","HK1"
"BTK","NTRK1","HK1"
"BTK","GPSM3","HK1"
"BTK","RELA","HK1"
"BTK","MAPKAPK5","HK1"
"BTK","EPHA2","HK1"
"BTK","MAP3K8","HK1"
"BTK","PTPRR","HK1"
"BTK","CDKN1B","HK1"
"BTK","FBLIM1","HK1"
"BTK","TEC","HK1"
"BTK","VCP","HK1"
"BTK","GRIP1","HK1"
"BTK","TMIGD2","HK1"
"BTK","CCR2","HK1"
"BTK","STIP1","HK1"
"BTK","PSTPIP1","HK1"
"BTK","ARRB2","HK1"
"BTK","TRAF3","HK1"
"BTK","CRTC2","HK1"
"BTK","CD28","HK1"
"BTK","INPP5D","HK1"
"BTK","FRS2","HK1"
"BTK","CCNE1","HK1"
"BTK","IMPDH2","HK1"
"BTK","SET","HK1"
"BTK","PIK3CG","HK1"
"BTK","SH2B2","HK1"
"BTK","TRPV1","HK1"
"BTK","PPP1R14A","HK1"
"BTK","BCL10","HK1"
"BTK","PIK3R6","HK1"
"BTK","MRE11","HK1"
"BTK","HDAC2","HK1"
"BTK","KSR1","HK1"
"BTK","DDX58","HK1"
"BTK","UBXN2B","HK1"
"BTK","MST1R","HK1"
"BTK","ROR2","HK1"
"BTK","ABI1","HK1"
"BTK","IFIH1","HK1"
"BTK","RAD50","HK1"
"BTK","TTI1","HK1"
"BTK","WDFY3","HK1"
"BTK","LRP6","HK1"
"BTK","GRB14","HK1"
"BTK","HOXB7","HK1"
"BTK","PIK3C3","HK1"
"BTK","RND1","HK1"
"BTK","STING1","HK1"
"BTK","SPEN","HK1"
"BTK","NFKB1","HK1"
"BTK","CTDP1","HK1"
"BTK","TELO2","HK1"
"BTK","BLVRA","HK1"
"BTK","CLSPN","HK1"
"BTK","MAPKAP1","HK1"
"BTK","GRB7","HK1"
"BTK","BAZ1B","HK1"
"BTK","PLCG2","HK1"
"BTK","RBL2","HK1"
"BTK","PPP1R14B","HK1"
"BTK","PABIR1","HK1"
"BTK","MAPK3","REL/RELA"
"BTK","AKT3","REL/RELA"
"BTK","CHUK","REL/RELA"
"BTK","AKT2","REL/RELA"
"BTK","PTEN","REL/RELA"
"BTK","PRKCQ","REL/RELA"
"BTK","MTOR","REL/RELA"
"BTK","AKT1","REL/RELA"
"BTK","PRKG1","REL/RELA"
"BTK","CCP110","REL/RELA"
"BTK","RPS6K","REL/RELA"
"BTK","CALM2","REL/RELA"
"BTK","ERK1/2","REL/RELA"
"BTK","Gbeta","REL/RELA"
"BTK","LCK","REL/RELA"
"BTK","CDK9","REL/RELA"
"BTK","ABL1","REL/RELA"
"BTK","RPS6KA5","REL/RELA"
"BTK","WNK1","REL/RELA"
"BTK","PDPK1","REL/RELA"
"BTK","SGK1","REL/RELA"
"BTK","MAP2K1","REL/RELA"
"BTK","PRKCG","REL/RELA"
"BTK","PRKCZ","REL/RELA"
"BTK","CyclinD/CDK4","REL/RELA"
"BTK","MAP3K1","REL/RELA"
"BTK","MAP3K7","REL/RELA"
"BTK","AKT","REL/RELA"
"BTK","IKBKB","REL/RELA"
"BTK","WWTR1","REL/RELA"
"BTK","DOK1","REL/RELA"
"BTK","MAP3K4","REL/RELA"
"BTK","DAPK1","REL/RELA"
"BTK","PXN","REL/RELA"
"BTK","FGG","REL/RELA"
"BTK","LEPR","REL/RELA"
"BTK","RPS6KA3","REL/RELA"
"BTK","BCL3","REL/RELA"
"BTK","DVL1","REL/RELA"
"BTK","FZR1","REL/RELA"
"BTK","GRB2","REL/RELA"
"BTK","VCPIP1","REL/RELA"
"BTK","ATR","REL/RELA"
"BTK","SGK3","REL/RELA"
"BTK","PTK6","REL/RELA"
"BTK","IKBKE","REL/RELA"
"BTK","CCND1","REL/RELA"
"BTK","ILK","REL/RELA"
"BTK","STAP1","REL/RELA"
"BTK","SPRED1","REL/RELA"
"BTK","MEK1/2","REL/RELA"
"BTK","PTPN7","REL/RELA"
"BTK","CALM1","REL/RELA"
"BTK","FADD","REL/RELA"
"BTK","STK38","REL/RELA"
"BTK","TLK1","REL/RELA"
"BTK","C9orf72","REL/RELA"
"BTK","CDKN2A","REL/RELA"
"BTK","MAP4K1","REL/RELA"
"BTK","RET","REL/RELA"
"BTK","IKK-complex","REL/RELA"
"BTK","SHC1","REL/RELA"
"BTK","RPS6KA4","REL/RELA"
"BTK","NTRK1","REL/RELA"
"BTK","GPSM3","REL/RELA"
"BTK","RELA","REL/RELA"
"BTK","MAPKAPK5","REL/RELA"
"BTK","EPHA2","REL/RELA"
"BTK","MAP3K8","REL/RELA"
"BTK","PTPRR","REL/RELA"
"BTK","CDKN1B","REL/RELA"
"BTK","FBLIM1","REL/RELA"
"BTK","VCP","REL/RELA"
"BTK","GRIP1","REL/RELA"
"BTK","TMIGD2","REL/RELA"
"BTK","CCR2","REL/RELA"
"BTK","STIP1","REL/RELA"
"BTK","PSTPIP1","REL/RELA"
"BTK","ARRB2","REL/RELA"
"BTK","TRAF3","REL/RELA"
"BTK","CRTC2","REL/RELA"
"BTK","CD28","REL/RELA"
"BTK","INPP5D","REL/RELA"
"BTK","FRS2","REL/RELA"
"BTK","CCNE1","REL/RELA"
"BTK","IMPDH2","REL/RELA"
"BTK","SET","REL/RELA"
"BTK","PIK3CG","REL/RELA"
"BTK","SH2B2","REL/RELA"
"BTK","TRPV1","REL/RELA"
"BTK","PPP1R14A","REL/RELA"
"BTK","BCL10","REL/RELA"
"BTK","PIK3R6","REL/RELA"
"BTK","MRE11","REL/RELA"
"BTK","HDAC2","REL/RELA"
"BTK","KSR1","REL/RELA"
"BTK","DDX58","REL/RELA"
"BTK","UBXN2B","REL/RELA"
"BTK","MST1R","REL/RELA"
"BTK","ROR2","REL/RELA"
"BTK","ABI1","REL/RELA"
"BTK","IFIH1","REL/RELA"
"BTK","RAD50","REL/RELA"
"BTK","TTI1","REL/RELA"
"BTK","WDFY3","REL/RELA"
"BTK","LRP6","REL/RELA"
"BTK","GRB14","REL/RELA"
"BTK","HOXB7","REL/RELA"
"BTK","PIK3C3","REL/RELA"
"BTK","RND1","REL/RELA"
"BTK","SPEN","REL/RELA"
"BTK","NFKB1","REL/RELA"
"BTK","CTDP1","REL/RELA"
"BTK","TELO2","REL/RELA"
"BTK","BLVRA","REL/RELA"
"BTK","CLSPN","REL/RELA"
"BTK","MAPKAP1","REL/RELA"
"BTK","GRB7","REL/RELA"
"BTK","BAZ1B","REL/RELA"
"BTK","PLCG2","REL/RELA"
"BTK","RBL2","REL/RELA"
"BTK","PPP1R14B","REL/RELA"
"BTK","PABIR1","REL/RELA"
"BTK","MAPK3","DOCK6"
"BTK","AKT3","DOCK6"
"BTK","CHUK","DOCK6"
"BTK","AKT2","DOCK6"
"BTK","PTEN","DOCK6"
"BTK","PRKCQ","DOCK6"
"BTK","MTOR","DOCK6"
"BTK","AKT1","DOCK6"
"BTK","PRKG1","DOCK6"
"BTK","CCP110","DOCK6"
"BTK","RPS6K","DOCK6"
"BTK","CALM2","DOCK6"
"BTK","ERK1/2","DOCK6"
"BTK","Gbeta","DOCK6"
"BTK","LCK","DOCK6"
"BTK","CDK9","DOCK6"
"BTK","ABL1","DOCK6"
"BTK","RPS6KA5","DOCK6"
"BTK","WNK1","DOCK6"
"BTK","PDPK1","DOCK6"
"BTK","SGK1","DOCK6"
"BTK","MAP2K1","DOCK6"
"BTK","PRKCB","DOCK6"
"BTK","PRKCG","DOCK6"
"BTK","PRKCZ","DOCK6"
"BTK","CyclinD/CDK4","DOCK6"
"BTK","MAP3K1","DOCK6"
"BTK","MAP3K7","DOCK6"
"BTK","AKT","DOCK6"
"BTK","IKBKB","DOCK6"
"BTK","WWTR1","DOCK6"
"BTK","DOK1","DOCK6"
"BTK","MAP3K4","DOCK6"
"BTK","DAPK1","DOCK6"
"BTK","PXN","DOCK6"
"BTK","FGG","DOCK6"
"BTK","LEPR","DOCK6"
"BTK","ITK","DOCK6"
"BTK","RPS6KA3","DOCK6"
"BTK","BCL3","DOCK6"
"BTK","DVL1","DOCK6"
"BTK","FZR1","DOCK6"
"BTK","GRB2","DOCK6"
"BTK","VCPIP1","DOCK6"
"BTK","ATR","DOCK6"
"BTK","SGK3","DOCK6"
"BTK","PTK6","DOCK6"
"BTK","IKBKE","DOCK6"
"BTK","CCND1","DOCK6"
"BTK","ILK","DOCK6"
"BTK","STAP1","DOCK6"
"BTK","TBK1","DOCK6"
"BTK","SPRED1","DOCK6"
"BTK","MEK1/2","DOCK6"
"BTK","PTPN7","DOCK6"
"BTK","CALM1","DOCK6"
"BTK","FADD","DOCK6"
"BTK","STK38","DOCK6"
"BTK","TLK1","DOCK6"
"BTK","C9orf72","DOCK6"
"BTK","CDKN2A","DOCK6"
"BTK","MAP4K1","DOCK6"
"BTK","RET","DOCK6"
"BTK","DDX41","DOCK6"
"BTK","IKK-complex","DOCK6"
"BTK","SHC1","DOCK6"
"BTK","RPS6KA4","DOCK6"
"BTK","NTRK1","DOCK6"
"BTK","GPSM3","DOCK6"
"BTK","RELA","DOCK6"
"BTK","MAPKAPK5","DOCK6"
"BTK","EPHA2","DOCK6"
"BTK","MAP3K8","DOCK6"
"BTK","PTPRR","DOCK6"
"BTK","CDKN1B","DOCK6"
"BTK","FBLIM1","DOCK6"
"BTK","TEC","DOCK6"
"BTK","VCP","DOCK6"
"BTK","GRIP1","DOCK6"
"BTK","TMIGD2","DOCK6"
"BTK","CCR2","DOCK6"
"BTK","STIP1","DOCK6"
"BTK","PSTPIP1","DOCK6"
"BTK","ARRB2","DOCK6"
"BTK","TRAF3","DOCK6"
"BTK","CRTC2","DOCK6"
"BTK","CD28","DOCK6"
"BTK","INPP5D","DOCK6"
"BTK","FRS2","DOCK6"
"BTK","CCNE1","DOCK6"
"BTK","IMPDH2","DOCK6"
"BTK","SET","DOCK6"
"BTK","PIK3CG","DOCK6"
"BTK","SH2B2","DOCK6"
"BTK","TRPV1","DOCK6"
"BTK","PPP1R14A","DOCK6"
"BTK","BCL10","DOCK6"
"BTK","PIK3R6","DOCK6"
"BTK","MRE11","DOCK6"
"BTK","HDAC2","DOCK6"
"BTK","KSR1","DOCK6"
"BTK","DDX58","DOCK6"
"BTK","UBXN2B","DOCK6"
"BTK","MST1R","DOCK6"
"BTK","ROR2","DOCK6"
"BTK","ABI1","DOCK6"
"BTK","IFIH1","DOCK6"
"BTK","RAD50","DOCK6"
"BTK","TTI1","DOCK6"
"BTK","WDFY3","DOCK6"
"BTK","LRP6","DOCK6"
"BTK","GRB14","DOCK6"
"BTK","HOXB7","DOCK6"
"BTK","PIK3C3","DOCK6"
"BTK","RND1","DOCK6"
"BTK","STING1","DOCK6"
"BTK","SPEN","DOCK6"
"BTK","NFKB1","DOCK6"
"BTK","CTDP1","DOCK6"
"BTK","TELO2","DOCK6"
"BTK","BLVRA","DOCK6"
"BTK","CLSPN","DOCK6"
"BTK","MAPKAP1","DOCK6"
"BTK","GRB7","DOCK6"
"BTK","BAZ1B","DOCK6"
"BTK","PLCG2","DOCK6"
"BTK","RBL2","DOCK6"
"BTK","PPP1R14B","DOCK6"
"BTK","PABIR1","DOCK6"
"BTK","MAPK3","A4/b7 integrin"
"BTK","AKT3","A4/b7 integrin"
"BTK","CHUK","A4/b7 integrin"
"BTK","AKT2","A4/b7 integrin"
"BTK","PTEN","A4/b7 integrin"
"BTK","PRKCQ","A4/b7 integrin"
"BTK","MTOR","A4/b7 integrin"
"BTK","AKT1","A4/b7 integrin"
"BTK","PRKG1","A4/b7 integrin"
"BTK","CCP110","A4/b7 integrin"
"BTK","RPS6K","A4/b7 integrin"
"BTK","CALM2","A4/b7 integrin"
"BTK","ERK1/2","A4/b7 integrin"
"BTK","Gbeta","A4/b7 integrin"
"BTK","LCK","A4/b7 integrin"
"BTK","CDK9","A4/b7 integrin"
"BTK","ABL1","A4/b7 integrin"
"BTK","RPS6KA5","A4/b7 integrin"
"BTK","WNK1","A4/b7 integrin"
"BTK","PDPK1","A4/b7 integrin"
"BTK","SGK1","A4/b7 integrin"
"BTK","MAP2K1","A4/b7 integrin"
"BTK","PRKCG","A4/b7 integrin"
"BTK","PRKCZ","A4/b7 integrin"
"BTK","CyclinD/CDK4","A4/b7 integrin"
"BTK","MAP3K1","A4/b7 integrin"
"BTK","MAP3K7","A4/b7 integrin"
"BTK","AKT","A4/b7 integrin"
"BTK","IKBKB","A4/b7 integrin"
"BTK","WWTR1","A4/b7 integrin"
"BTK","DOK1","A4/b7 integrin"
"BTK","MAP3K4","A4/b7 integrin"
"BTK","DAPK1","A4/b7 integrin"
"BTK","PXN","A4/b7 integrin"
"BTK","FGG","A4/b7 integrin"
"BTK","LEPR","A4/b7 integrin"
"BTK","ITK","A4/b7 integrin"
"BTK","RPS6KA3","A4/b7 integrin"
"BTK","BCL3","A4/b7 integrin"
"BTK","DVL1","A4/b7 integrin"
"BTK","FZR1","A4/b7 integrin"
"BTK","GRB2","A4/b7 integrin"
"BTK","VCPIP1","A4/b7 integrin"
"BTK","ATR","A4/b7 integrin"
"BTK","SGK3","A4/b7 integrin"
"BTK","PTK6","A4/b7 integrin"
"BTK","IKBKE","A4/b7 integrin"
"BTK","CCND1","A4/b7 integrin"
"BTK","ILK","A4/b7 integrin"
"BTK","STAP1","A4/b7 integrin"
"BTK","TBK1","A4/b7 integrin"
"BTK","SPRED1","A4/b7 integrin"
"BTK","MEK1/2","A4/b7 integrin"
"BTK","PTPN7","A4/b7 integrin"
"BTK","CALM1","A4/b7 integrin"
"BTK","FADD","A4/b7 integrin"
"BTK","STK38","A4/b7 integrin"
"BTK","TLK1","A4/b7 integrin"
"BTK","C9orf72","A4/b7 integrin"
"BTK","CDKN2A","A4/b7 integrin"
"BTK","MAP4K1","A4/b7 integrin"
"BTK","RET","A4/b7 integrin"
"BTK","DDX41","A4/b7 integrin"
"BTK","IKK-complex","A4/b7 integrin"
"BTK","SHC1","A4/b7 integrin"
"BTK","RPS6KA4","A4/b7 integrin"
"BTK","NTRK1","A4/b7 integrin"
"BTK","GPSM3","A4/b7 integrin"
"BTK","RELA","A4/b7 integrin"
"BTK","MAPKAPK5","A4/b7 integrin"
"BTK","EPHA2","A4/b7 integrin"
"BTK","MAP3K8","A4/b7 integrin"
"BTK","PTPRR","A4/b7 integrin"
"BTK","CDKN1B","A4/b7 integrin"
"BTK","FBLIM1","A4/b7 integrin"
"BTK","TEC","A4/b7 integrin"
"BTK","VCP","A4/b7 integrin"
"BTK","GRIP1","A4/b7 integrin"
"BTK","TMIGD2","A4/b7 integrin"
"BTK","CCR2","A4/b7 integrin"
"BTK","STIP1","A4/b7 integrin"
"BTK","PSTPIP1","A4/b7 integrin"
"BTK","ARRB2","A4/b7 integrin"
"BTK","TRAF3","A4/b7 integrin"
"BTK","CRTC2","A4/b7 integrin"
"BTK","CD28","A4/b7 integrin"
"BTK","INPP5D","A4/b7 integrin"
"BTK","FRS2","A4/b7 integrin"
"BTK","CCNE1","A4/b7 integrin"
"BTK","IMPDH2","A4/b7 integrin"
"BTK","SET","A4/b7 integrin"
"BTK","PIK3CG","A4/b7 integrin"
"BTK","SH2B2","A4/b7 integrin"
"BTK","TRPV1","A4/b7 integrin"
"BTK","PPP1R14A","A4/b7 integrin"
"BTK","BCL10","A4/b7 integrin"
"BTK","PIK3R6","A4/b7 integrin"
"BTK","MRE11","A4/b7 integrin"
"BTK","HDAC2","A4/b7 integrin"
"BTK","KSR1","A4/b7 integrin"
"BTK","DDX58","A4/b7 integrin"
"BTK","UBXN2B","A4/b7 integrin"
"BTK","MST1R","A4/b7 integrin"
"BTK","ROR2","A4/b7 integrin"
"BTK","ABI1","A4/b7 integrin"
"BTK","IFIH1","A4/b7 integrin"
"BTK","RAD50","A4/b7 integrin"
"BTK","TTI1","A4/b7 integrin"
"BTK","WDFY3","A4/b7 integrin"
"BTK","LRP6","A4/b7 integrin"
"BTK","GRB14","A4/b7 integrin"
"BTK","HOXB7","A4/b7 integrin"
"BTK","PIK3C3","A4/b7 integrin"
"BTK","RND1","A4/b7 integrin"
"BTK","STING1","A4/b7 integrin"
"BTK","SPEN","A4/b7 integrin"
"BTK","NFKB1","A4/b7 integrin"
"BTK","CTDP1","A4/b7 integrin"
"BTK","TELO2","A4/b7 integrin"
"BTK","BLVRA","A4/b7 integrin"
"BTK","CLSPN","A4/b7 integrin"
"BTK","MAPKAP1","A4/b7 integrin"
"BTK","GRB7","A4/b7 integrin"
"BTK","BAZ1B","A4/b7 integrin"
"BTK","PLCG2","A4/b7 integrin"
"BTK","RBL2","A4/b7 integrin"
"BTK","PPP1R14B","A4/b7 integrin"
"BTK","PABIR1","A4/b7 integrin"
"BTK","MAPK3","PI4KB"
"BTK","AKT3","PI4KB"
"BTK","CHUK","PI4KB"
"BTK","AKT2","PI4KB"
"BTK","PTEN","PI4KB"
"BTK","PRKCQ","PI4KB"
"BTK","MTOR","PI4KB"
"BTK","AKT1","PI4KB"
"BTK","PRKG1","PI4KB"
"BTK","CCP110","PI4KB"
"BTK","RPS6K","PI4KB"
"BTK","CALM2","PI4KB"
"BTK","ERK1/2","PI4KB"
"BTK","Gbeta","PI4KB"
"BTK","LCK","PI4KB"
"BTK","CDK9","PI4KB"
"BTK","ABL1","PI4KB"
"BTK","RPS6KA5","PI4KB"
"BTK","WNK1","PI4KB"
"BTK","PDPK1","PI4KB"
"BTK","SGK1","PI4KB"
"BTK","MAP2K1","PI4KB"
"BTK","PRKCB","PI4KB"
"BTK","PRKCG","PI4KB"
"BTK","PRKCZ","PI4KB"
"BTK","CyclinD/CDK4","PI4KB"
"BTK","MAP3K1","PI4KB"
"BTK","MAP3K7","PI4KB"
"BTK","AKT","PI4KB"
"BTK","IKBKB","PI4KB"
"BTK","WWTR1","PI4KB"
"BTK","DOK1","PI4KB"
"BTK","MAP3K4","PI4KB"
"BTK","DAPK1","PI4KB"
"BTK","PXN","PI4KB"
"BTK","FGG","PI4KB"
"BTK","LEPR","PI4KB"
"BTK","RPS6KA3","PI4KB"
"BTK","BCL3","PI4KB"
"BTK","DVL1","PI4KB"
"BTK","FZR1","PI4KB"
"BTK","GRB2","PI4KB"
"BTK","VCPIP1","PI4KB"
"BTK","ATR","PI4KB"
"BTK","SGK3","PI4KB"
"BTK","PTK6","PI4KB"
"BTK","IKBKE","PI4KB"
"BTK","CCND1","PI4KB"
"BTK","ILK","PI4KB"
"BTK","STAP1","PI4KB"
"BTK","TBK1","PI4KB"
"BTK","SPRED1","PI4KB"
"BTK","MEK1/2","PI4KB"
"BTK","PTPN7","PI4KB"
"BTK","CALM1","PI4KB"
"BTK","FADD","PI4KB"
"BTK","STK38","PI4KB"
"BTK","TLK1","PI4KB"
"BTK","C9orf72","PI4KB"
"BTK","CDKN2A","PI4KB"
"BTK","MAP4K1","PI4KB"
"BTK","RET","PI4KB"
"BTK","DDX41","PI4KB"
"BTK","IKK-complex","PI4KB"
"BTK","SHC1","PI4KB"
"BTK","RPS6KA4","PI4KB"
"BTK","NTRK1","PI4KB"
"BTK","GPSM3","PI4KB"
"BTK","RELA","PI4KB"
"BTK","MAPKAPK5","PI4KB"
"BTK","EPHA2","PI4KB"
"BTK","MAP3K8","PI4KB"
"BTK","PTPRR","PI4KB"
"BTK","CDKN1B","PI4KB"
"BTK","FBLIM1","PI4KB"
"BTK","TEC","PI4KB"
"BTK","VCP","PI4KB"
"BTK","GRIP1","PI4KB"
"BTK","TMIGD2","PI4KB"
"BTK","CCR2","PI4KB"
"BTK","STIP1","PI4KB"
"BTK","PSTPIP1","PI4KB"
"BTK","ARRB2","PI4KB"
"BTK","TRAF3","PI4KB"
"BTK","CRTC2","PI4KB"
"BTK","CD28","PI4KB"
"BTK","INPP5D","PI4KB"
"BTK","FRS2","PI4KB"
"BTK","CCNE1","PI4KB"
"BTK","IMPDH2","PI4KB"
"BTK","SET","PI4KB"
"BTK","PIK3CG","PI4KB"
"BTK","SH2B2","PI4KB"
"BTK","TRPV1","PI4KB"
"BTK","PPP1R14A","PI4KB"
"BTK","BCL10","PI4KB"
"BTK","PIK3R6","PI4KB"
"BTK","MRE11","PI4KB"
"BTK","HDAC2","PI4KB"
"BTK","KSR1","PI4KB"
"BTK","DDX58","PI4KB"
"BTK","UBXN2B","PI4KB"
"BTK","MST1R","PI4KB"
"BTK","ROR2","PI4KB"
"BTK","ABI1","PI4KB"
"BTK","IFIH1","PI4KB"
"BTK","RAD50","PI4KB"
"BTK","TTI1","PI4KB"
"BTK","WDFY3","PI4KB"
"BTK","LRP6","PI4KB"
"BTK","GRB14","PI4KB"
"BTK","HOXB7","PI4KB"
"BTK","PIK3C3","PI4KB"
"BTK","RND1","PI4KB"
"BTK","STING1","PI4KB"
"BTK","SPEN","PI4KB"
"BTK","NFKB1","PI4KB"
"BTK","CTDP1","PI4KB"
"BTK","TELO2","PI4KB"
"BTK","BLVRA","PI4KB"
"BTK","CLSPN","PI4KB"
"BTK","MAPKAP1","PI4KB"
"BTK","GRB7","PI4KB"
"BTK","BAZ1B","PI4KB"
"BTK","PLCG2","PI4KB"
"BTK","RBL2","PI4KB"
"BTK","PPP1R14B","PI4KB"
"BTK","PABIR1","PI4KB"
"BTK","MAPK3","PREX1"
"BTK","AKT3","PREX1"
"BTK","CHUK","PREX1"
"BTK","AKT2","PREX1"
"BTK","PTEN","PREX1"
"BTK","PRKCQ","PREX1"
"BTK","MTOR","PREX1"
"BTK","AKT1","PREX1"
"BTK","PRKG1","PREX1"
"BTK","CCP110","PREX1"
"BTK","RPS6K","PREX1"
"BTK","CALM2","PREX1"
"BTK","ERK1/2","PREX1"
"BTK","Gbeta","PREX1"
"BTK","LCK","PREX1"
"BTK","CDK9","PREX1"
"BTK","ABL1","PREX1"
"BTK","RPS6KA5","PREX1"
"BTK","WNK1","PREX1"
"BTK","PDPK1","PREX1"
"BTK","SGK1","PREX1"
"BTK","MAP2K1","PREX1"
"BTK","PRKCB","PREX1"
"BTK","PRKCG","PREX1"
"BTK","PRKCZ","PREX1"
"BTK","CyclinD/CDK4","PREX1"
"BTK","MAP3K1","PREX1"
"BTK","MAP3K7","PREX1"
"BTK","AKT","PREX1"
"BTK","IKBKB","PREX1"
"BTK","WWTR1","PREX1"
"BTK","DOK1","PREX1"
"BTK","MAP3K4","PREX1"
"BTK","DAPK1","PREX1"
"BTK","PXN","PREX1"
"BTK","FGG","PREX1"
"BTK","LEPR","PREX1"
"BTK","ITK","PREX1"
"BTK","RPS6KA3","PREX1"
"BTK","BCL3","PREX1"
"BTK","DVL1","PREX1"
"BTK","FZR1","PREX1"
"BTK","GRB2","PREX1"
"BTK","VCPIP1","PREX1"
"BTK","ATR","PREX1"
"BTK","SGK3","PREX1"
"BTK","PTK6","PREX1"
"BTK","IKBKE","PREX1"
"BTK","CCND1","PREX1"
"BTK","ILK","PREX1"
"BTK","STAP1","PREX1"
"BTK","TBK1","PREX1"
"BTK","SPRED1","PREX1"
"BTK","MEK1/2","PREX1"
"BTK","PTPN7","PREX1"
"BTK","CALM1","PREX1"
"BTK","FADD","PREX1"
"BTK","STK38","PREX1"
"BTK","TLK1","PREX1"
"BTK","C9orf72","PREX1"
"BTK","CDKN2A","PREX1"
"BTK","MAP4K1","PREX1"
"BTK","RET","PREX1"
"BTK","DDX41","PREX1"
"BTK","IKK-complex","PREX1"
"BTK","SHC1","PREX1"
"BTK","RPS6KA4","PREX1"
"BTK","NTRK1","PREX1"
"BTK","GPSM3","PREX1"
"BTK","RELA","PREX1"
"BTK","MAPKAPK5","PREX1"
"BTK","EPHA2","PREX1"
"BTK","MAP3K8","PREX1"
"BTK","PTPRR","PREX1"
"BTK","CDKN1B","PREX1"
"BTK","FBLIM1","PREX1"
"BTK","TEC","PREX1"
"BTK","VCP","PREX1"
"BTK","GRIP1","PREX1"
"BTK","TMIGD2","PREX1"
"BTK","CCR2","PREX1"
"BTK","STIP1","PREX1"
"BTK","PSTPIP1","PREX1"
"BTK","ARRB2","PREX1"
"BTK","TRAF3","PREX1"
"BTK","CRTC2","PREX1"
"BTK","CD28","PREX1"
"BTK","INPP5D","PREX1"
"BTK","FRS2","PREX1"
"BTK","CCNE1","PREX1"
"BTK","IMPDH2","PREX1"
"BTK","SET","PREX1"
"BTK","PIK3CG","PREX1"
"BTK","SH2B2","PREX1"
"BTK","TRPV1","PREX1"
"BTK","PPP1R14A","PREX1"
"BTK","BCL10","PREX1"
"BTK","PIK3R6","PREX1"
"BTK","MRE11","PREX1"
"BTK","HDAC2","PREX1"
"BTK","KSR1","PREX1"
"BTK","DDX58","PREX1"
"BTK","UBXN2B","PREX1"
"BTK","MST1R","PREX1"
"BTK","ROR2","PREX1"
"BTK","ABI1","PREX1"
"BTK","IFIH1","PREX1"
"BTK","RAD50","PREX1"
"BTK","TTI1","PREX1"
"BTK","WDFY3","PREX1"
"BTK","LRP6","PREX1"
"BTK","GRB14","PREX1"
"BTK","HOXB7","PREX1"
"BTK","PIK3C3","PREX1"
"BTK","RND1","PREX1"
"BTK","STING1","PREX1"
"BTK","SPEN","PREX1"
"BTK","NFKB1","PREX1"
"BTK","CTDP1","PREX1"
"BTK","TELO2","PREX1"
"BTK","BLVRA","PREX1"
"BTK","CLSPN","PREX1"
"BTK","MAPKAP1","PREX1"
"BTK","GRB7","PREX1"
"BTK","BAZ1B","PREX1"
"BTK","RBL2","PREX1"
"BTK","PPP1R14B","PREX1"
"BTK","PABIR1","PREX1"
"BTK","MAPK3","RGS19"
"BTK","AKT3","RGS19"
"BTK","CHUK","RGS19"
"BTK","AKT2","RGS19"
"BTK","PTEN","RGS19"
"BTK","PRKCQ","RGS19"
"BTK","MTOR","RGS19"
"BTK","AKT1","RGS19"
"BTK","PRKG1","RGS19"
"BTK","CCP110","RGS19"
"BTK","RPS6K","RGS19"
"BTK","CALM2","RGS19"
"BTK","ERK1/2","RGS19"
"BTK","Gbeta","RGS19"
"BTK","LCK","RGS19"
"BTK","CDK9","RGS19"
"BTK","ABL1","RGS19"
"BTK","RPS6KA5","RGS19"
"BTK","WNK1","RGS19"
"BTK","PDPK1","RGS19"
"BTK","SGK1","RGS19"
"BTK","MAP2K1","RGS19"
"BTK","PRKCB","RGS19"
"BTK","PRKCG","RGS19"
"BTK","PRKCZ","RGS19"
"BTK","CyclinD/CDK4","RGS19"
"BTK","MAP3K1","RGS19"
"BTK","MAP3K7","RGS19"
"BTK","AKT","RGS19"
"BTK","IKBKB","RGS19"
"BTK","WWTR1","RGS19"
"BTK","DOK1","RGS19"
"BTK","MAP3K4","RGS19"
"BTK","DAPK1","RGS19"
"BTK","PXN","RGS19"
"BTK","FGG","RGS19"
"BTK","LEPR","RGS19"
"BTK","ITK","RGS19"
"BTK","RPS6KA3","RGS19"
"BTK","BCL3","RGS19"
"BTK","DVL1","RGS19"
"BTK","FZR1","RGS19"
"BTK","GRB2","RGS19"
"BTK","VCPIP1","RGS19"
"BTK","ATR","RGS19"
"BTK","SGK3","RGS19"
"BTK","PTK6","RGS19"
"BTK","IKBKE","RGS19"
"BTK","CCND1","RGS19"
"BTK","ILK","RGS19"
"BTK","STAP1","RGS19"
"BTK","TBK1","RGS19"
"BTK","SPRED1","RGS19"
"BTK","MEK1/2","RGS19"
"BTK","PTPN7","RGS19"
"BTK","CALM1","RGS19"
"BTK","FADD","RGS19"
"BTK","STK38","RGS19"
"BTK","TLK1","RGS19"
"BTK","C9orf72","RGS19"
"BTK","CDKN2A","RGS19"
"BTK","MAP4K1","RGS19"
"BTK","DDX41","RGS19"
"BTK","IKK-complex","RGS19"
"BTK","SHC1","RGS19"
"BTK","RPS6KA4","RGS19"
"BTK","NTRK1","RGS19"
"BTK","GPSM3","RGS19"
"BTK","RELA","RGS19"
"BTK","MAPKAPK5","RGS19"
"BTK","EPHA2","RGS19"
"BTK","MAP3K8","RGS19"
"BTK","PTPRR","RGS19"
"BTK","CDKN1B","RGS19"
"BTK","FBLIM1","RGS19"
"BTK","TEC","RGS19"
"BTK","VCP","RGS19"
"BTK","GRIP1","RGS19"
"BTK","TMIGD2","RGS19"
"BTK","CCR2","RGS19"
"BTK","STIP1","RGS19"
"BTK","PSTPIP1","RGS19"
"BTK","ARRB2","RGS19"
"BTK","TRAF3","RGS19"
"BTK","CRTC2","RGS19"
"BTK","CD28","RGS19"
"BTK","INPP5D","RGS19"
"BTK","FRS2","RGS19"
"BTK","CCNE1","RGS19"
"BTK","IMPDH2","RGS19"
"BTK","SET","RGS19"
"BTK","PIK3CG","RGS19"
"BTK","SH2B2","RGS19"
"BTK","TRPV1","RGS19"
"BTK","PPP1R14A","RGS19"
"BTK","BCL10","RGS19"
"BTK","PIK3R6","RGS19"
"BTK","MRE11","RGS19"
"BTK","HDAC2","RGS19"
"BTK","KSR1","RGS19"
"BTK","DDX58","RGS19"
"BTK","UBXN2B","RGS19"
"BTK","MST1R","RGS19"
"BTK","ROR2","RGS19"
"BTK","ABI1","RGS19"
"BTK","IFIH1","RGS19"
"BTK","RAD50","RGS19"
"BTK","TTI1","RGS19"
"BTK","WDFY3","RGS19"
"BTK","LRP6","RGS19"
"BTK","GRB14","RGS19"
"BTK","HOXB7","RGS19"
"BTK","PIK3C3","RGS19"
"BTK","RND1","RGS19"
"BTK","STING1","RGS19"
"BTK","SPEN","RGS19"
"BTK","NFKB1","RGS19"
"BTK","CTDP1","RGS19"
"BTK","TELO2","RGS19"
"BTK","BLVRA","RGS19"
"BTK","CLSPN","RGS19"
"BTK","MAPKAP1","RGS19"
"BTK","GRB7","RGS19"
"BTK","BAZ1B","RGS19"
"BTK","PLCG2","RGS19"
"BTK","RBL2","RGS19"
"BTK","PPP1R14B","RGS19"
"BTK","PABIR1","RGS19"
"BTK","MAPK3","AE/b7 integrin"
"BTK","AKT3","AE/b7 integrin"
"BTK","CHUK","AE/b7 integrin"
"BTK","AKT2","AE/b7 integrin"
"BTK","PTEN","AE/b7 integrin"
"BTK","PRKCQ","AE/b7 integrin"
"BTK","MTOR","AE/b7 integrin"
"BTK","AKT1","AE/b7 integrin"
"BTK","PRKG1","AE/b7 integrin"
"BTK","CCP110","AE/b7 integrin"
"BTK","RPS6K","AE/b7 integrin"
"BTK","CALM2","AE/b7 integrin"
"BTK","ERK1/2","AE/b7 integrin"
"BTK","Gbeta","AE/b7 integrin"
"BTK","LCK","AE/b7 integrin"
"BTK","CDK9","AE/b7 integrin"
"BTK","ABL1","AE/b7 integrin"
"BTK","RPS6KA5","AE/b7 integrin"
"BTK","WNK1","AE/b7 integrin"
"BTK","PDPK1","AE/b7 integrin"
"BTK","SGK1","AE/b7 integrin"
"BTK","MAP2K1","AE/b7 integrin"
"BTK","PRKCB","AE/b7 integrin"
"BTK","PRKCG","AE/b7 integrin"
"BTK","PRKCZ","AE/b7 integrin"
"BTK","CyclinD/CDK4","AE/b7 integrin"
"BTK","MAP3K1","AE/b7 integrin"
"BTK","MAP3K7","AE/b7 integrin"
"BTK","AKT","AE/b7 integrin"
"BTK","IKBKB","AE/b7 integrin"
"BTK","WWTR1","AE/b7 integrin"
"BTK","DOK1","AE/b7 integrin"
"BTK","MAP3K4","AE/b7 integrin"
"BTK","DAPK1","AE/b7 integrin"
"BTK","PXN","AE/b7 integrin"
"BTK","FGG","AE/b7 integrin"
"BTK","LEPR","AE/b7 integrin"
"BTK","ITK","AE/b7 integrin"
"BTK","RPS6KA3","AE/b7 integrin"
"BTK","BCL3","AE/b7 integrin"
"BTK","DVL1","AE/b7 integrin"
"BTK","FZR1","AE/b7 integrin"
"BTK","GRB2","AE/b7 integrin"
"BTK","VCPIP1","AE/b7 integrin"
"BTK","ATR","AE/b7 integrin"
"BTK","SGK3","AE/b7 integrin"
"BTK","PTK6","AE/b7 integrin"
"BTK","IKBKE","AE/b7 integrin"
"BTK","CCND1","AE/b7 integrin"
"BTK","ILK","AE/b7 integrin"
"BTK","STAP1","AE/b7 integrin"
"BTK","TBK1","AE/b7 integrin"
"BTK","SPRED1","AE/b7 integrin"
"BTK","MEK1/2","AE/b7 integrin"
"BTK","PTPN7","AE/b7 integrin"
"BTK","CALM1","AE/b7 integrin"
"BTK","FADD","AE/b7 integrin"
"BTK","STK38","AE/b7 integrin"
"BTK","TLK1","AE/b7 integrin"
"BTK","C9orf72","AE/b7 integrin"
"BTK","CDKN2A","AE/b7 integrin"
"BTK","MAP4K1","AE/b7 integrin"
"BTK","RET","AE/b7 integrin"
"BTK","DDX41","AE/b7 integrin"
"BTK","IKK-complex","AE/b7 integrin"
"BTK","SHC1","AE/b7 integrin"
"BTK","RPS6KA4","AE/b7 integrin"
"BTK","NTRK1","AE/b7 integrin"
"BTK","GPSM3","AE/b7 integrin"
"BTK","RELA","AE/b7 integrin"
"BTK","MAPKAPK5","AE/b7 integrin"
"BTK","EPHA2","AE/b7 integrin"
"BTK","MAP3K8","AE/b7 integrin"
"BTK","PTPRR","AE/b7 integrin"
"BTK","CDKN1B","AE/b7 integrin"
"BTK","FBLIM1","AE/b7 integrin"
"BTK","TEC","AE/b7 integrin"
"BTK","VCP","AE/b7 integrin"
"BTK","GRIP1","AE/b7 integrin"
"BTK","TMIGD2","AE/b7 integrin"
"BTK","CCR2","AE/b7 integrin"
"BTK","STIP1","AE/b7 integrin"
"BTK","PSTPIP1","AE/b7 integrin"
"BTK","ARRB2","AE/b7 integrin"
"BTK","TRAF3","AE/b7 integrin"
"BTK","CRTC2","AE/b7 integrin"
"BTK","CD28","AE/b7 integrin"
"BTK","INPP5D","AE/b7 integrin"
"BTK","FRS2","AE/b7 integrin"
"BTK","CCNE1","AE/b7 integrin"
"BTK","IMPDH2","AE/b7 integrin"
"BTK","SET","AE/b7 integrin"
"BTK","PIK3CG","AE/b7 integrin"
"BTK","SH2B2","AE/b7 integrin"
"BTK","TRPV1","AE/b7 integrin"
"BTK","PPP1R14A","AE/b7 integrin"
"BTK","BCL10","AE/b7 integrin"
"BTK","PIK3R6","AE/b7 integrin"
"BTK","MRE11","AE/b7 integrin"
"BTK","HDAC2","AE/b7 integrin"
"BTK","KSR1","AE/b7 integrin"
"BTK","DDX58","AE/b7 integrin"
"BTK","UBXN2B","AE/b7 integrin"
"BTK","MST1R","AE/b7 integrin"
"BTK","ROR2","AE/b7 integrin"
"BTK","ABI1","AE/b7 integrin"
"BTK","IFIH1","AE/b7 integrin"
"BTK","RAD50","AE/b7 integrin"
"BTK","TTI1","AE/b7 integrin"
"BTK","WDFY3","AE/b7 integrin"
"BTK","LRP6","AE/b7 integrin"
"BTK","GRB14","AE/b7 integrin"
"BTK","HOXB7","AE/b7 integrin"
"BTK","PIK3C3","AE/b7 integrin"
"BTK","RND1","AE/b7 integrin"
"BTK","STING1","AE/b7 integrin"
"BTK","SPEN","AE/b7 integrin"
"BTK","NFKB1","AE/b7 integrin"
"BTK","CTDP1","AE/b7 integrin"
"BTK","TELO2","AE/b7 integrin"
"BTK","BLVRA","AE/b7 integrin"
"BTK","CLSPN","AE/b7 integrin"
"BTK","MAPKAP1","AE/b7 integrin"
"BTK","GRB7","AE/b7 integrin"
"BTK","BAZ1B","AE/b7 integrin"
"BTK","PLCG2","AE/b7 integrin"
"BTK","RBL2","AE/b7 integrin"
"BTK","PPP1R14B","AE/b7 integrin"
"BTK","PABIR1","AE/b7 integrin"
"BTK","MAPK3","NFE2L2"
"BTK","AKT3","NFE2L2"
"BTK","CHUK","NFE2L2"
"BTK","AKT2","NFE2L2"
"BTK","PTEN","NFE2L2"
"BTK","PRKCQ","NFE2L2"
"BTK","MTOR","NFE2L2"
"BTK","AKT1","NFE2L2"
"BTK","PRKG1","NFE2L2"
"BTK","CCP110","NFE2L2"
"BTK","RPS6K","NFE2L2"
"BTK","CALM2","NFE2L2"
"BTK","ERK1/2","NFE2L2"
"BTK","Gbeta","NFE2L2"
"BTK","LCK","NFE2L2"
"BTK","CDK9","NFE2L2"
"BTK","ABL1","NFE2L2"
"BTK","RPS6KA5","NFE2L2"
"BTK","WNK1","NFE2L2"
"BTK","PDPK1","NFE2L2"
"BTK","SGK1","NFE2L2"
"BTK","MAP2K1","NFE2L2"
"BTK","PRKCB","NFE2L2"
"BTK","PRKCG","NFE2L2"
"BTK","PRKCZ","NFE2L2"
"BTK","CyclinD/CDK4","NFE2L2"
"BTK","MAP3K1","NFE2L2"
"BTK","MAP3K7","NFE2L2"
"BTK","AKT","NFE2L2"
"BTK","IKBKB","NFE2L2"
"BTK","WWTR1","NFE2L2"
"BTK","DOK1","NFE2L2"
"BTK","MAP3K4","NFE2L2"
"BTK","DAPK1","NFE2L2"
"BTK","PXN","NFE2L2"
"BTK","FGG","NFE2L2"
"BTK","LEPR","NFE2L2"
"BTK","RPS6KA3","NFE2L2"
"BTK","BCL3","NFE2L2"
"BTK","DVL1","NFE2L2"
"BTK","FZR1","NFE2L2"
"BTK","GRB2","NFE2L2"
"BTK","VCPIP1","NFE2L2"
"BTK","ATR","NFE2L2"
"BTK","SGK3","NFE2L2"
"BTK","PTK6","NFE2L2"
"BTK","IKBKE","NFE2L2"
"BTK","CCND1","NFE2L2"
"BTK","ILK","NFE2L2"
"BTK","STAP1","NFE2L2"
"BTK","TBK1","NFE2L2"
"BTK","SPRED1","NFE2L2"
"BTK","MEK1/2","NFE2L2"
"BTK","PTPN7","NFE2L2"
"BTK","CALM1","NFE2L2"
"BTK","FADD","NFE2L2"
"BTK","STK38","NFE2L2"
"BTK","TLK1","NFE2L2"
"BTK","C9orf72","NFE2L2"
"BTK","CDKN2A","NFE2L2"
"BTK","MAP4K1","NFE2L2"
"BTK","RET","NFE2L2"
"BTK","DDX41","NFE2L2"
"BTK","IKK-complex","NFE2L2"
"BTK","SHC1","NFE2L2"
"BTK","RPS6KA4","NFE2L2"
"BTK","NTRK1","NFE2L2"
"BTK","GPSM3","NFE2L2"
"BTK","RELA","NFE2L2"
"BTK","MAPKAPK5","NFE2L2"
"BTK","EPHA2","NFE2L2"
"BTK","MAP3K8","NFE2L2"
"BTK","PTPRR","NFE2L2"
"BTK","CDKN1B","NFE2L2"
"BTK","FBLIM1","NFE2L2"
"BTK","VCP","NFE2L2"
"BTK","GRIP1","NFE2L2"
"BTK","TMIGD2","NFE2L2"
"BTK","CCR2","NFE2L2"
"BTK","STIP1","NFE2L2"
"BTK","PSTPIP1","NFE2L2"
"BTK","ARRB2","NFE2L2"
"BTK","TRAF3","NFE2L2"
"BTK","CRTC2","NFE2L2"
"BTK","CD28","NFE2L2"
"BTK","INPP5D","NFE2L2"
"BTK","FRS2","NFE2L2"
"BTK","CCNE1","NFE2L2"
"BTK","IMPDH2","NFE2L2"
"BTK","SET","NFE2L2"
"BTK","PIK3CG","NFE2L2"
"BTK","SH2B2","NFE2L2"
"BTK","TRPV1","NFE2L2"
"BTK","PPP1R14A","NFE2L2"
"BTK","BCL10","NFE2L2"
"BTK","PIK3R6","NFE2L2"
"BTK","MRE11","NFE2L2"
"BTK","HDAC2","NFE2L2"
"BTK","KSR1","NFE2L2"
"BTK","DDX58","NFE2L2"
"BTK","UBXN2B","NFE2L2"
"BTK","MST1R","NFE2L2"
"BTK","ROR2","NFE2L2"
"BTK","ABI1","NFE2L2"
"BTK","IFIH1","NFE2L2"
"BTK","RAD50","NFE2L2"
"BTK","TTI1","NFE2L2"
"BTK","WDFY3","NFE2L2"
"BTK","LRP6","NFE2L2"
"BTK","GRB14","NFE2L2"
"BTK","HOXB7","NFE2L2"
"BTK","PIK3C3","NFE2L2"
"BTK","RND1","NFE2L2"
"BTK","STING1","NFE2L2"
"BTK","SPEN","NFE2L2"
"BTK","NFKB1","NFE2L2"
"BTK","CTDP1","NFE2L2"
"BTK","TELO2","NFE2L2"
"BTK","BLVRA","NFE2L2"
"BTK","CLSPN","NFE2L2"
"BTK","MAPKAP1","NFE2L2"
"BTK","GRB7","NFE2L2"
"BTK","BAZ1B","NFE2L2"
"BTK","PLCG2","NFE2L2"
"BTK","RBL2","NFE2L2"
"BTK","PPP1R14B","NFE2L2"
"BTK","PABIR1","NFE2L2"
"BTK","MAPK3","SLC4A4"
"BTK","AKT3","SLC4A4"
"BTK","CHUK","SLC4A4"
"BTK","AKT2","SLC4A4"
"BTK","PTEN","SLC4A4"
"BTK","PRKCQ","SLC4A4"
"BTK","MTOR","SLC4A4"
"BTK","AKT1","SLC4A4"
"BTK","PRKG1","SLC4A4"
"BTK","CCP110","SLC4A4"
"BTK","RPS6K","SLC4A4"
"BTK","CALM2","SLC4A4"
"BTK","ERK1/2","SLC4A4"
"BTK","Gbeta","SLC4A4"
"BTK","LCK","SLC4A4"
"BTK","CDK9","SLC4A4"
"BTK","ABL1","SLC4A4"
"BTK","RPS6KA5","SLC4A4"
"BTK","WNK1","SLC4A4"
"BTK","PDPK1","SLC4A4"
"BTK","SGK1","SLC4A4"
"BTK","MAP2K1","SLC4A4"
"BTK","PRKCB","SLC4A4"
"BTK","PRKCG","SLC4A4"
"BTK","PRKCZ","SLC4A4"
"BTK","CyclinD/CDK4","SLC4A4"
"BTK","MAP3K1","SLC4A4"
"BTK","MAP3K7","SLC4A4"
"BTK","AKT","SLC4A4"
"BTK","IKBKB","SLC4A4"
"BTK","WWTR1","SLC4A4"
"BTK","DOK1","SLC4A4"
"BTK","MAP3K4","SLC4A4"
"BTK","DAPK1","SLC4A4"
"BTK","PXN","SLC4A4"
"BTK","FGG","SLC4A4"
"BTK","LEPR","SLC4A4"
"BTK","ITK","SLC4A4"
"BTK","RPS6KA3","SLC4A4"
"BTK","BCL3","SLC4A4"
"BTK","DVL1","SLC4A4"
"BTK","FZR1","SLC4A4"
"BTK","GRB2","SLC4A4"
"BTK","VCPIP1","SLC4A4"
"BTK","ATR","SLC4A4"
"BTK","SGK3","SLC4A4"
"BTK","PTK6","SLC4A4"
"BTK","IKBKE","SLC4A4"
"BTK","CCND1","SLC4A4"
"BTK","ILK","SLC4A4"
"BTK","STAP1","SLC4A4"
"BTK","TBK1","SLC4A4"
"BTK","SPRED1","SLC4A4"
"BTK","MEK1/2","SLC4A4"
"BTK","PTPN7","SLC4A4"
"BTK","CALM1","SLC4A4"
"BTK","FADD","SLC4A4"
"BTK","STK38","SLC4A4"
"BTK","TLK1","SLC4A4"
"BTK","C9orf72","SLC4A4"
"BTK","CDKN2A","SLC4A4"
"BTK","MAP4K1","SLC4A4"
"BTK","RET","SLC4A4"
"BTK","DDX41","SLC4A4"
"BTK","IKK-complex","SLC4A4"
"BTK","SHC1","SLC4A4"
"BTK","RPS6KA4","SLC4A4"
"BTK","NTRK1","SLC4A4"
"BTK","GPSM3","SLC4A4"
"BTK","RELA","SLC4A4"
"BTK","MAPKAPK5","SLC4A4"
"BTK","EPHA2","SLC4A4"
"BTK","MAP3K8","SLC4A4"
"BTK","PTPRR","SLC4A4"
"BTK","CDKN1B","SLC4A4"
"BTK","FBLIM1","SLC4A4"
"BTK","TEC","SLC4A4"
"BTK","VCP","SLC4A4"
"BTK","GRIP1","SLC4A4"
"BTK","TMIGD2","SLC4A4"
"BTK","CCR2","SLC4A4"
"BTK","STIP1","SLC4A4"
"BTK","PSTPIP1","SLC4A4"
"BTK","ARRB2","SLC4A4"
"BTK","TRAF3","SLC4A4"
"BTK","CRTC2","SLC4A4"
"BTK","CD28","SLC4A4"
"BTK","INPP5D","SLC4A4"
"BTK","FRS2","SLC4A4"
"BTK","CCNE1","SLC4A4"
"BTK","IMPDH2","SLC4A4"
"BTK","SET","SLC4A4"
"BTK","PIK3CG","SLC4A4"
"BTK","SH2B2","SLC4A4"
"BTK","TRPV1","SLC4A4"
"BTK","PPP1R14A","SLC4A4"
"BTK","BCL10","SLC4A4"
"BTK","PIK3R6","SLC4A4"
"BTK","MRE11","SLC4A4"
"BTK","HDAC2","SLC4A4"
"BTK","KSR1","SLC4A4"
"BTK","DDX58","SLC4A4"
"BTK","UBXN2B","SLC4A4"
"BTK","MST1R","SLC4A4"
"BTK","ROR2","SLC4A4"
"BTK","ABI1","SLC4A4"
"BTK","IFIH1","SLC4A4"
"BTK","RAD50","SLC4A4"
"BTK","TTI1","SLC4A4"
"BTK","WDFY3","SLC4A4"
"BTK","LRP6","SLC4A4"
"BTK","GRB14","SLC4A4"
"BTK","HOXB7","SLC4A4"
"BTK","PIK3C3","SLC4A4"
"BTK","RND1","SLC4A4"
"BTK","STING1","SLC4A4"
"BTK","SPEN","SLC4A4"
"BTK","NFKB1","SLC4A4"
"BTK","CTDP1","SLC4A4"
"BTK","TELO2","SLC4A4"
"BTK","BLVRA","SLC4A4"
"BTK","CLSPN","SLC4A4"
"BTK","MAPKAP1","SLC4A4"
"BTK","GRB7","SLC4A4"
"BTK","BAZ1B","SLC4A4"
"BTK","RBL2","SLC4A4"
"BTK","PPP1R14B","SLC4A4"
"BTK","PABIR1","SLC4A4"
"BTK","MAPK3","HSPH1"
"BTK","AKT3","HSPH1"
"BTK","CHUK","HSPH1"
"BTK","AKT2","HSPH1"
"BTK","PTEN","HSPH1"
"BTK","PRKCQ","HSPH1"
"BTK","MTOR","HSPH1"
"BTK","AKT1","HSPH1"
"BTK","PRKG1","HSPH1"
"BTK","CCP110","HSPH1"
"BTK","RPS6K","HSPH1"
"BTK","CALM2","HSPH1"
"BTK","ERK1/2","HSPH1"
"BTK","Gbeta","HSPH1"
"BTK","LCK","HSPH1"
"BTK","CDK9","HSPH1"
"BTK","ABL1","HSPH1"
"BTK","RPS6KA5","HSPH1"
"BTK","WNK1","HSPH1"
"BTK","PDPK1","HSPH1"
"BTK","SGK1","HSPH1"
"BTK","MAP2K1","HSPH1"
"BTK","PRKCB","HSPH1"
"BTK","PRKCG","HSPH1"
"BTK","PRKCZ","HSPH1"
"BTK","CyclinD/CDK4","HSPH1"
"BTK","MAP3K1","HSPH1"
"BTK","MAP3K7","HSPH1"
"BTK","AKT","HSPH1"
"BTK","IKBKB","HSPH1"
"BTK","WWTR1","HSPH1"
"BTK","DOK1","HSPH1"
"BTK","MAP3K4","HSPH1"
"BTK","DAPK1","HSPH1"
"BTK","PXN","HSPH1"
"BTK","FGG","HSPH1"
"BTK","LEPR","HSPH1"
"BTK","ITK","HSPH1"
"BTK","RPS6KA3","HSPH1"
"BTK","BCL3","HSPH1"
"BTK","DVL1","HSPH1"
"BTK","FZR1","HSPH1"
"BTK","GRB2","HSPH1"
"BTK","VCPIP1","HSPH1"
"BTK","ATR","HSPH1"
"BTK","SGK3","HSPH1"
"BTK","PTK6","HSPH1"
"BTK","IKBKE","HSPH1"
"BTK","CCND1","HSPH1"
"BTK","ILK","HSPH1"
"BTK","STAP1","HSPH1"
"BTK","TBK1","HSPH1"
"BTK","SPRED1","HSPH1"
"BTK","MEK1/2","HSPH1"
"BTK","PTPN7","HSPH1"
"BTK","CALM1","HSPH1"
"BTK","FADD","HSPH1"
"BTK","STK38","HSPH1"
"BTK","TLK1","HSPH1"
"BTK","C9orf72","HSPH1"
"BTK","CDKN2A","HSPH1"
"BTK","MAP4K1","HSPH1"
"BTK","RET","HSPH1"
"BTK","DDX41","HSPH1"
"BTK","IKK-complex","HSPH1"
"BTK","SHC1","HSPH1"
"BTK","RPS6KA4","HSPH1"
"BTK","NTRK1","HSPH1"
"BTK","GPSM3","HSPH1"
"BTK","RELA","HSPH1"
"BTK","MAPKAPK5","HSPH1"
"BTK","EPHA2","HSPH1"
"BTK","MAP3K8","HSPH1"
"BTK","PTPRR","HSPH1"
"BTK","CDKN1B","HSPH1"
"BTK","FBLIM1","HSPH1"
"BTK","TEC","HSPH1"
"BTK","VCP","HSPH1"
"BTK","GRIP1","HSPH1"
"BTK","TMIGD2","HSPH1"
"BTK","CCR2","HSPH1"
"BTK","STIP1","HSPH1"
"BTK","PSTPIP1","HSPH1"
"BTK","ARRB2","HSPH1"
"BTK","TRAF3","HSPH1"
"BTK","CRTC2","HSPH1"
"BTK","CD28","HSPH1"
"BTK","INPP5D","HSPH1"
"BTK","FRS2","HSPH1"
"BTK","CCNE1","HSPH1"
"BTK","IMPDH2","HSPH1"
"BTK","SET","HSPH1"
"BTK","PIK3CG","HSPH1"
"BTK","SH2B2","HSPH1"
"BTK","TRPV1","HSPH1"
"BTK","PPP1R14A","HSPH1"
"BTK","BCL10","HSPH1"
"BTK","PIK3R6","HSPH1"
"BTK","MRE11","HSPH1"
"BTK","HDAC2","HSPH1"
"BTK","KSR1","HSPH1"
"BTK","DDX58","HSPH1"
"BTK","UBXN2B","HSPH1"
"BTK","MST1R","HSPH1"
"BTK","ROR2","HSPH1"
"BTK","ABI1","HSPH1"
"BTK","IFIH1","HSPH1"
"BTK","RAD50","HSPH1"
"BTK","TTI1","HSPH1"
"BTK","WDFY3","HSPH1"
"BTK","LRP6","HSPH1"
"BTK","GRB14","HSPH1"
"BTK","HOXB7","HSPH1"
"BTK","PIK3C3","HSPH1"
"BTK","RND1","HSPH1"
"BTK","STING1","HSPH1"
"BTK","SPEN","HSPH1"
"BTK","NFKB1","HSPH1"
"BTK","CTDP1","HSPH1"
"BTK","TELO2","HSPH1"
"BTK","BLVRA","HSPH1"
"BTK","CLSPN","HSPH1"
"BTK","MAPKAP1","HSPH1"
"BTK","GRB7","HSPH1"
"BTK","BAZ1B","HSPH1"
"BTK","RBL2","HSPH1"
"BTK","PPP1R14B","HSPH1"
"BTK","PABIR1","HSPH1"
"BTK","MAPK3","TLR5"
"BTK","AKT3","TLR5"
"BTK","CHUK","TLR5"
"BTK","AKT2","TLR5"
"BTK","PTEN","TLR5"
"BTK","PRKCQ","TLR5"
"BTK","MTOR","TLR5"
"BTK","AKT1","TLR5"
"BTK","PRKG1","TLR5"
"BTK","CCP110","TLR5"
"BTK","RPS6K","TLR5"
"BTK","CALM2","TLR5"
"BTK","ERK1/2","TLR5"
"BTK","Gbeta","TLR5"
"BTK","LCK","TLR5"
"BTK","CDK9","TLR5"
"BTK","ABL1","TLR5"
"BTK","RPS6KA5","TLR5"
"BTK","WNK1","TLR5"
"BTK","PDPK1","TLR5"
"BTK","SGK1","TLR5"
"BTK","MAP2K1","TLR5"
"BTK","PRKCB","TLR5"
"BTK","PRKCG","TLR5"
"BTK","PRKCZ","TLR5"
"BTK","CyclinD/CDK4","TLR5"
"BTK","MAP3K1","TLR5"
"BTK","MAP3K7","TLR5"
"BTK","AKT","TLR5"
"BTK","IKBKB","TLR5"
"BTK","WWTR1","TLR5"
"BTK","DOK1","TLR5"
"BTK","MAP3K4","TLR5"
"BTK","DAPK1","TLR5"
"BTK","PXN","TLR5"
"BTK","FGG","TLR5"
"BTK","LEPR","TLR5"
"BTK","RPS6KA3","TLR5"
"BTK","BCL3","TLR5"
"BTK","DVL1","TLR5"
"BTK","FZR1","TLR5"
"BTK","GRB2","TLR5"
"BTK","VCPIP1","TLR5"
"BTK","ATR","TLR5"
"BTK","SGK3","TLR5"
"BTK","PTK6","TLR5"
"BTK","IKBKE","TLR5"
"BTK","CCND1","TLR5"
"BTK","ILK","TLR5"
"BTK","STAP1","TLR5"
"BTK","TBK1","TLR5"
"BTK","SPRED1","TLR5"
"BTK","MEK1/2","TLR5"
"BTK","PTPN7","TLR5"
"BTK","CALM1","TLR5"
"BTK","FADD","TLR5"
"BTK","STK38","TLR5"
"BTK","TLK1","TLR5"
"BTK","C9orf72","TLR5"
"BTK","CDKN2A","TLR5"
"BTK","MAP4K1","TLR5"
"BTK","RET","TLR5"
"BTK","DDX41","TLR5"
"BTK","IKK-complex","TLR5"
"BTK","SHC1","TLR5"
"BTK","RPS6KA4","TLR5"
"BTK","NTRK1","TLR5"
"BTK","GPSM3","TLR5"
"BTK","RELA","TLR5"
"BTK","MAPKAPK5","TLR5"
"BTK","EPHA2","TLR5"
"BTK","MAP3K8","TLR5"
"BTK","PTPRR","TLR5"
"BTK","CDKN1B","TLR5"
"BTK","FBLIM1","TLR5"
"BTK","TEC","TLR5"
"BTK","VCP","TLR5"
"BTK","GRIP1","TLR5"
"BTK","TMIGD2","TLR5"
"BTK","CCR2","TLR5"
"BTK","STIP1","TLR5"
"BTK","PSTPIP1","TLR5"
"BTK","ARRB2","TLR5"
"BTK","TRAF3","TLR5"
"BTK","CRTC2","TLR5"
"BTK","CD28","TLR5"
"BTK","INPP5D","TLR5"
"BTK","FRS2","TLR5"
"BTK","CCNE1","TLR5"
"BTK","IMPDH2","TLR5"
"BTK","SET","TLR5"
"BTK","PIK3CG","TLR5"
"BTK","SH2B2","TLR5"
"BTK","TRPV1","TLR5"
"BTK","PPP1R14A","TLR5"
"BTK","BCL10","TLR5"
"BTK","PIK3R6","TLR5"
"BTK","MRE11","TLR5"
"BTK","HDAC2","TLR5"
"BTK","KSR1","TLR5"
"BTK","DDX58","TLR5"
"BTK","UBXN2B","TLR5"
"BTK","MST1R","TLR5"
"BTK","ROR2","TLR5"
"BTK","ABI1","TLR5"
"BTK","IFIH1","TLR5"
"BTK","RAD50","TLR5"
"BTK","TTI1","TLR5"
"BTK","WDFY3","TLR5"
"BTK","LRP6","TLR5"
"BTK","GRB14","TLR5"
"BTK","HOXB7","TLR5"
"BTK","PIK3C3","TLR5"
"BTK","RND1","TLR5"
"BTK","STING1","TLR5"
"BTK","SPEN","TLR5"
"BTK","NFKB1","TLR5"
"BTK","CTDP1","TLR5"
"BTK","TELO2","TLR5"
"BTK","BLVRA","TLR5"
"BTK","CLSPN","TLR5"
"BTK","MAPKAP1","TLR5"
"BTK","GRB7","TLR5"
"BTK","BAZ1B","TLR5"
"BTK","PLCG2","TLR5"
"BTK","RBL2","TLR5"
"BTK","PPP1R14B","TLR5"
"BTK","PABIR1","TLR5"
"BTK","MAPK3","SAMHD1"
"BTK","AKT3","SAMHD1"
"BTK","CHUK","SAMHD1"
"BTK","AKT2","SAMHD1"
"BTK","PTEN","SAMHD1"
"BTK","PRKCQ","SAMHD1"
"BTK","MTOR","SAMHD1"
"BTK","AKT1","SAMHD1"
"BTK","PRKG1","SAMHD1"
"BTK","CCP110","SAMHD1"
"BTK","RPS6K","SAMHD1"
"BTK","CALM2","SAMHD1"
"BTK","ERK1/2","SAMHD1"
"BTK","Gbeta","SAMHD1"
"BTK","LCK","SAMHD1"
"BTK","CDK9","SAMHD1"
"BTK","ABL1","SAMHD1"
"BTK","RPS6KA5","SAMHD1"
"BTK","WNK1","SAMHD1"
"BTK","PDPK1","SAMHD1"
"BTK","SGK1","SAMHD1"
"BTK","MAP2K1","SAMHD1"
"BTK","PRKCB","SAMHD1"
"BTK","PRKCG","SAMHD1"
"BTK","PRKCZ","SAMHD1"
"BTK","CyclinD/CDK4","SAMHD1"
"BTK","MAP3K1","SAMHD1"
"BTK","MAP3K7","SAMHD1"
"BTK","AKT","SAMHD1"
"BTK","IKBKB","SAMHD1"
"BTK","WWTR1","SAMHD1"
"BTK","DOK1","SAMHD1"
"BTK","MAP3K4","SAMHD1"
"BTK","DAPK1","SAMHD1"
"BTK","PXN","SAMHD1"
"BTK","FGG","SAMHD1"
"BTK","LEPR","SAMHD1"
"BTK","ITK","SAMHD1"
"BTK","RPS6KA3","SAMHD1"
"BTK","BCL3","SAMHD1"
"BTK","DVL1","SAMHD1"
"BTK","FZR1","SAMHD1"
"BTK","GRB2","SAMHD1"
"BTK","VCPIP1","SAMHD1"
"BTK","ATR","SAMHD1"
"BTK","SGK3","SAMHD1"
"BTK","PTK6","SAMHD1"
"BTK","IKBKE","SAMHD1"
"BTK","CCND1","SAMHD1"
"BTK","ILK","SAMHD1"
"BTK","STAP1","SAMHD1"
"BTK","TBK1","SAMHD1"
"BTK","SPRED1","SAMHD1"
"BTK","MEK1/2","SAMHD1"
"BTK","PTPN7","SAMHD1"
"BTK","CALM1","SAMHD1"
"BTK","FADD","SAMHD1"
"BTK","STK38","SAMHD1"
"BTK","TLK1","SAMHD1"
"BTK","C9orf72","SAMHD1"
"BTK","CDKN2A","SAMHD1"
"BTK","MAP4K1","SAMHD1"
"BTK","RET","SAMHD1"
"BTK","DDX41","SAMHD1"
"BTK","IKK-complex","SAMHD1"
"BTK","SHC1","SAMHD1"
"BTK","RPS6KA4","SAMHD1"
"BTK","NTRK1","SAMHD1"
"BTK","GPSM3","SAMHD1"
"BTK","RELA","SAMHD1"
"BTK","MAPKAPK5","SAMHD1"
"BTK","EPHA2","SAMHD1"
"BTK","MAP3K8","SAMHD1"
"BTK","PTPRR","SAMHD1"
"BTK","CDKN1B","SAMHD1"
"BTK","FBLIM1","SAMHD1"
"BTK","VCP","SAMHD1"
"BTK","GRIP1","SAMHD1"
"BTK","TMIGD2","SAMHD1"
"BTK","CCR2","SAMHD1"
"BTK","STIP1","SAMHD1"
"BTK","PSTPIP1","SAMHD1"
"BTK","ARRB2","SAMHD1"
"BTK","TRAF3","SAMHD1"
"BTK","CRTC2","SAMHD1"
"BTK","CD28","SAMHD1"
"BTK","INPP5D","SAMHD1"
"BTK","FRS2","SAMHD1"
"BTK","CCNE1","SAMHD1"
"BTK","IMPDH2","SAMHD1"
"BTK","SET","SAMHD1"
"BTK","PIK3CG","SAMHD1"
"BTK","SH2B2","SAMHD1"
"BTK","TRPV1","SAMHD1"
"BTK","PPP1R14A","SAMHD1"
"BTK","BCL10","SAMHD1"
"BTK","PIK3R6","SAMHD1"
"BTK","MRE11","SAMHD1"
"BTK","HDAC2","SAMHD1"
"BTK","KSR1","SAMHD1"
"BTK","DDX58","SAMHD1"
"BTK","UBXN2B","SAMHD1"
"BTK","MST1R","SAMHD1"
"BTK","ROR2","SAMHD1"
"BTK","ABI1","SAMHD1"
"BTK","IFIH1","SAMHD1"
"BTK","RAD50","SAMHD1"
"BTK","TTI1","SAMHD1"
"BTK","WDFY3","SAMHD1"
"BTK","LRP6","SAMHD1"
"BTK","GRB14","SAMHD1"
"BTK","HOXB7","SAMHD1"
"BTK","PIK3C3","SAMHD1"
"BTK","RND1","SAMHD1"
"BTK","STING1","SAMHD1"
"BTK","SPEN","SAMHD1"
"BTK","NFKB1","SAMHD1"
"BTK","CTDP1","SAMHD1"
"BTK","TELO2","SAMHD1"
"BTK","BLVRA","SAMHD1"
"BTK","CLSPN","SAMHD1"
"BTK","MAPKAP1","SAMHD1"
"BTK","GRB7","SAMHD1"
"BTK","BAZ1B","SAMHD1"
"BTK","PLCG2","SAMHD1"
"BTK","RBL2","SAMHD1"
"BTK","PPP1R14B","SAMHD1"
"BTK","PABIR1","SAMHD1"
"BTK","MAPK3","USP21"
"BTK","AKT3","USP21"
"BTK","CHUK","USP21"
"BTK","AKT2","USP21"
"BTK","PTEN","USP21"
"BTK","PRKCQ","USP21"
"BTK","MTOR","USP21"
"BTK","AKT1","USP21"
"BTK","PRKG1","USP21"
"BTK","CCP110","USP21"
"BTK","RPS6K","USP21"
"BTK","CALM2","USP21"
"BTK","ERK1/2","USP21"
"BTK","Gbeta","USP21"
"BTK","LCK","USP21"
"BTK","CDK9","USP21"
"BTK","ABL1","USP21"
"BTK","RPS6KA5","USP21"
"BTK","WNK1","USP21"
"BTK","PDPK1","USP21"
"BTK","SGK1","USP21"
"BTK","MAP2K1","USP21"
"BTK","PRKCB","USP21"
"BTK","PRKCG","USP21"
"BTK","PRKCZ","USP21"
"BTK","CyclinD/CDK4","USP21"
"BTK","MAP3K1","USP21"
"BTK","MAP3K7","USP21"
"BTK","AKT","USP21"
"BTK","IKBKB","USP21"
"BTK","WWTR1","USP21"
"BTK","DOK1","USP21"
"BTK","MAP3K4","USP21"
"BTK","DAPK1","USP21"
"BTK","PXN","USP21"
"BTK","FGG","USP21"
"BTK","LEPR","USP21"
"BTK","ITK","USP21"
"BTK","RPS6KA3","USP21"
"BTK","BCL3","USP21"
"BTK","DVL1","USP21"
"BTK","FZR1","USP21"
"BTK","GRB2","USP21"
"BTK","VCPIP1","USP21"
"BTK","ATR","USP21"
"BTK","SGK3","USP21"
"BTK","PTK6","USP21"
"BTK","IKBKE","USP21"
"BTK","CCND1","USP21"
"BTK","ILK","USP21"
"BTK","STAP1","USP21"
"BTK","TBK1","USP21"
"BTK","SPRED1","USP21"
"BTK","MEK1/2","USP21"
"BTK","PTPN7","USP21"
"BTK","CALM1","USP21"
"BTK","FADD","USP21"
"BTK","STK38","USP21"
"BTK","TLK1","USP21"
"BTK","C9orf72","USP21"
"BTK","CDKN2A","USP21"
"BTK","MAP4K1","USP21"
"BTK","DDX41","USP21"
"BTK","IKK-complex","USP21"
"BTK","SHC1","USP21"
"BTK","RPS6KA4","USP21"
"BTK","NTRK1","USP21"
"BTK","GPSM3","USP21"
"BTK","RELA","USP21"
"BTK","MAPKAPK5","USP21"
"BTK","EPHA2","USP21"
"BTK","MAP3K8","USP21"
"BTK","PTPRR","USP21"
"BTK","CDKN1B","USP21"
"BTK","FBLIM1","USP21"
"BTK","TEC","USP21"
"BTK","VCP","USP21"
"BTK","GRIP1","USP21"
"BTK","TMIGD2","USP21"
"BTK","CCR2","USP21"
"BTK","STIP1","USP21"
"BTK","PSTPIP1","USP21"
"BTK","ARRB2","USP21"
"BTK","TRAF3","USP21"
"BTK","CRTC2","USP21"
"BTK","CD28","USP21"
"BTK","INPP5D","USP21"
"BTK","FRS2","USP21"
"BTK","CCNE1","USP21"
"BTK","IMPDH2","USP21"
"BTK","SET","USP21"
"BTK","PIK3CG","USP21"
"BTK","SH2B2","USP21"
"BTK","TRPV1","USP21"
"BTK","PPP1R14A","USP21"
"BTK","BCL10","USP21"
"BTK","PIK3R6","USP21"
"BTK","MRE11","USP21"
"BTK","HDAC2","USP21"
"BTK","KSR1","USP21"
"BTK","DDX58","USP21"
"BTK","UBXN2B","USP21"
"BTK","MST1R","USP21"
"BTK","ROR2","USP21"
"BTK","ABI1","USP21"
"BTK","IFIH1","USP21"
"BTK","RAD50","USP21"
"BTK","TTI1","USP21"
"BTK","WDFY3","USP21"
"BTK","LRP6","USP21"
"BTK","GRB14","USP21"
"BTK","HOXB7","USP21"
"BTK","PIK3C3","USP21"
"BTK","RND1","USP21"
"BTK","STING1","USP21"
"BTK","SPEN","USP21"
"BTK","NFKB1","USP21"
"BTK","CTDP1","USP21"
"BTK","TELO2","USP21"
"BTK","BLVRA","USP21"
"BTK","CLSPN","USP21"
"BTK","MAPKAP1","USP21"
"BTK","GRB7","USP21"
"BTK","BAZ1B","USP21"
"BTK","PLCG2","USP21"
"BTK","RBL2","USP21"
"BTK","PPP1R14B","USP21"
"BTK","PABIR1","USP21"
"BTK","MAPK3","Av/b5 integrin"
"BTK","AKT3","Av/b5 integrin"
"BTK","CHUK","Av/b5 integrin"
"BTK","AKT2","Av/b5 integrin"
"BTK","PTEN","Av/b5 integrin"
"BTK","PRKCQ","Av/b5 integrin"
"BTK","MTOR","Av/b5 integrin"
"BTK","AKT1","Av/b5 integrin"
"BTK","PRKG1","Av/b5 integrin"
"BTK","CCP110","Av/b5 integrin"
"BTK","RPS6K","Av/b5 integrin"
"BTK","CALM2","Av/b5 integrin"
"BTK","ERK1/2","Av/b5 integrin"
"BTK","Gbeta","Av/b5 integrin"
"BTK","LCK","Av/b5 integrin"
"BTK","CDK9","Av/b5 integrin"
"BTK","ABL1","Av/b5 integrin"
"BTK","RPS6KA5","Av/b5 integrin"
"BTK","WNK1","Av/b5 integrin"
"BTK","PDPK1","Av/b5 integrin"
"BTK","SGK1","Av/b5 integrin"
"BTK","MAP2K1","Av/b5 integrin"
"BTK","PRKCB","Av/b5 integrin"
"BTK","PRKCG","Av/b5 integrin"
"BTK","PRKCZ","Av/b5 integrin"
"BTK","CyclinD/CDK4","Av/b5 integrin"
"BTK","MAP3K1","Av/b5 integrin"
"BTK","MAP3K7","Av/b5 integrin"
"BTK","AKT","Av/b5 integrin"
"BTK","IKBKB","Av/b5 integrin"
"BTK","WWTR1","Av/b5 integrin"
"BTK","DOK1","Av/b5 integrin"
"BTK","MAP3K4","Av/b5 integrin"
"BTK","DAPK1","Av/b5 integrin"
"BTK","PXN","Av/b5 integrin"
"BTK","FGG","Av/b5 integrin"
"BTK","LEPR","Av/b5 integrin"
"BTK","ITK","Av/b5 integrin"
"BTK","RPS6KA3","Av/b5 integrin"
"BTK","BCL3","Av/b5 integrin"
"BTK","DVL1","Av/b5 integrin"
"BTK","FZR1","Av/b5 integrin"
"BTK","GRB2","Av/b5 integrin"
"BTK","VCPIP1","Av/b5 integrin"
"BTK","ATR","Av/b5 integrin"
"BTK","SGK3","Av/b5 integrin"
"BTK","PTK6","Av/b5 integrin"
"BTK","IKBKE","Av/b5 integrin"
"BTK","CCND1","Av/b5 integrin"
"BTK","ILK","Av/b5 integrin"
"BTK","STAP1","Av/b5 integrin"
"BTK","TBK1","Av/b5 integrin"
"BTK","SPRED1","Av/b5 integrin"
"BTK","MEK1/2","Av/b5 integrin"
"BTK","PTPN7","Av/b5 integrin"
"BTK","CALM1","Av/b5 integrin"
"BTK","FADD","Av/b5 integrin"
"BTK","STK38","Av/b5 integrin"
"BTK","TLK1","Av/b5 integrin"
"BTK","C9orf72","Av/b5 integrin"
"BTK","CDKN2A","Av/b5 integrin"
"BTK","MAP4K1","Av/b5 integrin"
"BTK","RET","Av/b5 integrin"
"BTK","DDX41","Av/b5 integrin"
"BTK","IKK-complex","Av/b5 integrin"
"BTK","SHC1","Av/b5 integrin"
"BTK","RPS6KA4","Av/b5 integrin"
"BTK","NTRK1","Av/b5 integrin"
"BTK","GPSM3","Av/b5 integrin"
"BTK","RELA","Av/b5 integrin"
"BTK","MAPKAPK5","Av/b5 integrin"
"BTK","EPHA2","Av/b5 integrin"
"BTK","MAP3K8","Av/b5 integrin"
"BTK","PTPRR","Av/b5 integrin"
"BTK","CDKN1B","Av/b5 integrin"
"BTK","FBLIM1","Av/b5 integrin"
"BTK","TEC","Av/b5 integrin"
"BTK","VCP","Av/b5 integrin"
"BTK","GRIP1","Av/b5 integrin"
"BTK","TMIGD2","Av/b5 integrin"
"BTK","CCR2","Av/b5 integrin"
"BTK","STIP1","Av/b5 integrin"
"BTK","PSTPIP1","Av/b5 integrin"
"BTK","ARRB2","Av/b5 integrin"
"BTK","TRAF3","Av/b5 integrin"
"BTK","CRTC2","Av/b5 integrin"
"BTK","CD28","Av/b5 integrin"
"BTK","INPP5D","Av/b5 integrin"
"BTK","FRS2","Av/b5 integrin"
"BTK","CCNE1","Av/b5 integrin"
"BTK","IMPDH2","Av/b5 integrin"
"BTK","SET","Av/b5 integrin"
"BTK","PIK3CG","Av/b5 integrin"
"BTK","SH2B2","Av/b5 integrin"
"BTK","TRPV1","Av/b5 integrin"
"BTK","PPP1R14A","Av/b5 integrin"
"BTK","BCL10","Av/b5 integrin"
"BTK","PIK3R6","Av/b5 integrin"
"BTK","MRE11","Av/b5 integrin"
"BTK","HDAC2","Av/b5 integrin"
"BTK","KSR1","Av/b5 integrin"
"BTK","DDX58","Av/b5 integrin"
"BTK","UBXN2B","Av/b5 integrin"
"BTK","MST1R","Av/b5 integrin"
"BTK","ROR2","Av/b5 integrin"
"BTK","ABI1","Av/b5 integrin"
"BTK","IFIH1","Av/b5 integrin"
"BTK","RAD50","Av/b5 integrin"
"BTK","TTI1","Av/b5 integrin"
"BTK","WDFY3","Av/b5 integrin"
"BTK","LRP6","Av/b5 integrin"
"BTK","GRB14","Av/b5 integrin"
"BTK","HOXB7","Av/b5 integrin"
"BTK","PIK3C3","Av/b5 integrin"
"BTK","RND1","Av/b5 integrin"
"BTK","STING1","Av/b5 integrin"
"BTK","SPEN","Av/b5 integrin"
"BTK","NFKB1","Av/b5 integrin"
"BTK","CTDP1","Av/b5 integrin"
"BTK","TELO2","Av/b5 integrin"
"BTK","BLVRA","Av/b5 integrin"
"BTK","CLSPN","Av/b5 integrin"
"BTK","MAPKAP1","Av/b5 integrin"
"BTK","GRB7","Av/b5 integrin"
"BTK","BAZ1B","Av/b5 integrin"
"BTK","PLCG2","Av/b5 integrin"
"BTK","RBL2","Av/b5 integrin"
"BTK","PPP1R14B","Av/b5 integrin"
"BTK","PABIR1","Av/b5 integrin"
"BTK","MAPK3","KCND2"
"BTK","AKT3","KCND2"
"BTK","CHUK","KCND2"
"BTK","AKT2","KCND2"
"BTK","PTEN","KCND2"
"BTK","PRKCQ","KCND2"
"BTK","MTOR","KCND2"
"BTK","AKT1","KCND2"
"BTK","PRKG1","KCND2"
"BTK","CCP110","KCND2"
"BTK","RPS6K","KCND2"
"BTK","CALM2","KCND2"
"BTK","ERK1/2","KCND2"
"BTK","Gbeta","KCND2"
"BTK","LCK","KCND2"
"BTK","CDK9","KCND2"
"BTK","ABL1","KCND2"
"BTK","RPS6KA5","KCND2"
"BTK","WNK1","KCND2"
"BTK","PDPK1","KCND2"
"BTK","SGK1","KCND2"
"BTK","MAP2K1","KCND2"
"BTK","PRKCB","KCND2"
"BTK","PRKCG","KCND2"
"BTK","PRKCZ","KCND2"
"BTK","CyclinD/CDK4","KCND2"
"BTK","MAP3K1","KCND2"
"BTK","MAP3K7","KCND2"
"BTK","AKT","KCND2"
"BTK","IKBKB","KCND2"
"BTK","WWTR1","KCND2"
"BTK","DOK1","KCND2"
"BTK","MAP3K4","KCND2"
"BTK","DAPK1","KCND2"
"BTK","PXN","KCND2"
"BTK","FGG","KCND2"
"BTK","LEPR","KCND2"
"BTK","ITK","KCND2"
"BTK","RPS6KA3","KCND2"
"BTK","BCL3","KCND2"
"BTK","DVL1","KCND2"
"BTK","FZR1","KCND2"
"BTK","GRB2","KCND2"
"BTK","VCPIP1","KCND2"
"BTK","ATR","KCND2"
"BTK","SGK3","KCND2"
"BTK","PTK6","KCND2"
"BTK","IKBKE","KCND2"
"BTK","CCND1","KCND2"
"BTK","ILK","KCND2"
"BTK","STAP1","KCND2"
"BTK","TBK1","KCND2"
"BTK","SPRED1","KCND2"
"BTK","MEK1/2","KCND2"
"BTK","PTPN7","KCND2"
"BTK","CALM1","KCND2"
"BTK","FADD","KCND2"
"BTK","STK38","KCND2"
"BTK","TLK1","KCND2"
"BTK","C9orf72","KCND2"
"BTK","CDKN2A","KCND2"
"BTK","MAP4K1","KCND2"
"BTK","DDX41","KCND2"
"BTK","IKK-complex","KCND2"
"BTK","SHC1","KCND2"
"BTK","RPS6KA4","KCND2"
"BTK","NTRK1","KCND2"
"BTK","GPSM3","KCND2"
"BTK","RELA","KCND2"
"BTK","MAPKAPK5","KCND2"
"BTK","EPHA2","KCND2"
"BTK","MAP3K8","KCND2"
"BTK","PTPRR","KCND2"
"BTK","CDKN1B","KCND2"
"BTK","FBLIM1","KCND2"
"BTK","TEC","KCND2"
"BTK","VCP","KCND2"
"BTK","GRIP1","KCND2"
"BTK","TMIGD2","KCND2"
"BTK","CCR2","KCND2"
"BTK","STIP1","KCND2"
"BTK","PSTPIP1","KCND2"
"BTK","ARRB2","KCND2"
"BTK","TRAF3","KCND2"
"BTK","CRTC2","KCND2"
"BTK","CD28","KCND2"
"BTK","INPP5D","KCND2"
"BTK","FRS2","KCND2"
"BTK","CCNE1","KCND2"
"BTK","IMPDH2","KCND2"
"BTK","SET","KCND2"
"BTK","PIK3CG","KCND2"
"BTK","SH2B2","KCND2"
"BTK","TRPV1","KCND2"
"BTK","PPP1R14A","KCND2"
"BTK","BCL10","KCND2"
"BTK","PIK3R6","KCND2"
"BTK","MRE11","KCND2"
"BTK","HDAC2","KCND2"
"BTK","KSR1","KCND2"
"BTK","DDX58","KCND2"
"BTK","UBXN2B","KCND2"
"BTK","MST1R","KCND2"
"BTK","ROR2","KCND2"
"BTK","ABI1","KCND2"
"BTK","IFIH1","KCND2"
"BTK","RAD50","KCND2"
"BTK","TTI1","KCND2"
"BTK","WDFY3","KCND2"
"BTK","LRP6","KCND2"
"BTK","GRB14","KCND2"
"BTK","HOXB7","KCND2"
"BTK","PIK3C3","KCND2"
"BTK","RND1","KCND2"
"BTK","STING1","KCND2"
"BTK","SPEN","KCND2"
"BTK","NFKB1","KCND2"
"BTK","CTDP1","KCND2"
"BTK","TELO2","KCND2"
"BTK","BLVRA","KCND2"
"BTK","CLSPN","KCND2"
"BTK","MAPKAP1","KCND2"
"BTK","GRB7","KCND2"
"BTK","BAZ1B","KCND2"
"BTK","PLCG2","KCND2"
"BTK","RBL2","KCND2"
"BTK","PPP1R14B","KCND2"
"BTK","PABIR1","KCND2"
"BTK","MAPK3","FAF1"
"BTK","AKT3","FAF1"
"BTK","CHUK","FAF1"
"BTK","AKT2","FAF1"
"BTK","PTEN","FAF1"
"BTK","PRKCQ","FAF1"
"BTK","MTOR","FAF1"
"BTK","AKT1","FAF1"
"BTK","PRKG1","FAF1"
"BTK","CCP110","FAF1"
"BTK","RPS6K","FAF1"
"BTK","CALM2","FAF1"
"BTK","ERK1/2","FAF1"
"BTK","Gbeta","FAF1"
"BTK","LCK","FAF1"
"BTK","CDK9","FAF1"
"BTK","ABL1","FAF1"
"BTK","RPS6KA5","FAF1"
"BTK","WNK1","FAF1"
"BTK","PDPK1","FAF1"
"BTK","SGK1","FAF1"
"BTK","MAP2K1","FAF1"
"BTK","PRKCB","FAF1"
"BTK","PRKCG","FAF1"
"BTK","PRKCZ","FAF1"
"BTK","CyclinD/CDK4","FAF1"
"BTK","MAP3K1","FAF1"
"BTK","MAP3K7","FAF1"
"BTK","AKT","FAF1"
"BTK","IKBKB","FAF1"
"BTK","WWTR1","FAF1"
"BTK","DOK1","FAF1"
"BTK","MAP3K4","FAF1"
"BTK","DAPK1","FAF1"
"BTK","PXN","FAF1"
"BTK","FGG","FAF1"
"BTK","LEPR","FAF1"
"BTK","ITK","FAF1"
"BTK","RPS6KA3","FAF1"
"BTK","BCL3","FAF1"
"BTK","DVL1","FAF1"
"BTK","FZR1","FAF1"
"BTK","GRB2","FAF1"
"BTK","VCPIP1","FAF1"
"BTK","ATR","FAF1"
"BTK","SGK3","FAF1"
"BTK","PTK6","FAF1"
"BTK","IKBKE","FAF1"
"BTK","CCND1","FAF1"
"BTK","ILK","FAF1"
"BTK","STAP1","FAF1"
"BTK","TBK1","FAF1"
"BTK","SPRED1","FAF1"
"BTK","MEK1/2","FAF1"
"BTK","PTPN7","FAF1"
"BTK","CALM1","FAF1"
"BTK","FADD","FAF1"
"BTK","STK38","FAF1"
"BTK","TLK1","FAF1"
"BTK","C9orf72","FAF1"
"BTK","CDKN2A","FAF1"
"BTK","MAP4K1","FAF1"
"BTK","RET","FAF1"
"BTK","DDX41","FAF1"
"BTK","IKK-complex","FAF1"
"BTK","SHC1","FAF1"
"BTK","RPS6KA4","FAF1"
"BTK","NTRK1","FAF1"
"BTK","GPSM3","FAF1"
"BTK","RELA","FAF1"
"BTK","MAPKAPK5","FAF1"
"BTK","EPHA2","FAF1"
"BTK","MAP3K8","FAF1"
"BTK","PTPRR","FAF1"
"BTK","CDKN1B","FAF1"
"BTK","FBLIM1","FAF1"
"BTK","TEC","FAF1"
"BTK","VCP","FAF1"
"BTK","GRIP1","FAF1"
"BTK","TMIGD2","FAF1"
"BTK","CCR2","FAF1"
"BTK","STIP1","FAF1"
"BTK","PSTPIP1","FAF1"
"BTK","ARRB2","FAF1"
"BTK","TRAF3","FAF1"
"BTK","CRTC2","FAF1"
"BTK","CD28","FAF1"
"BTK","INPP5D","FAF1"
"BTK","FRS2","FAF1"
"BTK","CCNE1","FAF1"
"BTK","IMPDH2","FAF1"
"BTK","SET","FAF1"
"BTK","PIK3CG","FAF1"
"BTK","SH2B2","FAF1"
"BTK","TRPV1","FAF1"
"BTK","PPP1R14A","FAF1"
"BTK","BCL10","FAF1"
"BTK","PIK3R6","FAF1"
"BTK","MRE11","FAF1"
"BTK","HDAC2","FAF1"
"BTK","KSR1","FAF1"
"BTK","DDX58","FAF1"
"BTK","UBXN2B","FAF1"
"BTK","MST1R","FAF1"
"BTK","ROR2","FAF1"
"BTK","ABI1","FAF1"
"BTK","IFIH1","FAF1"
"BTK","RAD50","FAF1"
"BTK","TTI1","FAF1"
"BTK","WDFY3","FAF1"
"BTK","LRP6","FAF1"
"BTK","GRB14","FAF1"
"BTK","HOXB7","FAF1"
"BTK","PIK3C3","FAF1"
"BTK","RND1","FAF1"
"BTK","STING1","FAF1"
"BTK","SPEN","FAF1"
"BTK","NFKB1","FAF1"
"BTK","CTDP1","FAF1"
"BTK","TELO2","FAF1"
"BTK","BLVRA","FAF1"
"BTK","CLSPN","FAF1"
"BTK","MAPKAP1","FAF1"
"BTK","GRB7","FAF1"
"BTK","BAZ1B","FAF1"
"BTK","RBL2","FAF1"
"BTK","PPP1R14B","FAF1"
"BTK","PABIR1","FAF1"
"BTK","MAPK3","SNAI2"
"BTK","AKT3","SNAI2"
"BTK","CHUK","SNAI2"
"BTK","AKT2","SNAI2"
"BTK","PTEN","SNAI2"
"BTK","PRKCQ","SNAI2"
"BTK","MTOR","SNAI2"
"BTK","AKT1","SNAI2"
"BTK","PRKG1","SNAI2"
"BTK","CCP110","SNAI2"
"BTK","RPS6K","SNAI2"
"BTK","CALM2","SNAI2"
"BTK","ERK1/2","SNAI2"
"BTK","Gbeta","SNAI2"
"BTK","LCK","SNAI2"
"BTK","CDK9","SNAI2"
"BTK","ABL1","SNAI2"
"BTK","RPS6KA5","SNAI2"
"BTK","WNK1","SNAI2"
"BTK","PDPK1","SNAI2"
"BTK","SGK1","SNAI2"
"BTK","MAP2K1","SNAI2"
"BTK","PRKCB","SNAI2"
"BTK","PRKCG","SNAI2"
"BTK","PRKCZ","SNAI2"
"BTK","CyclinD/CDK4","SNAI2"
"BTK","MAP3K1","SNAI2"
"BTK","MAP3K7","SNAI2"
"BTK","AKT","SNAI2"
"BTK","IKBKB","SNAI2"
"BTK","WWTR1","SNAI2"
"BTK","DOK1","SNAI2"
"BTK","MAP3K4","SNAI2"
"BTK","DAPK1","SNAI2"
"BTK","PXN","SNAI2"
"BTK","FGG","SNAI2"
"BTK","LEPR","SNAI2"
"BTK","ITK","SNAI2"
"BTK","RPS6KA3","SNAI2"
"BTK","BCL3","SNAI2"
"BTK","DVL1","SNAI2"
"BTK","FZR1","SNAI2"
"BTK","GRB2","SNAI2"
"BTK","VCPIP1","SNAI2"
"BTK","ATR","SNAI2"
"BTK","SGK3","SNAI2"
"BTK","PTK6","SNAI2"
"BTK","IKBKE","SNAI2"
"BTK","CCND1","SNAI2"
"BTK","ILK","SNAI2"
"BTK","STAP1","SNAI2"
"BTK","TBK1","SNAI2"
"BTK","SPRED1","SNAI2"
"BTK","MEK1/2","SNAI2"
"BTK","PTPN7","SNAI2"
"BTK","CALM1","SNAI2"
"BTK","FADD","SNAI2"
"BTK","STK38","SNAI2"
"BTK","TLK1","SNAI2"
"BTK","C9orf72","SNAI2"
"BTK","CDKN2A","SNAI2"
"BTK","MAP4K1","SNAI2"
"BTK","RET","SNAI2"
"BTK","DDX41","SNAI2"
"BTK","IKK-complex","SNAI2"
"BTK","SHC1","SNAI2"
"BTK","RPS6KA4","SNAI2"
"BTK","NTRK1","SNAI2"
"BTK","GPSM3","SNAI2"
"BTK","RELA","SNAI2"
"BTK","MAPKAPK5","SNAI2"
"BTK","EPHA2","SNAI2"
"BTK","MAP3K8","SNAI2"
"BTK","PTPRR","SNAI2"
"BTK","CDKN1B","SNAI2"
"BTK","FBLIM1","SNAI2"
"BTK","VCP","SNAI2"
"BTK","GRIP1","SNAI2"
"BTK","TMIGD2","SNAI2"
"BTK","CCR2","SNAI2"
"BTK","STIP1","SNAI2"
"BTK","PSTPIP1","SNAI2"
"BTK","ARRB2","SNAI2"
"BTK","TRAF3","SNAI2"
"BTK","CRTC2","SNAI2"
"BTK","CD28","SNAI2"
"BTK","INPP5D","SNAI2"
"BTK","FRS2","SNAI2"
"BTK","CCNE1","SNAI2"
"BTK","IMPDH2","SNAI2"
"BTK","SET","SNAI2"
"BTK","PIK3CG","SNAI2"
"BTK","SH2B2","SNAI2"
"BTK","TRPV1","SNAI2"
"BTK","PPP1R14A","SNAI2"
"BTK","BCL10","SNAI2"
"BTK","PIK3R6","SNAI2"
"BTK","MRE11","SNAI2"
"BTK","HDAC2","SNAI2"
"BTK","KSR1","SNAI2"
"BTK","DDX58","SNAI2"
"BTK","UBXN2B","SNAI2"
"BTK","MST1R","SNAI2"
"BTK","ROR2","SNAI2"
"BTK","ABI1","SNAI2"
"BTK","IFIH1","SNAI2"
"BTK","RAD50","SNAI2"
"BTK","TTI1","SNAI2"
"BTK","WDFY3","SNAI2"
"BTK","LRP6","SNAI2"
"BTK","GRB14","SNAI2"
"BTK","HOXB7","SNAI2"
"BTK","PIK3C3","SNAI2"
"BTK","RND1","SNAI2"
"BTK","STING1","SNAI2"
"BTK","SPEN","SNAI2"
"BTK","NFKB1","SNAI2"
"BTK","CTDP1","SNAI2"
"BTK","TELO2","SNAI2"
"BTK","BLVRA","SNAI2"
"BTK","CLSPN","SNAI2"
"BTK","MAPKAP1","SNAI2"
"BTK","GRB7","SNAI2"
"BTK","BAZ1B","SNAI2"
"BTK","PLCG2","SNAI2"
"BTK","RBL2","SNAI2"
"BTK","PPP1R14B","SNAI2"
"BTK","PABIR1","SNAI2"
"BTK","MAPK3","NUP98"
"BTK","AKT3","NUP98"
"BTK","CHUK","NUP98"
"BTK","AKT2","NUP98"
"BTK","PTEN","NUP98"
"BTK","PRKCQ","NUP98"
"BTK","MTOR","NUP98"
"BTK","AKT1","NUP98"
"BTK","PRKG1","NUP98"
"BTK","CCP110","NUP98"
"BTK","RPS6K","NUP98"
"BTK","CALM2","NUP98"
"BTK","ERK1/2","NUP98"
"BTK","Gbeta","NUP98"
"BTK","LCK","NUP98"
"BTK","CDK9","NUP98"
"BTK","ABL1","NUP98"
"BTK","RPS6KA5","NUP98"
"BTK","WNK1","NUP98"
"BTK","PDPK1","NUP98"
"BTK","SGK1","NUP98"
"BTK","MAP2K1","NUP98"
"BTK","PRKCB","NUP98"
"BTK","PRKCG","NUP98"
"BTK","PRKCZ","NUP98"
"BTK","CyclinD/CDK4","NUP98"
"BTK","MAP3K1","NUP98"
"BTK","MAP3K7","NUP98"
"BTK","AKT","NUP98"
"BTK","IKBKB","NUP98"
"BTK","WWTR1","NUP98"
"BTK","DOK1","NUP98"
"BTK","MAP3K4","NUP98"
"BTK","DAPK1","NUP98"
"BTK","PXN","NUP98"
"BTK","FGG","NUP98"
"BTK","LEPR","NUP98"
"BTK","ITK","NUP98"
"BTK","RPS6KA3","NUP98"
"BTK","BCL3","NUP98"
"BTK","DVL1","NUP98"
"BTK","FZR1","NUP98"
"BTK","GRB2","NUP98"
"BTK","VCPIP1","NUP98"
"BTK","ATR","NUP98"
"BTK","SGK3","NUP98"
"BTK","PTK6","NUP98"
"BTK","IKBKE","NUP98"
"BTK","CCND1","NUP98"
"BTK","ILK","NUP98"
"BTK","STAP1","NUP98"
"BTK","TBK1","NUP98"
"BTK","SPRED1","NUP98"
"BTK","MEK1/2","NUP98"
"BTK","PTPN7","NUP98"
"BTK","CALM1","NUP98"
"BTK","FADD","NUP98"
"BTK","STK38","NUP98"
"BTK","TLK1","NUP98"
"BTK","C9orf72","NUP98"
"BTK","CDKN2A","NUP98"
"BTK","MAP4K1","NUP98"
"BTK","RET","NUP98"
"BTK","DDX41","NUP98"
"BTK","IKK-complex","NUP98"
"BTK","SHC1","NUP98"
"BTK","RPS6KA4","NUP98"
"BTK","NTRK1","NUP98"
"BTK","GPSM3","NUP98"
"BTK","RELA","NUP98"
"BTK","MAPKAPK5","NUP98"
"BTK","EPHA2","NUP98"
"BTK","MAP3K8","NUP98"
"BTK","PTPRR","NUP98"
"BTK","CDKN1B","NUP98"
"BTK","FBLIM1","NUP98"
"BTK","VCP","NUP98"
"BTK","GRIP1","NUP98"
"BTK","TMIGD2","NUP98"
"BTK","CCR2","NUP98"
"BTK","STIP1","NUP98"
"BTK","PSTPIP1","NUP98"
"BTK","ARRB2","NUP98"
"BTK","TRAF3","NUP98"
"BTK","CRTC2","NUP98"
"BTK","CD28","NUP98"
"BTK","INPP5D","NUP98"
"BTK","FRS2","NUP98"
"BTK","CCNE1","NUP98"
"BTK","IMPDH2","NUP98"
"BTK","SET","NUP98"
"BTK","PIK3CG","NUP98"
"BTK","SH2B2","NUP98"
"BTK","TRPV1","NUP98"
"BTK","PPP1R14A","NUP98"
"BTK","BCL10","NUP98"
"BTK","PIK3R6","NUP98"
"BTK","MRE11","NUP98"
"BTK","HDAC2","NUP98"
"BTK","KSR1","NUP98"
"BTK","DDX58","NUP98"
"BTK","UBXN2B","NUP98"
"BTK","MST1R","NUP98"
"BTK","ROR2","NUP98"
"BTK","ABI1","NUP98"
"BTK","IFIH1","NUP98"
"BTK","RAD50","NUP98"
"BTK","TTI1","NUP98"
"BTK","WDFY3","NUP98"
"BTK","LRP6","NUP98"
"BTK","GRB14","NUP98"
"BTK","HOXB7","NUP98"
"BTK","PIK3C3","NUP98"
"BTK","RND1","NUP98"
"BTK","STING1","NUP98"
"BTK","SPEN","NUP98"
"BTK","NFKB1","NUP98"
"BTK","CTDP1","NUP98"
"BTK","TELO2","NUP98"
"BTK","BLVRA","NUP98"
"BTK","CLSPN","NUP98"
"BTK","MAPKAP1","NUP98"
"BTK","GRB7","NUP98"
"BTK","BAZ1B","NUP98"
"BTK","PLCG2","NUP98"
"BTK","RBL2","NUP98"
"BTK","PPP1R14B","NUP98"
"BTK","PABIR1","NUP98"
"BTK","MAPK3","Av/b8 integrin"
"BTK","AKT3","Av/b8 integrin"
"BTK","CHUK","Av/b8 integrin"
"BTK","AKT2","Av/b8 integrin"
"BTK","PTEN","Av/b8 integrin"
"BTK","PRKCQ","Av/b8 integrin"
"BTK","MTOR","Av/b8 integrin"
"BTK","AKT1","Av/b8 integrin"
"BTK","PRKG1","Av/b8 integrin"
"BTK","CCP110","Av/b8 integrin"
"BTK","RPS6K","Av/b8 integrin"
"BTK","CALM2","Av/b8 integrin"
"BTK","ERK1/2","Av/b8 integrin"
"BTK","Gbeta","Av/b8 integrin"
"BTK","LCK","Av/b8 integrin"
"BTK","CDK9","Av/b8 integrin"
"BTK","ABL1","Av/b8 integrin"
"BTK","RPS6KA5","Av/b8 integrin"
"BTK","WNK1","Av/b8 integrin"
"BTK","PDPK1","Av/b8 integrin"
"BTK","SGK1","Av/b8 integrin"
"BTK","MAP2K1","Av/b8 integrin"
"BTK","PRKCG","Av/b8 integrin"
"BTK","PRKCZ","Av/b8 integrin"
"BTK","CyclinD/CDK4","Av/b8 integrin"
"BTK","MAP3K1","Av/b8 integrin"
"BTK","MAP3K7","Av/b8 integrin"
"BTK","AKT","Av/b8 integrin"
"BTK","IKBKB","Av/b8 integrin"
"BTK","WWTR1","Av/b8 integrin"
"BTK","DOK1","Av/b8 integrin"
"BTK","MAP3K4","Av/b8 integrin"
"BTK","DAPK1","Av/b8 integrin"
"BTK","PXN","Av/b8 integrin"
"BTK","FGG","Av/b8 integrin"
"BTK","LEPR","Av/b8 integrin"
"BTK","ITK","Av/b8 integrin"
"BTK","RPS6KA3","Av/b8 integrin"
"BTK","BCL3","Av/b8 integrin"
"BTK","DVL1","Av/b8 integrin"
"BTK","FZR1","Av/b8 integrin"
"BTK","GRB2","Av/b8 integrin"
"BTK","VCPIP1","Av/b8 integrin"
"BTK","ATR","Av/b8 integrin"
"BTK","SGK3","Av/b8 integrin"
"BTK","PTK6","Av/b8 integrin"
"BTK","IKBKE","Av/b8 integrin"
"BTK","CCND1","Av/b8 integrin"
"BTK","ILK","Av/b8 integrin"
"BTK","STAP1","Av/b8 integrin"
"BTK","TBK1","Av/b8 integrin"
"BTK","SPRED1","Av/b8 integrin"
"BTK","MEK1/2","Av/b8 integrin"
"BTK","PTPN7","Av/b8 integrin"
"BTK","CALM1","Av/b8 integrin"
"BTK","FADD","Av/b8 integrin"
"BTK","STK38","Av/b8 integrin"
"BTK","TLK1","Av/b8 integrin"
"BTK","C9orf72","Av/b8 integrin"
"BTK","CDKN2A","Av/b8 integrin"
"BTK","MAP4K1","Av/b8 integrin"
"BTK","RET","Av/b8 integrin"
"BTK","DDX41","Av/b8 integrin"
"BTK","IKK-complex","Av/b8 integrin"
"BTK","SHC1","Av/b8 integrin"
"BTK","RPS6KA4","Av/b8 integrin"
"BTK","NTRK1","Av/b8 integrin"
"BTK","GPSM3","Av/b8 integrin"
"BTK","RELA","Av/b8 integrin"
"BTK","MAPKAPK5","Av/b8 integrin"
"BTK","EPHA2","Av/b8 integrin"
"BTK","MAP3K8","Av/b8 integrin"
"BTK","PTPRR","Av/b8 integrin"
"BTK","CDKN1B","Av/b8 integrin"
"BTK","FBLIM1","Av/b8 integrin"
"BTK","TEC","Av/b8 integrin"
"BTK","VCP","Av/b8 integrin"
"BTK","GRIP1","Av/b8 integrin"
"BTK","TMIGD2","Av/b8 integrin"
"BTK","CCR2","Av/b8 integrin"
"BTK","STIP1","Av/b8 integrin"
"BTK","PSTPIP1","Av/b8 integrin"
"BTK","ARRB2","Av/b8 integrin"
"BTK","TRAF3","Av/b8 integrin"
"BTK","CRTC2","Av/b8 integrin"
"BTK","CD28","Av/b8 integrin"
"BTK","INPP5D","Av/b8 integrin"
"BTK","FRS2","Av/b8 integrin"
"BTK","CCNE1","Av/b8 integrin"
"BTK","IMPDH2","Av/b8 integrin"
"BTK","SET","Av/b8 integrin"
"BTK","PIK3CG","Av/b8 integrin"
"BTK","SH2B2","Av/b8 integrin"
"BTK","TRPV1","Av/b8 integrin"
"BTK","PPP1R14A","Av/b8 integrin"
"BTK","BCL10","Av/b8 integrin"
"BTK","PIK3R6","Av/b8 integrin"
"BTK","MRE11","Av/b8 integrin"
"BTK","HDAC2","Av/b8 integrin"
"BTK","KSR1","Av/b8 integrin"
"BTK","DDX58","Av/b8 integrin"
"BTK","UBXN2B","Av/b8 integrin"
"BTK","MST1R","Av/b8 integrin"
"BTK","ROR2","Av/b8 integrin"
"BTK","ABI1","Av/b8 integrin"
"BTK","IFIH1","Av/b8 integrin"
"BTK","RAD50","Av/b8 integrin"
"BTK","TTI1","Av/b8 integrin"
"BTK","WDFY3","Av/b8 integrin"
"BTK","LRP6","Av/b8 integrin"
"BTK","GRB14","Av/b8 integrin"
"BTK","HOXB7","Av/b8 integrin"
"BTK","PIK3C3","Av/b8 integrin"
"BTK","RND1","Av/b8 integrin"
"BTK","STING1","Av/b8 integrin"
"BTK","SPEN","Av/b8 integrin"
"BTK","NFKB1","Av/b8 integrin"
"BTK","CTDP1","Av/b8 integrin"
"BTK","TELO2","Av/b8 integrin"
"BTK","BLVRA","Av/b8 integrin"
"BTK","CLSPN","Av/b8 integrin"
"BTK","MAPKAP1","Av/b8 integrin"
"BTK","GRB7","Av/b8 integrin"
"BTK","BAZ1B","Av/b8 integrin"
"BTK","PLCG2","Av/b8 integrin"
"BTK","RBL2","Av/b8 integrin"
"BTK","PPP1R14B","Av/b8 integrin"
"BTK","PABIR1","Av/b8 integrin"
"BTK","MAPK3","TUBA4A"
"BTK","AKT3","TUBA4A"
"BTK","CHUK","TUBA4A"
"BTK","AKT2","TUBA4A"
"BTK","PTEN","TUBA4A"
"BTK","PRKCQ","TUBA4A"
"BTK","MTOR","TUBA4A"
"BTK","AKT1","TUBA4A"
"BTK","PRKG1","TUBA4A"
"BTK","CCP110","TUBA4A"
"BTK","RPS6K","TUBA4A"
"BTK","CALM2","TUBA4A"
"BTK","ERK1/2","TUBA4A"
"BTK","Gbeta","TUBA4A"
"BTK","LCK","TUBA4A"
"BTK","CDK9","TUBA4A"
"BTK","ABL1","TUBA4A"
"BTK","RPS6KA5","TUBA4A"
"BTK","WNK1","TUBA4A"
"BTK","PDPK1","TUBA4A"
"BTK","SGK1","TUBA4A"
"BTK","MAP2K1","TUBA4A"
"BTK","PRKCB","TUBA4A"
"BTK","PRKCG","TUBA4A"
"BTK","PRKCZ","TUBA4A"
"BTK","CyclinD/CDK4","TUBA4A"
"BTK","MAP3K1","TUBA4A"
"BTK","MAP3K7","TUBA4A"
"BTK","AKT","TUBA4A"
"BTK","IKBKB","TUBA4A"
"BTK","WWTR1","TUBA4A"
"BTK","DOK1","TUBA4A"
"BTK","MAP3K4","TUBA4A"
"BTK","DAPK1","TUBA4A"
"BTK","PXN","TUBA4A"
"BTK","FGG","TUBA4A"
"BTK","LEPR","TUBA4A"
"BTK","ITK","TUBA4A"
"BTK","RPS6KA3","TUBA4A"
"BTK","BCL3","TUBA4A"
"BTK","DVL1","TUBA4A"
"BTK","FZR1","TUBA4A"
"BTK","GRB2","TUBA4A"
"BTK","VCPIP1","TUBA4A"
"BTK","ATR","TUBA4A"
"BTK","SGK3","TUBA4A"
"BTK","PTK6","TUBA4A"
"BTK","IKBKE","TUBA4A"
"BTK","CCND1","TUBA4A"
"BTK","ILK","TUBA4A"
"BTK","STAP1","TUBA4A"
"BTK","TBK1","TUBA4A"
"BTK","SPRED1","TUBA4A"
"BTK","MEK1/2","TUBA4A"
"BTK","PTPN7","TUBA4A"
"BTK","CALM1","TUBA4A"
"BTK","FADD","TUBA4A"
"BTK","STK38","TUBA4A"
"BTK","TLK1","TUBA4A"
"BTK","C9orf72","TUBA4A"
"BTK","CDKN2A","TUBA4A"
"BTK","MAP4K1","TUBA4A"
"BTK","RET","TUBA4A"
"BTK","DDX41","TUBA4A"
"BTK","IKK-complex","TUBA4A"
"BTK","SHC1","TUBA4A"
"BTK","RPS6KA4","TUBA4A"
"BTK","NTRK1","TUBA4A"
"BTK","GPSM3","TUBA4A"
"BTK","RELA","TUBA4A"
"BTK","MAPKAPK5","TUBA4A"
"BTK","EPHA2","TUBA4A"
"BTK","MAP3K8","TUBA4A"
"BTK","PTPRR","TUBA4A"
"BTK","CDKN1B","TUBA4A"
"BTK","FBLIM1","TUBA4A"
"BTK","TEC","TUBA4A"
"BTK","VCP","TUBA4A"
"BTK","GRIP1","TUBA4A"
"BTK","TMIGD2","TUBA4A"
"BTK","CCR2","TUBA4A"
"BTK","STIP1","TUBA4A"
"BTK","PSTPIP1","TUBA4A"
"BTK","ARRB2","TUBA4A"
"BTK","TRAF3","TUBA4A"
"BTK","CRTC2","TUBA4A"
"BTK","CD28","TUBA4A"
"BTK","INPP5D","TUBA4A"
"BTK","FRS2","TUBA4A"
"BTK","CCNE1","TUBA4A"
"BTK","IMPDH2","TUBA4A"
"BTK","SET","TUBA4A"
"BTK","PIK3CG","TUBA4A"
"BTK","SH2B2","TUBA4A"
"BTK","TRPV1","TUBA4A"
"BTK","PPP1R14A","TUBA4A"
"BTK","BCL10","TUBA4A"
"BTK","PIK3R6","TUBA4A"
"BTK","MRE11","TUBA4A"
"BTK","HDAC2","TUBA4A"
"BTK","KSR1","TUBA4A"
"BTK","DDX58","TUBA4A"
"BTK","UBXN2B","TUBA4A"
"BTK","MST1R","TUBA4A"
"BTK","ROR2","TUBA4A"
"BTK","ABI1","TUBA4A"
"BTK","IFIH1","TUBA4A"
"BTK","RAD50","TUBA4A"
"BTK","TTI1","TUBA4A"
"BTK","WDFY3","TUBA4A"
"BTK","LRP6","TUBA4A"
"BTK","GRB14","TUBA4A"
"BTK","HOXB7","TUBA4A"
"BTK","PIK3C3","TUBA4A"
"BTK","RND1","TUBA4A"
"BTK","STING1","TUBA4A"
"BTK","SPEN","TUBA4A"
"BTK","NFKB1","TUBA4A"
"BTK","CTDP1","TUBA4A"
"BTK","TELO2","TUBA4A"
"BTK","BLVRA","TUBA4A"
"BTK","CLSPN","TUBA4A"
"BTK","MAPKAP1","TUBA4A"
"BTK","GRB7","TUBA4A"
"BTK","BAZ1B","TUBA4A"
"BTK","RBL2","TUBA4A"
"BTK","PPP1R14B","TUBA4A"
"BTK","PABIR1","TUBA4A"
"BTK","MAPK3","PLD1"
"BTK","AKT3","PLD1"
"BTK","CHUK","PLD1"
"BTK","AKT2","PLD1"
"BTK","PTEN","PLD1"
"BTK","PRKCQ","PLD1"
"BTK","MTOR","PLD1"
"BTK","AKT1","PLD1"
"BTK","PRKG1","PLD1"
"BTK","CCP110","PLD1"
"BTK","RPS6K","PLD1"
"BTK","CALM2","PLD1"
"BTK","ERK1/2","PLD1"
"BTK","Gbeta","PLD1"
"BTK","LCK","PLD1"
"BTK","CDK9","PLD1"
"BTK","ABL1","PLD1"
"BTK","RPS6KA5","PLD1"
"BTK","WNK1","PLD1"
"BTK","PDPK1","PLD1"
"BTK","SGK1","PLD1"
"BTK","MAP2K1","PLD1"
"BTK","PRKCB","PLD1"
"BTK","PRKCG","PLD1"
"BTK","PRKCZ","PLD1"
"BTK","CyclinD/CDK4","PLD1"
"BTK","MAP3K1","PLD1"
"BTK","MAP3K7","PLD1"
"BTK","AKT","PLD1"
"BTK","IKBKB","PLD1"
"BTK","WWTR1","PLD1"
"BTK","DOK1","PLD1"
"BTK","MAP3K4","PLD1"
"BTK","DAPK1","PLD1"
"BTK","PXN","PLD1"
"BTK","FGG","PLD1"
"BTK","LEPR","PLD1"
"BTK","RPS6KA3","PLD1"
"BTK","BCL3","PLD1"
"BTK","DVL1","PLD1"
"BTK","FZR1","PLD1"
"BTK","GRB2","PLD1"
"BTK","VCPIP1","PLD1"
"BTK","ATR","PLD1"
"BTK","SGK3","PLD1"
"BTK","PTK6","PLD1"
"BTK","IKBKE","PLD1"
"BTK","CCND1","PLD1"
"BTK","ILK","PLD1"
"BTK","STAP1","PLD1"
"BTK","TBK1","PLD1"
"BTK","SPRED1","PLD1"
"BTK","MEK1/2","PLD1"
"BTK","PTPN7","PLD1"
"BTK","CALM1","PLD1"
"BTK","FADD","PLD1"
"BTK","STK38","PLD1"
"BTK","TLK1","PLD1"
"BTK","C9orf72","PLD1"
"BTK","CDKN2A","PLD1"
"BTK","MAP4K1","PLD1"
"BTK","RET","PLD1"
"BTK","DDX41","PLD1"
"BTK","IKK-complex","PLD1"
"BTK","SHC1","PLD1"
"BTK","RPS6KA4","PLD1"
"BTK","NTRK1","PLD1"
"BTK","GPSM3","PLD1"
"BTK","RELA","PLD1"
"BTK","MAPKAPK5","PLD1"
"BTK","EPHA2","PLD1"
"BTK","MAP3K8","PLD1"
"BTK","PTPRR","PLD1"
"BTK","CDKN1B","PLD1"
"BTK","FBLIM1","PLD1"
"BTK","VCP","PLD1"
"BTK","GRIP1","PLD1"
"BTK","TMIGD2","PLD1"
"BTK","CCR2","PLD1"
"BTK","STIP1","PLD1"
"BTK","PSTPIP1","PLD1"
"BTK","ARRB2","PLD1"
"BTK","TRAF3","PLD1"
"BTK","CRTC2","PLD1"
"BTK","CD28","PLD1"
"BTK","INPP5D","PLD1"
"BTK","FRS2","PLD1"
"BTK","CCNE1","PLD1"
"BTK","IMPDH2","PLD1"
"BTK","SET","PLD1"
"BTK","PIK3CG","PLD1"
"BTK","SH2B2","PLD1"
"BTK","TRPV1","PLD1"
"BTK","PPP1R14A","PLD1"
"BTK","BCL10","PLD1"
"BTK","PIK3R6","PLD1"
"BTK","MRE11","PLD1"
"BTK","HDAC2","PLD1"
"BTK","KSR1","PLD1"
"BTK","DDX58","PLD1"
"BTK","UBXN2B","PLD1"
"BTK","MST1R","PLD1"
"BTK","ROR2","PLD1"
"BTK","ABI1","PLD1"
"BTK","IFIH1","PLD1"
"BTK","RAD50","PLD1"
"BTK","TTI1","PLD1"
"BTK","WDFY3","PLD1"
"BTK","LRP6","PLD1"
"BTK","GRB14","PLD1"
"BTK","HOXB7","PLD1"
"BTK","PIK3C3","PLD1"
"BTK","RND1","PLD1"
"BTK","STING1","PLD1"
"BTK","SPEN","PLD1"
"BTK","NFKB1","PLD1"
"BTK","CTDP1","PLD1"
"BTK","TELO2","PLD1"
"BTK","BLVRA","PLD1"
"BTK","CLSPN","PLD1"
"BTK","MAPKAP1","PLD1"
"BTK","GRB7","PLD1"
"BTK","BAZ1B","PLD1"
"BTK","PLCG2","PLD1"
"BTK","RBL2","PLD1"
"BTK","PPP1R14B","PLD1"
"BTK","PABIR1","PLD1"
"BTK","MAPK3","NKX2-1"
"BTK","AKT3","NKX2-1"
"BTK","CHUK","NKX2-1"
"BTK","AKT2","NKX2-1"
"BTK","PTEN","NKX2-1"
"BTK","PRKCQ","NKX2-1"
"BTK","MTOR","NKX2-1"
"BTK","AKT1","NKX2-1"
"BTK","PRKG1","NKX2-1"
"BTK","CCP110","NKX2-1"
"BTK","RPS6K","NKX2-1"
"BTK","CALM2","NKX2-1"
"BTK","ERK1/2","NKX2-1"
"BTK","Gbeta","NKX2-1"
"BTK","LCK","NKX2-1"
"BTK","CDK9","NKX2-1"
"BTK","ABL1","NKX2-1"
"BTK","RPS6KA5","NKX2-1"
"BTK","WNK1","NKX2-1"
"BTK","PDPK1","NKX2-1"
"BTK","SGK1","NKX2-1"
"BTK","MAP2K1","NKX2-1"
"BTK","PRKCB","NKX2-1"
"BTK","PRKCG","NKX2-1"
"BTK","PRKCZ","NKX2-1"
"BTK","CyclinD/CDK4","NKX2-1"
"BTK","MAP3K1","NKX2-1"
"BTK","MAP3K7","NKX2-1"
"BTK","AKT","NKX2-1"
"BTK","IKBKB","NKX2-1"
"BTK","WWTR1","NKX2-1"
"BTK","DOK1","NKX2-1"
"BTK","MAP3K4","NKX2-1"
"BTK","DAPK1","NKX2-1"
"BTK","PXN","NKX2-1"
"BTK","FGG","NKX2-1"
"BTK","LEPR","NKX2-1"
"BTK","ITK","NKX2-1"
"BTK","RPS6KA3","NKX2-1"
"BTK","BCL3","NKX2-1"
"BTK","DVL1","NKX2-1"
"BTK","FZR1","NKX2-1"
"BTK","GRB2","NKX2-1"
"BTK","VCPIP1","NKX2-1"
"BTK","ATR","NKX2-1"
"BTK","SGK3","NKX2-1"
"BTK","PTK6","NKX2-1"
"BTK","IKBKE","NKX2-1"
"BTK","CCND1","NKX2-1"
"BTK","ILK","NKX2-1"
"BTK","STAP1","NKX2-1"
"BTK","TBK1","NKX2-1"
"BTK","SPRED1","NKX2-1"
"BTK","MEK1/2","NKX2-1"
"BTK","PTPN7","NKX2-1"
"BTK","CALM1","NKX2-1"
"BTK","FADD","NKX2-1"
"BTK","STK38","NKX2-1"
"BTK","TLK1","NKX2-1"
"BTK","C9orf72","NKX2-1"
"BTK","CDKN2A","NKX2-1"
"BTK","MAP4K1","NKX2-1"
"BTK","RET","NKX2-1"
"BTK","DDX41","NKX2-1"
"BTK","IKK-complex","NKX2-1"
"BTK","SHC1","NKX2-1"
"BTK","RPS6KA4","NKX2-1"
"BTK","NTRK1","NKX2-1"
"BTK","GPSM3","NKX2-1"
"BTK","RELA","NKX2-1"
"BTK","MAPKAPK5","NKX2-1"
"BTK","EPHA2","NKX2-1"
"BTK","MAP3K8","NKX2-1"
"BTK","PTPRR","NKX2-1"
"BTK","CDKN1B","NKX2-1"
"BTK","FBLIM1","NKX2-1"
"BTK","TEC","NKX2-1"
"BTK","VCP","NKX2-1"
"BTK","GRIP1","NKX2-1"
"BTK","TMIGD2","NKX2-1"
"BTK","CCR2","NKX2-1"
"BTK","STIP1","NKX2-1"
"BTK","PSTPIP1","NKX2-1"
"BTK","ARRB2","NKX2-1"
"BTK","TRAF3","NKX2-1"
"BTK","CRTC2","NKX2-1"
"BTK","CD28","NKX2-1"
"BTK","INPP5D","NKX2-1"
"BTK","FRS2","NKX2-1"
"BTK","CCNE1","NKX2-1"
"BTK","IMPDH2","NKX2-1"
"BTK","SET","NKX2-1"
"BTK","PIK3CG","NKX2-1"
"BTK","SH2B2","NKX2-1"
"BTK","TRPV1","NKX2-1"
"BTK","PPP1R14A","NKX2-1"
"BTK","BCL10","NKX2-1"
"BTK","PIK3R6","NKX2-1"
"BTK","MRE11","NKX2-1"
"BTK","HDAC2","NKX2-1"
"BTK","KSR1","NKX2-1"
"BTK","DDX58","NKX2-1"
"BTK","UBXN2B","NKX2-1"
"BTK","MST1R","NKX2-1"
"BTK","ROR2","NKX2-1"
"BTK","ABI1","NKX2-1"
"BTK","IFIH1","NKX2-1"
"BTK","RAD50","NKX2-1"
"BTK","TTI1","NKX2-1"
"BTK","WDFY3","NKX2-1"
"BTK","LRP6","NKX2-1"
"BTK","GRB14","NKX2-1"
"BTK","HOXB7","NKX2-1"
"BTK","PIK3C3","NKX2-1"
"BTK","RND1","NKX2-1"
"BTK","STING1","NKX2-1"
"BTK","SPEN","NKX2-1"
"BTK","NFKB1","NKX2-1"
"BTK","CTDP1","NKX2-1"
"BTK","TELO2","NKX2-1"
"BTK","BLVRA","NKX2-1"
"BTK","CLSPN","NKX2-1"
"BTK","MAPKAP1","NKX2-1"
"BTK","GRB7","NKX2-1"
"BTK","BAZ1B","NKX2-1"
"BTK","PLCG2","NKX2-1"
"BTK","RBL2","NKX2-1"
"BTK","PPP1R14B","NKX2-1"
"BTK","PABIR1","NKX2-1"
"BTK","MAPK3","ARHGAP22"
"BTK","AKT3","ARHGAP22"
"BTK","CHUK","ARHGAP22"
"BTK","AKT2","ARHGAP22"
"BTK","PTEN","ARHGAP22"
"BTK","PRKCQ","ARHGAP22"
"BTK","MTOR","ARHGAP22"
"BTK","AKT1","ARHGAP22"
"BTK","PRKG1","ARHGAP22"
"BTK","CCP110","ARHGAP22"
"BTK","RPS6K","ARHGAP22"
"BTK","CALM2","ARHGAP22"
"BTK","ERK1/2","ARHGAP22"
"BTK","Gbeta","ARHGAP22"
"BTK","LCK","ARHGAP22"
"BTK","CDK9","ARHGAP22"
"BTK","ABL1","ARHGAP22"
"BTK","RPS6KA5","ARHGAP22"
"BTK","WNK1","ARHGAP22"
"BTK","PDPK1","ARHGAP22"
"BTK","SGK1","ARHGAP22"
"BTK","MAP2K1","ARHGAP22"
"BTK","PRKCB","ARHGAP22"
"BTK","PRKCG","ARHGAP22"
"BTK","PRKCZ","ARHGAP22"
"BTK","CyclinD/CDK4","ARHGAP22"
"BTK","MAP3K1","ARHGAP22"
"BTK","MAP3K7","ARHGAP22"
"BTK","IKBKB","ARHGAP22"
"BTK","WWTR1","ARHGAP22"
"BTK","DOK1","ARHGAP22"
"BTK","MAP3K4","ARHGAP22"
"BTK","DAPK1","ARHGAP22"
"BTK","PXN","ARHGAP22"
"BTK","FGG","ARHGAP22"
"BTK","LEPR","ARHGAP22"
"BTK","ITK","ARHGAP22"
"BTK","RPS6KA3","ARHGAP22"
"BTK","BCL3","ARHGAP22"
"BTK","DVL1","ARHGAP22"
"BTK","FZR1","ARHGAP22"
"BTK","GRB2","ARHGAP22"
"BTK","VCPIP1","ARHGAP22"
"BTK","ATR","ARHGAP22"
"BTK","SGK3","ARHGAP22"
"BTK","PTK6","ARHGAP22"
"BTK","IKBKE","ARHGAP22"
"BTK","CCND1","ARHGAP22"
"BTK","ILK","ARHGAP22"
"BTK","STAP1","ARHGAP22"
"BTK","TBK1","ARHGAP22"
"BTK","SPRED1","ARHGAP22"
"BTK","MEK1/2","ARHGAP22"
"BTK","PTPN7","ARHGAP22"
"BTK","CALM1","ARHGAP22"
"BTK","FADD","ARHGAP22"
"BTK","STK38","ARHGAP22"
"BTK","TLK1","ARHGAP22"
"BTK","C9orf72","ARHGAP22"
"BTK","CDKN2A","ARHGAP22"
"BTK","MAP4K1","ARHGAP22"
"BTK","RET","ARHGAP22"
"BTK","DDX41","ARHGAP22"
"BTK","IKK-complex","ARHGAP22"
"BTK","SHC1","ARHGAP22"
"BTK","RPS6KA4","ARHGAP22"
"BTK","NTRK1","ARHGAP22"
"BTK","GPSM3","ARHGAP22"
"BTK","RELA","ARHGAP22"
"BTK","MAPKAPK5","ARHGAP22"
"BTK","EPHA2","ARHGAP22"
"BTK","MAP3K8","ARHGAP22"
"BTK","PTPRR","ARHGAP22"
"BTK","CDKN1B","ARHGAP22"
"BTK","FBLIM1","ARHGAP22"
"BTK","TEC","ARHGAP22"
"BTK","VCP","ARHGAP22"
"BTK","GRIP1","ARHGAP22"
"BTK","TMIGD2","ARHGAP22"
"BTK","CCR2","ARHGAP22"
"BTK","STIP1","ARHGAP22"
"BTK","PSTPIP1","ARHGAP22"
"BTK","ARRB2","ARHGAP22"
"BTK","TRAF3","ARHGAP22"
"BTK","CRTC2","ARHGAP22"
"BTK","CD28","ARHGAP22"
"BTK","INPP5D","ARHGAP22"
"BTK","FRS2","ARHGAP22"
"BTK","CCNE1","ARHGAP22"
"BTK","IMPDH2","ARHGAP22"
"BTK","SET","ARHGAP22"
"BTK","PIK3CG","ARHGAP22"
"BTK","SH2B2","ARHGAP22"
"BTK","TRPV1","ARHGAP22"
"BTK","PPP1R14A","ARHGAP22"
"BTK","BCL10","ARHGAP22"
"BTK","PIK3R6","ARHGAP22"
"BTK","MRE11","ARHGAP22"
"BTK","HDAC2","ARHGAP22"
"BTK","KSR1","ARHGAP22"
"BTK","DDX58","ARHGAP22"
"BTK","UBXN2B","ARHGAP22"
"BTK","MST1R","ARHGAP22"
"BTK","ROR2","ARHGAP22"
"BTK","ABI1","ARHGAP22"
"BTK","IFIH1","ARHGAP22"
"BTK","RAD50","ARHGAP22"
"BTK","TTI1","ARHGAP22"
"BTK","WDFY3","ARHGAP22"
"BTK","LRP6","ARHGAP22"
"BTK","GRB14","ARHGAP22"
"BTK","HOXB7","ARHGAP22"
"BTK","PIK3C3","ARHGAP22"
"BTK","RND1","ARHGAP22"
"BTK","STING1","ARHGAP22"
"BTK","SPEN","ARHGAP22"
"BTK","NFKB1","ARHGAP22"
"BTK","CTDP1","ARHGAP22"
"BTK","TELO2","ARHGAP22"
"BTK","BLVRA","ARHGAP22"
"BTK","CLSPN","ARHGAP22"
"BTK","MAPKAP1","ARHGAP22"
"BTK","GRB7","ARHGAP22"
"BTK","BAZ1B","ARHGAP22"
"BTK","PLCG2","ARHGAP22"
"BTK","RBL2","ARHGAP22"
"BTK","PPP1R14B","ARHGAP22"
"BTK","PABIR1","ARHGAP22"
"BTK","MAPK3","HNRNPD"
"BTK","AKT3","HNRNPD"
"BTK","CHUK","HNRNPD"
"BTK","AKT2","HNRNPD"
"BTK","PTEN","HNRNPD"
"BTK","PRKCQ","HNRNPD"
"BTK","MTOR","HNRNPD"
"BTK","AKT1","HNRNPD"
"BTK","PRKG1","HNRNPD"
"BTK","CCP110","HNRNPD"
"BTK","RPS6K","HNRNPD"
"BTK","CALM2","HNRNPD"
"BTK","ERK1/2","HNRNPD"
"BTK","Gbeta","HNRNPD"
"BTK","LCK","HNRNPD"
"BTK","CDK9","HNRNPD"
"BTK","ABL1","HNRNPD"
"BTK","RPS6KA5","HNRNPD"
"BTK","WNK1","HNRNPD"
"BTK","PDPK1","HNRNPD"
"BTK","SGK1","HNRNPD"
"BTK","MAP2K1","HNRNPD"
"BTK","PRKCB","HNRNPD"
"BTK","PRKCG","HNRNPD"
"BTK","PRKCZ","HNRNPD"
"BTK","CyclinD/CDK4","HNRNPD"
"BTK","MAP3K1","HNRNPD"
"BTK","MAP3K7","HNRNPD"
"BTK","AKT","HNRNPD"
"BTK","IKBKB","HNRNPD"
"BTK","WWTR1","HNRNPD"
"BTK","DOK1","HNRNPD"
"BTK","MAP3K4","HNRNPD"
"BTK","DAPK1","HNRNPD"
"BTK","PXN","HNRNPD"
"BTK","FGG","HNRNPD"
"BTK","LEPR","HNRNPD"
"BTK","RPS6KA3","HNRNPD"
"BTK","BCL3","HNRNPD"
"BTK","DVL1","HNRNPD"
"BTK","FZR1","HNRNPD"
"BTK","GRB2","HNRNPD"
"BTK","VCPIP1","HNRNPD"
"BTK","ATR","HNRNPD"
"BTK","SGK3","HNRNPD"
"BTK","PTK6","HNRNPD"
"BTK","IKBKE","HNRNPD"
"BTK","CCND1","HNRNPD"
"BTK","ILK","HNRNPD"
"BTK","STAP1","HNRNPD"
"BTK","TBK1","HNRNPD"
"BTK","SPRED1","HNRNPD"
"BTK","MEK1/2","HNRNPD"
"BTK","PTPN7","HNRNPD"
"BTK","CALM1","HNRNPD"
"BTK","FADD","HNRNPD"
"BTK","STK38","HNRNPD"
"BTK","TLK1","HNRNPD"
"BTK","C9orf72","HNRNPD"
"BTK","CDKN2A","HNRNPD"
"BTK","MAP4K1","HNRNPD"
"BTK","RET","HNRNPD"
"BTK","DDX41","HNRNPD"
"BTK","IKK-complex","HNRNPD"
"BTK","SHC1","HNRNPD"
"BTK","RPS6KA4","HNRNPD"
"BTK","NTRK1","HNRNPD"
"BTK","GPSM3","HNRNPD"
"BTK","RELA","HNRNPD"
"BTK","MAPKAPK5","HNRNPD"
"BTK","EPHA2","HNRNPD"
"BTK","MAP3K8","HNRNPD"
"BTK","PTPRR","HNRNPD"
"BTK","CDKN1B","HNRNPD"
"BTK","FBLIM1","HNRNPD"
"BTK","TEC","HNRNPD"
"BTK","VCP","HNRNPD"
"BTK","GRIP1","HNRNPD"
"BTK","TMIGD2","HNRNPD"
"BTK","CCR2","HNRNPD"
"BTK","STIP1","HNRNPD"
"BTK","PSTPIP1","HNRNPD"
"BTK","ARRB2","HNRNPD"
"BTK","TRAF3","HNRNPD"
"BTK","CRTC2","HNRNPD"
"BTK","CD28","HNRNPD"
"BTK","INPP5D","HNRNPD"
"BTK","FRS2","HNRNPD"
"BTK","CCNE1","HNRNPD"
"BTK","IMPDH2","HNRNPD"
"BTK","SET","HNRNPD"
"BTK","PIK3CG","HNRNPD"
"BTK","SH2B2","HNRNPD"
"BTK","TRPV1","HNRNPD"
"BTK","PPP1R14A","HNRNPD"
"BTK","BCL10","HNRNPD"
"BTK","PIK3R6","HNRNPD"
"BTK","MRE11","HNRNPD"
"BTK","HDAC2","HNRNPD"
"BTK","KSR1","HNRNPD"
"BTK","DDX58","HNRNPD"
"BTK","UBXN2B","HNRNPD"
"BTK","MST1R","HNRNPD"
"BTK","ROR2","HNRNPD"
"BTK","ABI1","HNRNPD"
"BTK","IFIH1","HNRNPD"
"BTK","RAD50","HNRNPD"
"BTK","TTI1","HNRNPD"
"BTK","WDFY3","HNRNPD"
"BTK","LRP6","HNRNPD"
"BTK","GRB14","HNRNPD"
"BTK","HOXB7","HNRNPD"
"BTK","PIK3C3","HNRNPD"
"BTK","RND1","HNRNPD"
"BTK","STING1","HNRNPD"
"BTK","SPEN","HNRNPD"
"BTK","NFKB1","HNRNPD"
"BTK","CTDP1","HNRNPD"
"BTK","TELO2","HNRNPD"
"BTK","BLVRA","HNRNPD"
"BTK","CLSPN","HNRNPD"
"BTK","MAPKAP1","HNRNPD"
"BTK","GRB7","HNRNPD"
"BTK","BAZ1B","HNRNPD"
"BTK","PLCG2","HNRNPD"
"BTK","RBL2","HNRNPD"
"BTK","PPP1R14B","HNRNPD"
"BTK","PABIR1","HNRNPD"
"BTK","AKT3","NOS2"
"BTK","CHUK","NOS2"
"BTK","AKT2","NOS2"
"BTK","PTEN","NOS2"
"BTK","PRKCQ","NOS2"
"BTK","MTOR","NOS2"
"BTK","AKT1","NOS2"
"BTK","PRKG1","NOS2"
"BTK","CCP110","NOS2"
"BTK","RPS6K","NOS2"
"BTK","CALM2","NOS2"
"BTK","ERK1/2","NOS2"
"BTK","Gbeta","NOS2"
"BTK","LCK","NOS2"
"BTK","CDK9","NOS2"
"BTK","ABL1","NOS2"
"BTK","RPS6KA5","NOS2"
"BTK","WNK1","NOS2"
"BTK","PDPK1","NOS2"
"BTK","SGK1","NOS2"
"BTK","MAP2K1","NOS2"
"BTK","PRKCB","NOS2"
"BTK","PRKCG","NOS2"
"BTK","PRKCZ","NOS2"
"BTK","CyclinD/CDK4","NOS2"
"BTK","MAP3K1","NOS2"
"BTK","MAP3K7","NOS2"
"BTK","AKT","NOS2"
"BTK","IKBKB","NOS2"
"BTK","WWTR1","NOS2"
"BTK","DOK1","NOS2"
"BTK","MAP3K4","NOS2"
"BTK","DAPK1","NOS2"
"BTK","PXN","NOS2"
"BTK","FGG","NOS2"
"BTK","LEPR","NOS2"
"BTK","ITK","NOS2"
"BTK","RPS6KA3","NOS2"
"BTK","BCL3","NOS2"
"BTK","DVL1","NOS2"
"BTK","FZR1","NOS2"
"BTK","GRB2","NOS2"
"BTK","VCPIP1","NOS2"
"BTK","ATR","NOS2"
"BTK","SGK3","NOS2"
"BTK","PTK6","NOS2"
"BTK","IKBKE","NOS2"
"BTK","CCND1","NOS2"
"BTK","ILK","NOS2"
"BTK","STAP1","NOS2"
"BTK","TBK1","NOS2"
"BTK","SPRED1","NOS2"
"BTK","MEK1/2","NOS2"
"BTK","PTPN7","NOS2"
"BTK","CALM1","NOS2"
"BTK","FADD","NOS2"
"BTK","STK38","NOS2"
"BTK","TLK1","NOS2"
"BTK","C9orf72","NOS2"
"BTK","CDKN2A","NOS2"
"BTK","MAP4K1","NOS2"
"BTK","DDX41","NOS2"
"BTK","IKK-complex","NOS2"
"BTK","SHC1","NOS2"
"BTK","RPS6KA4","NOS2"
"BTK","NTRK1","NOS2"
"BTK","GPSM3","NOS2"
"BTK","RELA","NOS2"
"BTK","MAPKAPK5","NOS2"
"BTK","EPHA2","NOS2"
"BTK","MAP3K8","NOS2"
"BTK","PTPRR","NOS2"
"BTK","CDKN1B","NOS2"
"BTK","FBLIM1","NOS2"
"BTK","TEC","NOS2"
"BTK","VCP","NOS2"
"BTK","GRIP1","NOS2"
"BTK","TMIGD2","NOS2"
"BTK","CCR2","NOS2"
"BTK","STIP1","NOS2"
"BTK","PSTPIP1","NOS2"
"BTK","ARRB2","NOS2"
"BTK","TRAF3","NOS2"
"BTK","CRTC2","NOS2"
"BTK","CD28","NOS2"
"BTK","INPP5D","NOS2"
"BTK","FRS2","NOS2"
"BTK","CCNE1","NOS2"
"BTK","IMPDH2","NOS2"
"BTK","SET","NOS2"
"BTK","PIK3CG","NOS2"
"BTK","SH2B2","NOS2"
"BTK","TRPV1","NOS2"
"BTK","PPP1R14A","NOS2"
"BTK","BCL10","NOS2"
"BTK","PIK3R6","NOS2"
"BTK","MRE11","NOS2"
"BTK","HDAC2","NOS2"
"BTK","KSR1","NOS2"
"BTK","DDX58","NOS2"
"BTK","UBXN2B","NOS2"
"BTK","MST1R","NOS2"
"BTK","ROR2","NOS2"
"BTK","ABI1","NOS2"
"BTK","IFIH1","NOS2"
"BTK","RAD50","NOS2"
"BTK","TTI1","NOS2"
"BTK","WDFY3","NOS2"
"BTK","LRP6","NOS2"
"BTK","GRB14","NOS2"
"BTK","HOXB7","NOS2"
"BTK","PIK3C3","NOS2"
"BTK","RND1","NOS2"
"BTK","STING1","NOS2"
"BTK","SPEN","NOS2"
"BTK","NFKB1","NOS2"
"BTK","CTDP1","NOS2"
"BTK","TELO2","NOS2"
"BTK","BLVRA","NOS2"
"BTK","CLSPN","NOS2"
"BTK","MAPKAP1","NOS2"
"BTK","GRB7","NOS2"
"BTK","BAZ1B","NOS2"
"BTK","PLCG2","NOS2"
"BTK","RBL2","NOS2"
"BTK","PPP1R14B","NOS2"
"BTK","PABIR1","NOS2"
"BTK","MAPK3","RICTOR"
"BTK","AKT3","RICTOR"
"BTK","CHUK","RICTOR"
"BTK","AKT2","RICTOR"
"BTK","PTEN","RICTOR"
"BTK","PRKCQ","RICTOR"
"BTK","MTOR","RICTOR"
"BTK","AKT1","RICTOR"
"BTK","PRKG1","RICTOR"
"BTK","CCP110","RICTOR"
"BTK","RPS6K","RICTOR"
"BTK","CALM2","RICTOR"
"BTK","ERK1/2","RICTOR"
"BTK","Gbeta","RICTOR"
"BTK","LCK","RICTOR"
"BTK","CDK9","RICTOR"
"BTK","ABL1","RICTOR"
"BTK","RPS6KA5","RICTOR"
"BTK","WNK1","RICTOR"
"BTK","PDPK1","RICTOR"
"BTK","SGK1","RICTOR"
"BTK","MAP2K1","RICTOR"
"BTK","PRKCB","RICTOR"
"BTK","PRKCG","RICTOR"
"BTK","PRKCZ","RICTOR"
"BTK","CyclinD/CDK4","RICTOR"
"BTK","MAP3K1","RICTOR"
"BTK","MAP3K7","RICTOR"
"BTK","AKT","RICTOR"
"BTK","IKBKB","RICTOR"
"BTK","WWTR1","RICTOR"
"BTK","DOK1","RICTOR"
"BTK","MAP3K4","RICTOR"
"BTK","DAPK1","RICTOR"
"BTK","PXN","RICTOR"
"BTK","FGG","RICTOR"
"BTK","LEPR","RICTOR"
"BTK","ITK","RICTOR"
"BTK","RPS6KA3","RICTOR"
"BTK","BCL3","RICTOR"
"BTK","DVL1","RICTOR"
"BTK","FZR1","RICTOR"
"BTK","GRB2","RICTOR"
"BTK","VCPIP1","RICTOR"
"BTK","ATR","RICTOR"
"BTK","SGK3","RICTOR"
"BTK","PTK6","RICTOR"
"BTK","IKBKE","RICTOR"
"BTK","CCND1","RICTOR"
"BTK","ILK","RICTOR"
"BTK","STAP1","RICTOR"
"BTK","TBK1","RICTOR"
"BTK","SPRED1","RICTOR"
"BTK","MEK1/2","RICTOR"
"BTK","PTPN7","RICTOR"
"BTK","CALM1","RICTOR"
"BTK","FADD","RICTOR"
"BTK","STK38","RICTOR"
"BTK","TLK1","RICTOR"
"BTK","C9orf72","RICTOR"
"BTK","CDKN2A","RICTOR"
"BTK","MAP4K1","RICTOR"
"BTK","RET","RICTOR"
"BTK","DDX41","RICTOR"
"BTK","IKK-complex","RICTOR"
"BTK","SHC1","RICTOR"
"BTK","RPS6KA4","RICTOR"
"BTK","NTRK1","RICTOR"
"BTK","GPSM3","RICTOR"
"BTK","RELA","RICTOR"
"BTK","MAPKAPK5","RICTOR"
"BTK","EPHA2","RICTOR"
"BTK","MAP3K8","RICTOR"
"BTK","PTPRR","RICTOR"
"BTK","CDKN1B","RICTOR"
"BTK","FBLIM1","RICTOR"
"BTK","TEC","RICTOR"
"BTK","VCP","RICTOR"
"BTK","GRIP1","RICTOR"
"BTK","TMIGD2","RICTOR"
"BTK","CCR2","RICTOR"
"BTK","STIP1","RICTOR"
"BTK","PSTPIP1","RICTOR"
"BTK","ARRB2","RICTOR"
"BTK","TRAF3","RICTOR"
"BTK","CRTC2","RICTOR"
"BTK","CD28","RICTOR"
"BTK","INPP5D","RICTOR"
"BTK","FRS2","RICTOR"
"BTK","CCNE1","RICTOR"
"BTK","IMPDH2","RICTOR"
"BTK","SET","RICTOR"
"BTK","PIK3CG","RICTOR"
"BTK","SH2B2","RICTOR"
"BTK","TRPV1","RICTOR"
"BTK","PPP1R14A","RICTOR"
"BTK","BCL10","RICTOR"
"BTK","PIK3R6","RICTOR"
"BTK","MRE11","RICTOR"
"BTK","HDAC2","RICTOR"
"BTK","KSR1","RICTOR"
"BTK","DDX58","RICTOR"
"BTK","UBXN2B","RICTOR"
"BTK","MST1R","RICTOR"
"BTK","ROR2","RICTOR"
"BTK","ABI1","RICTOR"
"BTK","IFIH1","RICTOR"
"BTK","RAD50","RICTOR"
"BTK","TTI1","RICTOR"
"BTK","WDFY3","RICTOR"
"BTK","LRP6","RICTOR"
"BTK","GRB14","RICTOR"
"BTK","HOXB7","RICTOR"
"BTK","PIK3C3","RICTOR"
"BTK","RND1","RICTOR"
"BTK","STING1","RICTOR"
"BTK","SPEN","RICTOR"
"BTK","NFKB1","RICTOR"
"BTK","CTDP1","RICTOR"
"BTK","TELO2","RICTOR"
"BTK","BLVRA","RICTOR"
"BTK","CLSPN","RICTOR"
"BTK","MAPKAP1","RICTOR"
"BTK","GRB7","RICTOR"
"BTK","BAZ1B","RICTOR"
"BTK","PLCG2","RICTOR"
"BTK","RBL2","RICTOR"
"BTK","PPP1R14B","RICTOR"
"BTK","PABIR1","RICTOR"
"BTK","MAPK3","KDM4B"
"BTK","AKT3","KDM4B"
"BTK","CHUK","KDM4B"
"BTK","AKT2","KDM4B"
"BTK","PTEN","KDM4B"
"BTK","PRKCQ","KDM4B"
"BTK","MTOR","KDM4B"
"BTK","AKT1","KDM4B"
"BTK","PRKG1","KDM4B"
"BTK","CCP110","KDM4B"
"BTK","RPS6K","KDM4B"
"BTK","CALM2","KDM4B"
"BTK","ERK1/2","KDM4B"
"BTK","Gbeta","KDM4B"
"BTK","LCK","KDM4B"
"BTK","CDK9","KDM4B"
"BTK","ABL1","KDM4B"
"BTK","RPS6KA5","KDM4B"
"BTK","WNK1","KDM4B"
"BTK","PDPK1","KDM4B"
"BTK","SGK1","KDM4B"
"BTK","MAP2K1","KDM4B"
"BTK","PRKCB","KDM4B"
"BTK","PRKCG","KDM4B"
"BTK","PRKCZ","KDM4B"
"BTK","CyclinD/CDK4","KDM4B"
"BTK","MAP3K1","KDM4B"
"BTK","MAP3K7","KDM4B"
"BTK","AKT","KDM4B"
"BTK","IKBKB","KDM4B"
"BTK","WWTR1","KDM4B"
"BTK","DOK1","KDM4B"
"BTK","MAP3K4","KDM4B"
"BTK","DAPK1","KDM4B"
"BTK","PXN","KDM4B"
"BTK","FGG","KDM4B"
"BTK","LEPR","KDM4B"
"BTK","ITK","KDM4B"
"BTK","RPS6KA3","KDM4B"
"BTK","BCL3","KDM4B"
"BTK","DVL1","KDM4B"
"BTK","FZR1","KDM4B"
"BTK","GRB2","KDM4B"
"BTK","VCPIP1","KDM4B"
"BTK","ATR","KDM4B"
"BTK","SGK3","KDM4B"
"BTK","PTK6","KDM4B"
"BTK","IKBKE","KDM4B"
"BTK","CCND1","KDM4B"
"BTK","ILK","KDM4B"
"BTK","STAP1","KDM4B"
"BTK","TBK1","KDM4B"
"BTK","SPRED1","KDM4B"
"BTK","MEK1/2","KDM4B"
"BTK","PTPN7","KDM4B"
"BTK","CALM1","KDM4B"
"BTK","FADD","KDM4B"
"BTK","STK38","KDM4B"
"BTK","TLK1","KDM4B"
"BTK","C9orf72","KDM4B"
"BTK","CDKN2A","KDM4B"
"BTK","MAP4K1","KDM4B"
"BTK","DDX41","KDM4B"
"BTK","IKK-complex","KDM4B"
"BTK","SHC1","KDM4B"
"BTK","RPS6KA4","KDM4B"
"BTK","NTRK1","KDM4B"
"BTK","GPSM3","KDM4B"
"BTK","RELA","KDM4B"
"BTK","MAPKAPK5","KDM4B"
"BTK","EPHA2","KDM4B"
"BTK","MAP3K8","KDM4B"
"BTK","PTPRR","KDM4B"
"BTK","CDKN1B","KDM4B"
"BTK","FBLIM1","KDM4B"
"BTK","TEC","KDM4B"
"BTK","VCP","KDM4B"
"BTK","GRIP1","KDM4B"
"BTK","TMIGD2","KDM4B"
"BTK","CCR2","KDM4B"
"BTK","STIP1","KDM4B"
"BTK","PSTPIP1","KDM4B"
"BTK","ARRB2","KDM4B"
"BTK","TRAF3","KDM4B"
"BTK","CRTC2","KDM4B"
"BTK","CD28","KDM4B"
"BTK","INPP5D","KDM4B"
"BTK","FRS2","KDM4B"
"BTK","CCNE1","KDM4B"
"BTK","IMPDH2","KDM4B"
"BTK","SET","KDM4B"
"BTK","PIK3CG","KDM4B"
"BTK","SH2B2","KDM4B"
"BTK","TRPV1","KDM4B"
"BTK","PPP1R14A","KDM4B"
"BTK","BCL10","KDM4B"
"BTK","PIK3R6","KDM4B"
"BTK","MRE11","KDM4B"
"BTK","HDAC2","KDM4B"
"BTK","KSR1","KDM4B"
"BTK","DDX58","KDM4B"
"BTK","UBXN2B","KDM4B"
"BTK","MST1R","KDM4B"
"BTK","ROR2","KDM4B"
"BTK","ABI1","KDM4B"
"BTK","IFIH1","KDM4B"
"BTK","RAD50","KDM4B"
"BTK","TTI1","KDM4B"
"BTK","WDFY3","KDM4B"
"BTK","LRP6","KDM4B"
"BTK","GRB14","KDM4B"
"BTK","HOXB7","KDM4B"
"BTK","PIK3C3","KDM4B"
"BTK","RND1","KDM4B"
"BTK","STING1","KDM4B"
"BTK","SPEN","KDM4B"
"BTK","NFKB1","KDM4B"
"BTK","CTDP1","KDM4B"
"BTK","TELO2","KDM4B"
"BTK","BLVRA","KDM4B"
"BTK","CLSPN","KDM4B"
"BTK","MAPKAP1","KDM4B"
"BTK","GRB7","KDM4B"
"BTK","BAZ1B","KDM4B"
"BTK","PLCG2","KDM4B"
"BTK","RBL2","KDM4B"
"BTK","PPP1R14B","KDM4B"
"BTK","PABIR1","KDM4B"
"BTK","MAPK3","ZNF322"
"BTK","AKT3","ZNF322"
"BTK","CHUK","ZNF322"
"BTK","AKT2","ZNF322"
"BTK","PTEN","ZNF322"
"BTK","PRKCQ","ZNF322"
"BTK","MTOR","ZNF322"
"BTK","AKT1","ZNF322"
"BTK","PRKG1","ZNF322"
"BTK","CCP110","ZNF322"
"BTK","RPS6K","ZNF322"
"BTK","CALM2","ZNF322"
"BTK","ERK1/2","ZNF322"
"BTK","Gbeta","ZNF322"
"BTK","LCK","ZNF322"
"BTK","CDK9","ZNF322"
"BTK","ABL1","ZNF322"
"BTK","RPS6KA5","ZNF322"
"BTK","WNK1","ZNF322"
"BTK","PDPK1","ZNF322"
"BTK","SGK1","ZNF322"
"BTK","MAP2K1","ZNF322"
"BTK","PRKCB","ZNF322"
"BTK","PRKCG","ZNF322"
"BTK","PRKCZ","ZNF322"
"BTK","CyclinD/CDK4","ZNF322"
"BTK","MAP3K1","ZNF322"
"BTK","MAP3K7","ZNF322"
"BTK","AKT","ZNF322"
"BTK","IKBKB","ZNF322"
"BTK","WWTR1","ZNF322"
"BTK","DOK1","ZNF322"
"BTK","MAP3K4","ZNF322"
"BTK","DAPK1","ZNF322"
"BTK","PXN","ZNF322"
"BTK","FGG","ZNF322"
"BTK","LEPR","ZNF322"
"BTK","ITK","ZNF322"
"BTK","RPS6KA3","ZNF322"
"BTK","BCL3","ZNF322"
"BTK","DVL1","ZNF322"
"BTK","FZR1","ZNF322"
"BTK","GRB2","ZNF322"
"BTK","VCPIP1","ZNF322"
"BTK","ATR","ZNF322"
"BTK","SGK3","ZNF322"
"BTK","PTK6","ZNF322"
"BTK","IKBKE","ZNF322"
"BTK","CCND1","ZNF322"
"BTK","ILK","ZNF322"
"BTK","STAP1","ZNF322"
"BTK","TBK1","ZNF322"
"BTK","SPRED1","ZNF322"
"BTK","MEK1/2","ZNF322"
"BTK","PTPN7","ZNF322"
"BTK","CALM1","ZNF322"
"BTK","FADD","ZNF322"
"BTK","STK38","ZNF322"
"BTK","TLK1","ZNF322"
"BTK","C9orf72","ZNF322"
"BTK","CDKN2A","ZNF322"
"BTK","MAP4K1","ZNF322"
"BTK","RET","ZNF322"
"BTK","DDX41","ZNF322"
"BTK","IKK-complex","ZNF322"
"BTK","SHC1","ZNF322"
"BTK","RPS6KA4","ZNF322"
"BTK","NTRK1","ZNF322"
"BTK","GPSM3","ZNF322"
"BTK","RELA","ZNF322"
"BTK","MAPKAPK5","ZNF322"
"BTK","EPHA2","ZNF322"
"BTK","MAP3K8","ZNF322"
"BTK","PTPRR","ZNF322"
"BTK","CDKN1B","ZNF322"
"BTK","FBLIM1","ZNF322"
"BTK","TEC","ZNF322"
"BTK","VCP","ZNF322"
"BTK","GRIP1","ZNF322"
"BTK","TMIGD2","ZNF322"
"BTK","CCR2","ZNF322"
"BTK","STIP1","ZNF322"
"BTK","PSTPIP1","ZNF322"
"BTK","ARRB2","ZNF322"
"BTK","TRAF3","ZNF322"
"BTK","CRTC2","ZNF322"
"BTK","CD28","ZNF322"
"BTK","INPP5D","ZNF322"
"BTK","FRS2","ZNF322"
"BTK","CCNE1","ZNF322"
"BTK","IMPDH2","ZNF322"
"BTK","SET","ZNF322"
"BTK","PIK3CG","ZNF322"
"BTK","SH2B2","ZNF322"
"BTK","TRPV1","ZNF322"
"BTK","PPP1R14A","ZNF322"
"BTK","BCL10","ZNF322"
"BTK","PIK3R6","ZNF322"
"BTK","MRE11","ZNF322"
"BTK","HDAC2","ZNF322"
"BTK","KSR1","ZNF322"
"BTK","DDX58","ZNF322"
"BTK","UBXN2B","ZNF322"
"BTK","MST1R","ZNF322"
"BTK","ROR2","ZNF322"
"BTK","ABI1","ZNF322"
"BTK","IFIH1","ZNF322"
"BTK","RAD50","ZNF322"
"BTK","TTI1","ZNF322"
"BTK","WDFY3","ZNF322"
"BTK","LRP6","ZNF322"
"BTK","GRB14","ZNF322"
"BTK","HOXB7","ZNF322"
"BTK","PIK3C3","ZNF322"
"BTK","RND1","ZNF322"
"BTK","STING1","ZNF322"
"BTK","SPEN","ZNF322"
"BTK","NFKB1","ZNF322"
"BTK","CTDP1","ZNF322"
"BTK","TELO2","ZNF322"
"BTK","BLVRA","ZNF322"
"BTK","CLSPN","ZNF322"
"BTK","MAPKAP1","ZNF322"
"BTK","GRB7","ZNF322"
"BTK","BAZ1B","ZNF322"
"BTK","PLCG2","ZNF322"
"BTK","RBL2","ZNF322"
"BTK","PPP1R14B","ZNF322"
"BTK","PABIR1","ZNF322"
"BTK","MAPK3","RAD52"
"BTK","AKT3","RAD52"
"BTK","CHUK","RAD52"
"BTK","AKT2","RAD52"
"BTK","PTEN","RAD52"
"BTK","PRKCQ","RAD52"
"BTK","MTOR","RAD52"
"BTK","AKT1","RAD52"
"BTK","PRKG1","RAD52"
"BTK","CCP110","RAD52"
"BTK","RPS6K","RAD52"
"BTK","CALM2","RAD52"
"BTK","ERK1/2","RAD52"
"BTK","Gbeta","RAD52"
"BTK","LCK","RAD52"
"BTK","CDK9","RAD52"
"BTK","RPS6KA5","RAD52"
"BTK","WNK1","RAD52"
"BTK","PDPK1","RAD52"
"BTK","SGK1","RAD52"
"BTK","MAP2K1","RAD52"
"BTK","PRKCB","RAD52"
"BTK","PRKCG","RAD52"
"BTK","PRKCZ","RAD52"
"BTK","CyclinD/CDK4","RAD52"
"BTK","MAP3K1","RAD52"
"BTK","MAP3K7","RAD52"
"BTK","AKT","RAD52"
"BTK","IKBKB","RAD52"
"BTK","WWTR1","RAD52"
"BTK","DOK1","RAD52"
"BTK","MAP3K4","RAD52"
"BTK","DAPK1","RAD52"
"BTK","PXN","RAD52"
"BTK","FGG","RAD52"
"BTK","LEPR","RAD52"
"BTK","ITK","RAD52"
"BTK","RPS6KA3","RAD52"
"BTK","BCL3","RAD52"
"BTK","DVL1","RAD52"
"BTK","FZR1","RAD52"
"BTK","VCPIP1","RAD52"
"BTK","ATR","RAD52"
"BTK","SGK3","RAD52"
"BTK","PTK6","RAD52"
"BTK","IKBKE","RAD52"
"BTK","CCND1","RAD52"
"BTK","ILK","RAD52"
"BTK","STAP1","RAD52"
"BTK","TBK1","RAD52"
"BTK","SPRED1","RAD52"
"BTK","MEK1/2","RAD52"
"BTK","PTPN7","RAD52"
"BTK","CALM1","RAD52"
"BTK","FADD","RAD52"
"BTK","STK38","RAD52"
"BTK","TLK1","RAD52"
"BTK","C9orf72","RAD52"
"BTK","CDKN2A","RAD52"
"BTK","MAP4K1","RAD52"
"BTK","RET","RAD52"
"BTK","DDX41","RAD52"
"BTK","IKK-complex","RAD52"
"BTK","SHC1","RAD52"
"BTK","RPS6KA4","RAD52"
"BTK","NTRK1","RAD52"
"BTK","GPSM3","RAD52"
"BTK","RELA","RAD52"
"BTK","MAPKAPK5","RAD52"
"BTK","EPHA2","RAD52"
"BTK","MAP3K8","RAD52"
"BTK","PTPRR","RAD52"
"BTK","CDKN1B","RAD52"
"BTK","FBLIM1","RAD52"
"BTK","TEC","RAD52"
"BTK","VCP","RAD52"
"BTK","GRIP1","RAD52"
"BTK","TMIGD2","RAD52"
"BTK","CCR2","RAD52"
"BTK","STIP1","RAD52"
"BTK","PSTPIP1","RAD52"
"BTK","ARRB2","RAD52"
"BTK","TRAF3","RAD52"
"BTK","CRTC2","RAD52"
"BTK","CD28","RAD52"
"BTK","INPP5D","RAD52"
"BTK","FRS2","RAD52"
"BTK","CCNE1","RAD52"
"BTK","IMPDH2","RAD52"
"BTK","SET","RAD52"
"BTK","PIK3CG","RAD52"
"BTK","SH2B2","RAD52"
"BTK","TRPV1","RAD52"
"BTK","PPP1R14A","RAD52"
"BTK","BCL10","RAD52"
"BTK","PIK3R6","RAD52"
"BTK","MRE11","RAD52"
"BTK","HDAC2","RAD52"
"BTK","KSR1","RAD52"
"BTK","DDX58","RAD52"
"BTK","UBXN2B","RAD52"
"BTK","MST1R","RAD52"
"BTK","ROR2","RAD52"
"BTK","ABI1","RAD52"
"BTK","IFIH1","RAD52"
"BTK","RAD50","RAD52"
"BTK","TTI1","RAD52"
"BTK","WDFY3","RAD52"
"BTK","LRP6","RAD52"
"BTK","GRB14","RAD52"
"BTK","HOXB7","RAD52"
"BTK","PIK3C3","RAD52"
"BTK","RND1","RAD52"
"BTK","STING1","RAD52"
"BTK","SPEN","RAD52"
"BTK","NFKB1","RAD52"
"BTK","CTDP1","RAD52"
"BTK","TELO2","RAD52"
"BTK","BLVRA","RAD52"
"BTK","CLSPN","RAD52"
"BTK","MAPKAP1","RAD52"
"BTK","GRB7","RAD52"
"BTK","BAZ1B","RAD52"
"BTK","PLCG2","RAD52"
"BTK","RBL2","RAD52"
"BTK","PPP1R14B","RAD52"
"BTK","PABIR1","RAD52"
"BTK","MAPK3","EIF2B4"
"BTK","AKT3","EIF2B4"
"BTK","CHUK","EIF2B4"
"BTK","AKT2","EIF2B4"
"BTK","PTEN","EIF2B4"
"BTK","PRKCQ","EIF2B4"
"BTK","MTOR","EIF2B4"
"BTK","AKT1","EIF2B4"
"BTK","PRKG1","EIF2B4"
"BTK","CCP110","EIF2B4"
"BTK","RPS6K","EIF2B4"
"BTK","CALM2","EIF2B4"
"BTK","ERK1/2","EIF2B4"
"BTK","Gbeta","EIF2B4"
"BTK","LCK","EIF2B4"
"BTK","CDK9","EIF2B4"
"BTK","ABL1","EIF2B4"
"BTK","RPS6KA5","EIF2B4"
"BTK","WNK1","EIF2B4"
"BTK","PDPK1","EIF2B4"
"BTK","SGK1","EIF2B4"
"BTK","MAP2K1","EIF2B4"
"BTK","PRKCB","EIF2B4"
"BTK","PRKCG","EIF2B4"
"BTK","PRKCZ","EIF2B4"
"BTK","CyclinD/CDK4","EIF2B4"
"BTK","MAP3K1","EIF2B4"
"BTK","MAP3K7","EIF2B4"
"BTK","AKT","EIF2B4"
"BTK","IKBKB","EIF2B4"
"BTK","WWTR1","EIF2B4"
"BTK","DOK1","EIF2B4"
"BTK","MAP3K4","EIF2B4"
"BTK","DAPK1","EIF2B4"
"BTK","PXN","EIF2B4"
"BTK","FGG","EIF2B4"
"BTK","LEPR","EIF2B4"
"BTK","RPS6KA3","EIF2B4"
"BTK","BCL3","EIF2B4"
"BTK","DVL1","EIF2B4"
"BTK","FZR1","EIF2B4"
"BTK","GRB2","EIF2B4"
"BTK","VCPIP1","EIF2B4"
"BTK","ATR","EIF2B4"
"BTK","SGK3","EIF2B4"
"BTK","PTK6","EIF2B4"
"BTK","IKBKE","EIF2B4"
"BTK","CCND1","EIF2B4"
"BTK","ILK","EIF2B4"
"BTK","STAP1","EIF2B4"
"BTK","TBK1","EIF2B4"
"BTK","SPRED1","EIF2B4"
"BTK","MEK1/2","EIF2B4"
"BTK","PTPN7","EIF2B4"
"BTK","CALM1","EIF2B4"
"BTK","FADD","EIF2B4"
"BTK","STK38","EIF2B4"
"BTK","TLK1","EIF2B4"
"BTK","C9orf72","EIF2B4"
"BTK","CDKN2A","EIF2B4"
"BTK","MAP4K1","EIF2B4"
"BTK","RET","EIF2B4"
"BTK","DDX41","EIF2B4"
"BTK","IKK-complex","EIF2B4"
"BTK","SHC1","EIF2B4"
"BTK","RPS6KA4","EIF2B4"
"BTK","NTRK1","EIF2B4"
"BTK","GPSM3","EIF2B4"
"BTK","RELA","EIF2B4"
"BTK","MAPKAPK5","EIF2B4"
"BTK","EPHA2","EIF2B4"
"BTK","MAP3K8","EIF2B4"
"BTK","PTPRR","EIF2B4"
"BTK","CDKN1B","EIF2B4"
"BTK","FBLIM1","EIF2B4"
"BTK","TEC","EIF2B4"
"BTK","VCP","EIF2B4"
"BTK","GRIP1","EIF2B4"
"BTK","TMIGD2","EIF2B4"
"BTK","CCR2","EIF2B4"
"BTK","STIP1","EIF2B4"
"BTK","PSTPIP1","EIF2B4"
"BTK","ARRB2","EIF2B4"
"BTK","TRAF3","EIF2B4"
"BTK","CRTC2","EIF2B4"
"BTK","CD28","EIF2B4"
"BTK","INPP5D","EIF2B4"
"BTK","FRS2","EIF2B4"
"BTK","CCNE1","EIF2B4"
"BTK","IMPDH2","EIF2B4"
"BTK","SET","EIF2B4"
"BTK","PIK3CG","EIF2B4"
"BTK","SH2B2","EIF2B4"
"BTK","TRPV1","EIF2B4"
"BTK","PPP1R14A","EIF2B4"
"BTK","BCL10","EIF2B4"
"BTK","PIK3R6","EIF2B4"
"BTK","MRE11","EIF2B4"
"BTK","HDAC2","EIF2B4"
"BTK","KSR1","EIF2B4"
"BTK","DDX58","EIF2B4"
"BTK","UBXN2B","EIF2B4"
"BTK","MST1R","EIF2B4"
"BTK","ROR2","EIF2B4"
"BTK","ABI1","EIF2B4"
"BTK","IFIH1","EIF2B4"
"BTK","RAD50","EIF2B4"
"BTK","TTI1","EIF2B4"
"BTK","WDFY3","EIF2B4"
"BTK","LRP6","EIF2B4"
"BTK","GRB14","EIF2B4"
"BTK","HOXB7","EIF2B4"
"BTK","PIK3C3","EIF2B4"
"BTK","RND1","EIF2B4"
"BTK","STING1","EIF2B4"
"BTK","SPEN","EIF2B4"
"BTK","NFKB1","EIF2B4"
"BTK","CTDP1","EIF2B4"
"BTK","TELO2","EIF2B4"
"BTK","BLVRA","EIF2B4"
"BTK","CLSPN","EIF2B4"
"BTK","MAPKAP1","EIF2B4"
"BTK","GRB7","EIF2B4"
"BTK","BAZ1B","EIF2B4"
"BTK","PLCG2","EIF2B4"
"BTK","RBL2","EIF2B4"
"BTK","PPP1R14B","EIF2B4"
"BTK","PABIR1","EIF2B4"
"BTK","MAPK3","STIM1"
"BTK","AKT3","STIM1"
"BTK","CHUK","STIM1"
"BTK","AKT2","STIM1"
"BTK","PTEN","STIM1"
"BTK","PRKCQ","STIM1"
"BTK","MTOR","STIM1"
"BTK","AKT1","STIM1"
"BTK","PRKG1","STIM1"
"BTK","CCP110","STIM1"
"BTK","RPS6K","STIM1"
"BTK","CALM2","STIM1"
"BTK","ERK1/2","STIM1"
"BTK","Gbeta","STIM1"
"BTK","LCK","STIM1"
"BTK","CDK9","STIM1"
"BTK","ABL1","STIM1"
"BTK","RPS6KA5","STIM1"
"BTK","WNK1","STIM1"
"BTK","PDPK1","STIM1"
"BTK","SGK1","STIM1"
"BTK","MAP2K1","STIM1"
"BTK","PRKCB","STIM1"
"BTK","PRKCG","STIM1"
"BTK","PRKCZ","STIM1"
"BTK","CyclinD/CDK4","STIM1"
"BTK","MAP3K1","STIM1"
"BTK","MAP3K7","STIM1"
"BTK","AKT","STIM1"
"BTK","IKBKB","STIM1"
"BTK","WWTR1","STIM1"
"BTK","DOK1","STIM1"
"BTK","MAP3K4","STIM1"
"BTK","DAPK1","STIM1"
"BTK","PXN","STIM1"
"BTK","FGG","STIM1"
"BTK","LEPR","STIM1"
"BTK","ITK","STIM1"
"BTK","RPS6KA3","STIM1"
"BTK","BCL3","STIM1"
"BTK","DVL1","STIM1"
"BTK","FZR1","STIM1"
"BTK","GRB2","STIM1"
"BTK","VCPIP1","STIM1"
"BTK","ATR","STIM1"
"BTK","SGK3","STIM1"
"BTK","PTK6","STIM1"
"BTK","IKBKE","STIM1"
"BTK","CCND1","STIM1"
"BTK","ILK","STIM1"
"BTK","STAP1","STIM1"
"BTK","TBK1","STIM1"
"BTK","SPRED1","STIM1"
"BTK","MEK1/2","STIM1"
"BTK","PTPN7","STIM1"
"BTK","CALM1","STIM1"
"BTK","FADD","STIM1"
"BTK","STK38","STIM1"
"BTK","TLK1","STIM1"
"BTK","C9orf72","STIM1"
"BTK","CDKN2A","STIM1"
"BTK","MAP4K1","STIM1"
"BTK","RET","STIM1"
"BTK","DDX41","STIM1"
"BTK","IKK-complex","STIM1"
"BTK","SHC1","STIM1"
"BTK","RPS6KA4","STIM1"
"BTK","NTRK1","STIM1"
"BTK","GPSM3","STIM1"
"BTK","RELA","STIM1"
"BTK","MAPKAPK5","STIM1"
"BTK","EPHA2","STIM1"
"BTK","MAP3K8","STIM1"
"BTK","PTPRR","STIM1"
"BTK","CDKN1B","STIM1"
"BTK","FBLIM1","STIM1"
"BTK","VCP","STIM1"
"BTK","GRIP1","STIM1"
"BTK","TMIGD2","STIM1"
"BTK","CCR2","STIM1"
"BTK","STIP1","STIM1"
"BTK","PSTPIP1","STIM1"
"BTK","ARRB2","STIM1"
"BTK","TRAF3","STIM1"
"BTK","CRTC2","STIM1"
"BTK","CD28","STIM1"
"BTK","INPP5D","STIM1"
"BTK","FRS2","STIM1"
"BTK","CCNE1","STIM1"
"BTK","IMPDH2","STIM1"
"BTK","SET","STIM1"
"BTK","PIK3CG","STIM1"
"BTK","SH2B2","STIM1"
"BTK","TRPV1","STIM1"
"BTK","PPP1R14A","STIM1"
"BTK","BCL10","STIM1"
"BTK","PIK3R6","STIM1"
"BTK","MRE11","STIM1"
"BTK","HDAC2","STIM1"
"BTK","KSR1","STIM1"
"BTK","DDX58","STIM1"
"BTK","UBXN2B","STIM1"
"BTK","MST1R","STIM1"
"BTK","ROR2","STIM1"
"BTK","ABI1","STIM1"
"BTK","IFIH1","STIM1"
"BTK","RAD50","STIM1"
"BTK","TTI1","STIM1"
"BTK","WDFY3","STIM1"
"BTK","LRP6","STIM1"
"BTK","GRB14","STIM1"
"BTK","HOXB7","STIM1"
"BTK","PIK3C3","STIM1"
"BTK","RND1","STIM1"
"BTK","STING1","STIM1"
"BTK","SPEN","STIM1"
"BTK","NFKB1","STIM1"
"BTK","CTDP1","STIM1"
"BTK","TELO2","STIM1"
"BTK","BLVRA","STIM1"
"BTK","CLSPN","STIM1"
"BTK","MAPKAP1","STIM1"
"BTK","GRB7","STIM1"
"BTK","BAZ1B","STIM1"
"BTK","PLCG2","STIM1"
"BTK","RBL2","STIM1"
"BTK","PPP1R14B","STIM1"
"BTK","PABIR1","STIM1"
"BTK","MAPK3","PGAM"
"BTK","AKT3","PGAM"
"BTK","CHUK","PGAM"
"BTK","AKT2","PGAM"
"BTK","PTEN","PGAM"
"BTK","PRKCQ","PGAM"
"BTK","MTOR","PGAM"
"BTK","AKT1","PGAM"
"BTK","PRKG1","PGAM"
"BTK","CCP110","PGAM"
"BTK","RPS6K","PGAM"
"BTK","CALM2","PGAM"
"BTK","ERK1/2","PGAM"
"BTK","Gbeta","PGAM"
"BTK","LCK","PGAM"
"BTK","CDK9","PGAM"
"BTK","ABL1","PGAM"
"BTK","RPS6KA5","PGAM"
"BTK","WNK1","PGAM"
"BTK","PDPK1","PGAM"
"BTK","SGK1","PGAM"
"BTK","MAP2K1","PGAM"
"BTK","PRKCB","PGAM"
"BTK","PRKCG","PGAM"
"BTK","PRKCZ","PGAM"
"BTK","CyclinD/CDK4","PGAM"
"BTK","MAP3K1","PGAM"
"BTK","MAP3K7","PGAM"
"BTK","AKT","PGAM"
"BTK","IKBKB","PGAM"
"BTK","WWTR1","PGAM"
"BTK","DOK1","PGAM"
"BTK","MAP3K4","PGAM"
"BTK","DAPK1","PGAM"
"BTK","PXN","PGAM"
"BTK","FGG","PGAM"
"BTK","LEPR","PGAM"
"BTK","ITK","PGAM"
"BTK","RPS6KA3","PGAM"
"BTK","BCL3","PGAM"
"BTK","DVL1","PGAM"
"BTK","FZR1","PGAM"
"BTK","GRB2","PGAM"
"BTK","VCPIP1","PGAM"
"BTK","ATR","PGAM"
"BTK","SGK3","PGAM"
"BTK","PTK6","PGAM"
"BTK","IKBKE","PGAM"
"BTK","CCND1","PGAM"
"BTK","ILK","PGAM"
"BTK","STAP1","PGAM"
"BTK","TBK1","PGAM"
"BTK","SPRED1","PGAM"
"BTK","MEK1/2","PGAM"
"BTK","PTPN7","PGAM"
"BTK","CALM1","PGAM"
"BTK","FADD","PGAM"
"BTK","STK38","PGAM"
"BTK","TLK1","PGAM"
"BTK","C9orf72","PGAM"
"BTK","CDKN2A","PGAM"
"BTK","MAP4K1","PGAM"
"BTK","RET","PGAM"
"BTK","DDX41","PGAM"
"BTK","IKK-complex","PGAM"
"BTK","SHC1","PGAM"
"BTK","RPS6KA4","PGAM"
"BTK","NTRK1","PGAM"
"BTK","GPSM3","PGAM"
"BTK","RELA","PGAM"
"BTK","MAPKAPK5","PGAM"
"BTK","EPHA2","PGAM"
"BTK","MAP3K8","PGAM"
"BTK","PTPRR","PGAM"
"BTK","CDKN1B","PGAM"
"BTK","FBLIM1","PGAM"
"BTK","TEC","PGAM"
"BTK","VCP","PGAM"
"BTK","GRIP1","PGAM"
"BTK","TMIGD2","PGAM"
"BTK","CCR2","PGAM"
"BTK","STIP1","PGAM"
"BTK","PSTPIP1","PGAM"
"BTK","ARRB2","PGAM"
"BTK","TRAF3","PGAM"
"BTK","CRTC2","PGAM"
"BTK","CD28","PGAM"
"BTK","INPP5D","PGAM"
"BTK","FRS2","PGAM"
"BTK","CCNE1","PGAM"
"BTK","IMPDH2","PGAM"
"BTK","SET","PGAM"
"BTK","PIK3CG","PGAM"
"BTK","SH2B2","PGAM"
"BTK","TRPV1","PGAM"
"BTK","PPP1R14A","PGAM"
"BTK","BCL10","PGAM"
"BTK","PIK3R6","PGAM"
"BTK","MRE11","PGAM"
"BTK","HDAC2","PGAM"
"BTK","KSR1","PGAM"
"BTK","DDX58","PGAM"
"BTK","UBXN2B","PGAM"
"BTK","MST1R","PGAM"
"BTK","ROR2","PGAM"
"BTK","ABI1","PGAM"
"BTK","IFIH1","PGAM"
"BTK","RAD50","PGAM"
"BTK","TTI1","PGAM"
"BTK","WDFY3","PGAM"
"BTK","LRP6","PGAM"
"BTK","GRB14","PGAM"
"BTK","HOXB7","PGAM"
"BTK","PIK3C3","PGAM"
"BTK","RND1","PGAM"
"BTK","STING1","PGAM"
"BTK","SPEN","PGAM"
"BTK","NFKB1","PGAM"
"BTK","CTDP1","PGAM"
"BTK","TELO2","PGAM"
"BTK","BLVRA","PGAM"
"BTK","CLSPN","PGAM"
"BTK","MAPKAP1","PGAM"
"BTK","GRB7","PGAM"
"BTK","BAZ1B","PGAM"
"BTK","RBL2","PGAM"
"BTK","PPP1R14B","PGAM"
"BTK","PABIR1","PGAM"
"BTK","MAPK3","TRAF3IP2"
"BTK","AKT3","TRAF3IP2"
"BTK","CHUK","TRAF3IP2"
"BTK","AKT2","TRAF3IP2"
"BTK","PTEN","TRAF3IP2"
"BTK","PRKCQ","TRAF3IP2"
"BTK","MTOR","TRAF3IP2"
"BTK","AKT1","TRAF3IP2"
"BTK","PRKG1","TRAF3IP2"
"BTK","CCP110","TRAF3IP2"
"BTK","RPS6K","TRAF3IP2"
"BTK","CALM2","TRAF3IP2"
"BTK","ERK1/2","TRAF3IP2"
"BTK","Gbeta","TRAF3IP2"
"BTK","LCK","TRAF3IP2"
"BTK","CDK9","TRAF3IP2"
"BTK","ABL1","TRAF3IP2"
"BTK","RPS6KA5","TRAF3IP2"
"BTK","WNK1","TRAF3IP2"
"BTK","PDPK1","TRAF3IP2"
"BTK","SGK1","TRAF3IP2"
"BTK","MAP2K1","TRAF3IP2"
"BTK","PRKCB","TRAF3IP2"
"BTK","PRKCG","TRAF3IP2"
"BTK","PRKCZ","TRAF3IP2"
"BTK","CyclinD/CDK4","TRAF3IP2"
"BTK","MAP3K1","TRAF3IP2"
"BTK","MAP3K7","TRAF3IP2"
"BTK","AKT","TRAF3IP2"
"BTK","IKBKB","TRAF3IP2"
"BTK","WWTR1","TRAF3IP2"
"BTK","DOK1","TRAF3IP2"
"BTK","MAP3K4","TRAF3IP2"
"BTK","DAPK1","TRAF3IP2"
"BTK","PXN","TRAF3IP2"
"BTK","FGG","TRAF3IP2"
"BTK","LEPR","TRAF3IP2"
"BTK","ITK","TRAF3IP2"
"BTK","RPS6KA3","TRAF3IP2"
"BTK","BCL3","TRAF3IP2"
"BTK","DVL1","TRAF3IP2"
"BTK","FZR1","TRAF3IP2"
"BTK","GRB2","TRAF3IP2"
"BTK","VCPIP1","TRAF3IP2"
"BTK","ATR","TRAF3IP2"
"BTK","SGK3","TRAF3IP2"
"BTK","PTK6","TRAF3IP2"
"BTK","CCND1","TRAF3IP2"
"BTK","ILK","TRAF3IP2"
"BTK","STAP1","TRAF3IP2"
"BTK","SPRED1","TRAF3IP2"
"BTK","MEK1/2","TRAF3IP2"
"BTK","PTPN7","TRAF3IP2"
"BTK","CALM1","TRAF3IP2"
"BTK","FADD","TRAF3IP2"
"BTK","STK38","TRAF3IP2"
"BTK","TLK1","TRAF3IP2"
"BTK","C9orf72","TRAF3IP2"
"BTK","CDKN2A","TRAF3IP2"
"BTK","MAP4K1","TRAF3IP2"
"BTK","RET","TRAF3IP2"
"BTK","IKK-complex","TRAF3IP2"
"BTK","SHC1","TRAF3IP2"
"BTK","RPS6KA4","TRAF3IP2"
"BTK","NTRK1","TRAF3IP2"
"BTK","GPSM3","TRAF3IP2"
"BTK","RELA","TRAF3IP2"
"BTK","MAPKAPK5","TRAF3IP2"
"BTK","EPHA2","TRAF3IP2"
"BTK","MAP3K8","TRAF3IP2"
"BTK","PTPRR","TRAF3IP2"
"BTK","CDKN1B","TRAF3IP2"
"BTK","FBLIM1","TRAF3IP2"
"BTK","TEC","TRAF3IP2"
"BTK","VCP","TRAF3IP2"
"BTK","GRIP1","TRAF3IP2"
"BTK","TMIGD2","TRAF3IP2"
"BTK","CCR2","TRAF3IP2"
"BTK","STIP1","TRAF3IP2"
"BTK","PSTPIP1","TRAF3IP2"
"BTK","ARRB2","TRAF3IP2"
"BTK","TRAF3","TRAF3IP2"
"BTK","CRTC2","TRAF3IP2"
"BTK","CD28","TRAF3IP2"
"BTK","INPP5D","TRAF3IP2"
"BTK","FRS2","TRAF3IP2"
"BTK","CCNE1","TRAF3IP2"
"BTK","IMPDH2","TRAF3IP2"
"BTK","SET","TRAF3IP2"
"BTK","PIK3CG","TRAF3IP2"
"BTK","SH2B2","TRAF3IP2"
"BTK","TRPV1","TRAF3IP2"
"BTK","PPP1R14A","TRAF3IP2"
"BTK","BCL10","TRAF3IP2"
"BTK","PIK3R6","TRAF3IP2"
"BTK","MRE11","TRAF3IP2"
"BTK","HDAC2","TRAF3IP2"
"BTK","KSR1","TRAF3IP2"
"BTK","DDX58","TRAF3IP2"
"BTK","UBXN2B","TRAF3IP2"
"BTK","MST1R","TRAF3IP2"
"BTK","ROR2","TRAF3IP2"
"BTK","ABI1","TRAF3IP2"
"BTK","IFIH1","TRAF3IP2"
"BTK","RAD50","TRAF3IP2"
"BTK","TTI1","TRAF3IP2"
"BTK","WDFY3","TRAF3IP2"
"BTK","LRP6","TRAF3IP2"
"BTK","GRB14","TRAF3IP2"
"BTK","HOXB7","TRAF3IP2"
"BTK","PIK3C3","TRAF3IP2"
"BTK","RND1","TRAF3IP2"
"BTK","SPEN","TRAF3IP2"
"BTK","NFKB1","TRAF3IP2"
"BTK","CTDP1","TRAF3IP2"
"BTK","TELO2","TRAF3IP2"
"BTK","BLVRA","TRAF3IP2"
"BTK","CLSPN","TRAF3IP2"
"BTK","MAPKAP1","TRAF3IP2"
"BTK","GRB7","TRAF3IP2"
"BTK","BAZ1B","TRAF3IP2"
"BTK","PLCG2","TRAF3IP2"
"BTK","RBL2","TRAF3IP2"
"BTK","PPP1R14B","TRAF3IP2"
"BTK","PABIR1","TRAF3IP2"
"BTK","MAPK3","EIF2B1"
"BTK","AKT3","EIF2B1"
"BTK","CHUK","EIF2B1"
"BTK","AKT2","EIF2B1"
"BTK","PTEN","EIF2B1"
"BTK","PRKCQ","EIF2B1"
"BTK","MTOR","EIF2B1"
"BTK","AKT1","EIF2B1"
"BTK","PRKG1","EIF2B1"
"BTK","CCP110","EIF2B1"
"BTK","RPS6K","EIF2B1"
"BTK","CALM2","EIF2B1"
"BTK","ERK1/2","EIF2B1"
"BTK","Gbeta","EIF2B1"
"BTK","LCK","EIF2B1"
"BTK","CDK9","EIF2B1"
"BTK","ABL1","EIF2B1"
"BTK","RPS6KA5","EIF2B1"
"BTK","WNK1","EIF2B1"
"BTK","PDPK1","EIF2B1"
"BTK","SGK1","EIF2B1"
"BTK","MAP2K1","EIF2B1"
"BTK","PRKCB","EIF2B1"
"BTK","PRKCG","EIF2B1"
"BTK","PRKCZ","EIF2B1"
"BTK","CyclinD/CDK4","EIF2B1"
"BTK","MAP3K1","EIF2B1"
"BTK","MAP3K7","EIF2B1"
"BTK","AKT","EIF2B1"
"BTK","IKBKB","EIF2B1"
"BTK","WWTR1","EIF2B1"
"BTK","DOK1","EIF2B1"
"BTK","MAP3K4","EIF2B1"
"BTK","DAPK1","EIF2B1"
"BTK","PXN","EIF2B1"
"BTK","FGG","EIF2B1"
"BTK","LEPR","EIF2B1"
"BTK","RPS6KA3","EIF2B1"
"BTK","BCL3","EIF2B1"
"BTK","DVL1","EIF2B1"
"BTK","FZR1","EIF2B1"
"BTK","GRB2","EIF2B1"
"BTK","VCPIP1","EIF2B1"
"BTK","ATR","EIF2B1"
"BTK","SGK3","EIF2B1"
"BTK","PTK6","EIF2B1"
"BTK","IKBKE","EIF2B1"
"BTK","CCND1","EIF2B1"
"BTK","ILK","EIF2B1"
"BTK","STAP1","EIF2B1"
"BTK","TBK1","EIF2B1"
"BTK","SPRED1","EIF2B1"
"BTK","MEK1/2","EIF2B1"
"BTK","PTPN7","EIF2B1"
"BTK","CALM1","EIF2B1"
"BTK","FADD","EIF2B1"
"BTK","STK38","EIF2B1"
"BTK","TLK1","EIF2B1"
"BTK","C9orf72","EIF2B1"
"BTK","CDKN2A","EIF2B1"
"BTK","MAP4K1","EIF2B1"
"BTK","RET","EIF2B1"
"BTK","DDX41","EIF2B1"
"BTK","IKK-complex","EIF2B1"
"BTK","SHC1","EIF2B1"
"BTK","RPS6KA4","EIF2B1"
"BTK","NTRK1","EIF2B1"
"BTK","GPSM3","EIF2B1"
"BTK","RELA","EIF2B1"
"BTK","MAPKAPK5","EIF2B1"
"BTK","EPHA2","EIF2B1"
"BTK","MAP3K8","EIF2B1"
"BTK","PTPRR","EIF2B1"
"BTK","CDKN1B","EIF2B1"
"BTK","FBLIM1","EIF2B1"
"BTK","TEC","EIF2B1"
"BTK","VCP","EIF2B1"
"BTK","GRIP1","EIF2B1"
"BTK","TMIGD2","EIF2B1"
"BTK","CCR2","EIF2B1"
"BTK","STIP1","EIF2B1"
"BTK","PSTPIP1","EIF2B1"
"BTK","ARRB2","EIF2B1"
"BTK","TRAF3","EIF2B1"
"BTK","CRTC2","EIF2B1"
"BTK","CD28","EIF2B1"
"BTK","INPP5D","EIF2B1"
"BTK","FRS2","EIF2B1"
"BTK","CCNE1","EIF2B1"
"BTK","IMPDH2","EIF2B1"
"BTK","SET","EIF2B1"
"BTK","PIK3CG","EIF2B1"
"BTK","SH2B2","EIF2B1"
"BTK","TRPV1","EIF2B1"
"BTK","PPP1R14A","EIF2B1"
"BTK","BCL10","EIF2B1"
"BTK","PIK3R6","EIF2B1"
"BTK","MRE11","EIF2B1"
"BTK","HDAC2","EIF2B1"
"BTK","KSR1","EIF2B1"
"BTK","DDX58","EIF2B1"
"BTK","UBXN2B","EIF2B1"
"BTK","MST1R","EIF2B1"
"BTK","ROR2","EIF2B1"
"BTK","ABI1","EIF2B1"
"BTK","IFIH1","EIF2B1"
"BTK","RAD50","EIF2B1"
"BTK","TTI1","EIF2B1"
"BTK","WDFY3","EIF2B1"
"BTK","LRP6","EIF2B1"
"BTK","GRB14","EIF2B1"
"BTK","HOXB7","EIF2B1"
"BTK","PIK3C3","EIF2B1"
"BTK","RND1","EIF2B1"
"BTK","STING1","EIF2B1"
"BTK","SPEN","EIF2B1"
"BTK","NFKB1","EIF2B1"
"BTK","CTDP1","EIF2B1"
"BTK","TELO2","EIF2B1"
"BTK","BLVRA","EIF2B1"
"BTK","CLSPN","EIF2B1"
"BTK","MAPKAP1","EIF2B1"
"BTK","GRB7","EIF2B1"
"BTK","BAZ1B","EIF2B1"
"BTK","PLCG2","EIF2B1"
"BTK","RBL2","EIF2B1"
"BTK","PPP1R14B","EIF2B1"
"BTK","PABIR1","EIF2B1"
"BTK","MAPK3","MTHFR"
"BTK","AKT3","MTHFR"
"BTK","CHUK","MTHFR"
"BTK","AKT2","MTHFR"
"BTK","PTEN","MTHFR"
"BTK","PRKCQ","MTHFR"
"BTK","MTOR","MTHFR"
"BTK","AKT1","MTHFR"
"BTK","PRKG1","MTHFR"
"BTK","CCP110","MTHFR"
"BTK","RPS6K","MTHFR"
"BTK","CALM2","MTHFR"
"BTK","ERK1/2","MTHFR"
"BTK","Gbeta","MTHFR"
"BTK","LCK","MTHFR"
"BTK","CDK9","MTHFR"
"BTK","ABL1","MTHFR"
"BTK","RPS6KA5","MTHFR"
"BTK","WNK1","MTHFR"
"BTK","PDPK1","MTHFR"
"BTK","SGK1","MTHFR"
"BTK","MAP2K1","MTHFR"
"BTK","PRKCG","MTHFR"
"BTK","PRKCZ","MTHFR"
"BTK","CyclinD/CDK4","MTHFR"
"BTK","MAP3K1","MTHFR"
"BTK","MAP3K7","MTHFR"
"BTK","AKT","MTHFR"
"BTK","IKBKB","MTHFR"
"BTK","WWTR1","MTHFR"
"BTK","DOK1","MTHFR"
"BTK","MAP3K4","MTHFR"
"BTK","DAPK1","MTHFR"
"BTK","PXN","MTHFR"
"BTK","FGG","MTHFR"
"BTK","LEPR","MTHFR"
"BTK","ITK","MTHFR"
"BTK","RPS6KA3","MTHFR"
"BTK","BCL3","MTHFR"
"BTK","DVL1","MTHFR"
"BTK","FZR1","MTHFR"
"BTK","GRB2","MTHFR"
"BTK","VCPIP1","MTHFR"
"BTK","ATR","MTHFR"
"BTK","SGK3","MTHFR"
"BTK","PTK6","MTHFR"
"BTK","IKBKE","MTHFR"
"BTK","CCND1","MTHFR"
"BTK","ILK","MTHFR"
"BTK","STAP1","MTHFR"
"BTK","TBK1","MTHFR"
"BTK","SPRED1","MTHFR"
"BTK","MEK1/2","MTHFR"
"BTK","PTPN7","MTHFR"
"BTK","CALM1","MTHFR"
"BTK","FADD","MTHFR"
"BTK","STK38","MTHFR"
"BTK","TLK1","MTHFR"
"BTK","C9orf72","MTHFR"
"BTK","CDKN2A","MTHFR"
"BTK","MAP4K1","MTHFR"
"BTK","RET","MTHFR"
"BTK","DDX41","MTHFR"
"BTK","IKK-complex","MTHFR"
"BTK","SHC1","MTHFR"
"BTK","RPS6KA4","MTHFR"
"BTK","NTRK1","MTHFR"
"BTK","GPSM3","MTHFR"
"BTK","RELA","MTHFR"
"BTK","MAPKAPK5","MTHFR"
"BTK","EPHA2","MTHFR"
"BTK","MAP3K8","MTHFR"
"BTK","PTPRR","MTHFR"
"BTK","CDKN1B","MTHFR"
"BTK","FBLIM1","MTHFR"
"BTK","VCP","MTHFR"
"BTK","GRIP1","MTHFR"
"BTK","TMIGD2","MTHFR"
"BTK","CCR2","MTHFR"
"BTK","STIP1","MTHFR"
"BTK","PSTPIP1","MTHFR"
"BTK","ARRB2","MTHFR"
"BTK","TRAF3","MTHFR"
"BTK","CRTC2","MTHFR"
"BTK","CD28","MTHFR"
"BTK","INPP5D","MTHFR"
"BTK","FRS2","MTHFR"
"BTK","CCNE1","MTHFR"
"BTK","IMPDH2","MTHFR"
"BTK","SET","MTHFR"
"BTK","PIK3CG","MTHFR"
"BTK","SH2B2","MTHFR"
"BTK","TRPV1","MTHFR"
"BTK","PPP1R14A","MTHFR"
"BTK","BCL10","MTHFR"
"BTK","PIK3R6","MTHFR"
"BTK","MRE11","MTHFR"
"BTK","HDAC2","MTHFR"
"BTK","KSR1","MTHFR"
"BTK","DDX58","MTHFR"
"BTK","UBXN2B","MTHFR"
"BTK","MST1R","MTHFR"
"BTK","ROR2","MTHFR"
"BTK","ABI1","MTHFR"
"BTK","IFIH1","MTHFR"
"BTK","RAD50","MTHFR"
"BTK","TTI1","MTHFR"
"BTK","WDFY3","MTHFR"
"BTK","LRP6","MTHFR"
"BTK","GRB14","MTHFR"
"BTK","HOXB7","MTHFR"
"BTK","PIK3C3","MTHFR"
"BTK","RND1","MTHFR"
"BTK","STING1","MTHFR"
"BTK","SPEN","MTHFR"
"BTK","NFKB1","MTHFR"
"BTK","CTDP1","MTHFR"
"BTK","TELO2","MTHFR"
"BTK","BLVRA","MTHFR"
"BTK","CLSPN","MTHFR"
"BTK","MAPKAP1","MTHFR"
"BTK","GRB7","MTHFR"
"BTK","BAZ1B","MTHFR"
"BTK","PLCG2","MTHFR"
"BTK","RBL2","MTHFR"
"BTK","PPP1R14B","MTHFR"
"BTK","PABIR1","MTHFR"
"BTK","MAPK3","CETN2"
"BTK","AKT3","CETN2"
"BTK","CHUK","CETN2"
"BTK","AKT2","CETN2"
"BTK","PTEN","CETN2"
"BTK","PRKCQ","CETN2"
"BTK","MTOR","CETN2"
"BTK","AKT1","CETN2"
"BTK","PRKG1","CETN2"
"BTK","RPS6K","CETN2"
"BTK","CALM2","CETN2"
"BTK","ERK1/2","CETN2"
"BTK","Gbeta","CETN2"
"BTK","LCK","CETN2"
"BTK","CDK9","CETN2"
"BTK","ABL1","CETN2"
"BTK","RPS6KA5","CETN2"
"BTK","WNK1","CETN2"
"BTK","PDPK1","CETN2"
"BTK","SGK1","CETN2"
"BTK","MAP2K1","CETN2"
"BTK","PRKCB","CETN2"
"BTK","PRKCG","CETN2"
"BTK","PRKCZ","CETN2"
"BTK","CyclinD/CDK4","CETN2"
"BTK","MAP3K1","CETN2"
"BTK","MAP3K7","CETN2"
"BTK","AKT","CETN2"
"BTK","IKBKB","CETN2"
"BTK","WWTR1","CETN2"
"BTK","DOK1","CETN2"
"BTK","MAP3K4","CETN2"
"BTK","DAPK1","CETN2"
"BTK","PXN","CETN2"
"BTK","FGG","CETN2"
"BTK","LEPR","CETN2"
"BTK","ITK","CETN2"
"BTK","RPS6KA3","CETN2"
"BTK","BCL3","CETN2"
"BTK","DVL1","CETN2"
"BTK","FZR1","CETN2"
"BTK","GRB2","CETN2"
"BTK","VCPIP1","CETN2"
"BTK","ATR","CETN2"
"BTK","SGK3","CETN2"
"BTK","PTK6","CETN2"
"BTK","IKBKE","CETN2"
"BTK","CCND1","CETN2"
"BTK","ILK","CETN2"
"BTK","STAP1","CETN2"
"BTK","TBK1","CETN2"
"BTK","SPRED1","CETN2"
"BTK","MEK1/2","CETN2"
"BTK","PTPN7","CETN2"
"BTK","CALM1","CETN2"
"BTK","FADD","CETN2"
"BTK","STK38","CETN2"
"BTK","TLK1","CETN2"
"BTK","C9orf72","CETN2"
"BTK","CDKN2A","CETN2"
"BTK","MAP4K1","CETN2"
"BTK","RET","CETN2"
"BTK","DDX41","CETN2"
"BTK","IKK-complex","CETN2"
"BTK","SHC1","CETN2"
"BTK","RPS6KA4","CETN2"
"BTK","NTRK1","CETN2"
"BTK","GPSM3","CETN2"
"BTK","RELA","CETN2"
"BTK","MAPKAPK5","CETN2"
"BTK","EPHA2","CETN2"
"BTK","MAP3K8","CETN2"
"BTK","PTPRR","CETN2"
"BTK","CDKN1B","CETN2"
"BTK","FBLIM1","CETN2"
"BTK","TEC","CETN2"
"BTK","VCP","CETN2"
"BTK","GRIP1","CETN2"
"BTK","TMIGD2","CETN2"
"BTK","CCR2","CETN2"
"BTK","STIP1","CETN2"
"BTK","PSTPIP1","CETN2"
"BTK","ARRB2","CETN2"
"BTK","TRAF3","CETN2"
"BTK","CRTC2","CETN2"
"BTK","CD28","CETN2"
"BTK","INPP5D","CETN2"
"BTK","FRS2","CETN2"
"BTK","CCNE1","CETN2"
"BTK","IMPDH2","CETN2"
"BTK","SET","CETN2"
"BTK","PIK3CG","CETN2"
"BTK","SH2B2","CETN2"
"BTK","TRPV1","CETN2"
"BTK","PPP1R14A","CETN2"
"BTK","BCL10","CETN2"
"BTK","PIK3R6","CETN2"
"BTK","MRE11","CETN2"
"BTK","HDAC2","CETN2"
"BTK","KSR1","CETN2"
"BTK","DDX58","CETN2"
"BTK","UBXN2B","CETN2"
"BTK","MST1R","CETN2"
"BTK","ROR2","CETN2"
"BTK","ABI1","CETN2"
"BTK","IFIH1","CETN2"
"BTK","RAD50","CETN2"
"BTK","TTI1","CETN2"
"BTK","WDFY3","CETN2"
"BTK","LRP6","CETN2"
"BTK","GRB14","CETN2"
"BTK","HOXB7","CETN2"
"BTK","PIK3C3","CETN2"
"BTK","RND1","CETN2"
"BTK","STING1","CETN2"
"BTK","SPEN","CETN2"
"BTK","NFKB1","CETN2"
"BTK","CTDP1","CETN2"
"BTK","TELO2","CETN2"
"BTK","BLVRA","CETN2"
"BTK","CLSPN","CETN2"
"BTK","MAPKAP1","CETN2"
"BTK","GRB7","CETN2"
"BTK","BAZ1B","CETN2"
"BTK","RBL2","CETN2"
"BTK","PPP1R14B","CETN2"
"BTK","PABIR1","CETN2"
"BTK","MAPK3","TRPV6"
"BTK","AKT3","TRPV6"
"BTK","CHUK","TRPV6"
"BTK","AKT2","TRPV6"
"BTK","PTEN","TRPV6"
"BTK","PRKCQ","TRPV6"
"BTK","MTOR","TRPV6"
"BTK","AKT1","TRPV6"
"BTK","PRKG1","TRPV6"
"BTK","CCP110","TRPV6"
"BTK","RPS6K","TRPV6"
"BTK","CALM2","TRPV6"
"BTK","ERK1/2","TRPV6"
"BTK","Gbeta","TRPV6"
"BTK","LCK","TRPV6"
"BTK","CDK9","TRPV6"
"BTK","ABL1","TRPV6"
"BTK","RPS6KA5","TRPV6"
"BTK","WNK1","TRPV6"
"BTK","PDPK1","TRPV6"
"BTK","SGK1","TRPV6"
"BTK","MAP2K1","TRPV6"
"BTK","PRKCB","TRPV6"
"BTK","PRKCG","TRPV6"
"BTK","PRKCZ","TRPV6"
"BTK","CyclinD/CDK4","TRPV6"
"BTK","MAP3K1","TRPV6"
"BTK","MAP3K7","TRPV6"
"BTK","AKT","TRPV6"
"BTK","IKBKB","TRPV6"
"BTK","WWTR1","TRPV6"
"BTK","DOK1","TRPV6"
"BTK","MAP3K4","TRPV6"
"BTK","DAPK1","TRPV6"
"BTK","PXN","TRPV6"
"BTK","FGG","TRPV6"
"BTK","LEPR","TRPV6"
"BTK","ITK","TRPV6"
"BTK","RPS6KA3","TRPV6"
"BTK","BCL3","TRPV6"
"BTK","DVL1","TRPV6"
"BTK","FZR1","TRPV6"
"BTK","GRB2","TRPV6"
"BTK","VCPIP1","TRPV6"
"BTK","ATR","TRPV6"
"BTK","SGK3","TRPV6"
"BTK","PTK6","TRPV6"
"BTK","IKBKE","TRPV6"
"BTK","CCND1","TRPV6"
"BTK","ILK","TRPV6"
"BTK","STAP1","TRPV6"
"BTK","TBK1","TRPV6"
"BTK","SPRED1","TRPV6"
"BTK","MEK1/2","TRPV6"
"BTK","PTPN7","TRPV6"
"BTK","CALM1","TRPV6"
"BTK","FADD","TRPV6"
"BTK","STK38","TRPV6"
"BTK","TLK1","TRPV6"
"BTK","C9orf72","TRPV6"
"BTK","CDKN2A","TRPV6"
"BTK","MAP4K1","TRPV6"
"BTK","RET","TRPV6"
"BTK","DDX41","TRPV6"
"BTK","IKK-complex","TRPV6"
"BTK","SHC1","TRPV6"
"BTK","RPS6KA4","TRPV6"
"BTK","NTRK1","TRPV6"
"BTK","GPSM3","TRPV6"
"BTK","RELA","TRPV6"
"BTK","MAPKAPK5","TRPV6"
"BTK","EPHA2","TRPV6"
"BTK","MAP3K8","TRPV6"
"BTK","PTPRR","TRPV6"
"BTK","CDKN1B","TRPV6"
"BTK","FBLIM1","TRPV6"
"BTK","TEC","TRPV6"
"BTK","VCP","TRPV6"
"BTK","GRIP1","TRPV6"
"BTK","TMIGD2","TRPV6"
"BTK","CCR2","TRPV6"
"BTK","STIP1","TRPV6"
"BTK","PSTPIP1","TRPV6"
"BTK","ARRB2","TRPV6"
"BTK","TRAF3","TRPV6"
"BTK","CRTC2","TRPV6"
"BTK","CD28","TRPV6"
"BTK","INPP5D","TRPV6"
"BTK","FRS2","TRPV6"
"BTK","CCNE1","TRPV6"
"BTK","IMPDH2","TRPV6"
"BTK","SET","TRPV6"
"BTK","PIK3CG","TRPV6"
"BTK","SH2B2","TRPV6"
"BTK","TRPV1","TRPV6"
"BTK","PPP1R14A","TRPV6"
"BTK","BCL10","TRPV6"
"BTK","PIK3R6","TRPV6"
"BTK","MRE11","TRPV6"
"BTK","HDAC2","TRPV6"
"BTK","KSR1","TRPV6"
"BTK","DDX58","TRPV6"
"BTK","UBXN2B","TRPV6"
"BTK","MST1R","TRPV6"
"BTK","ROR2","TRPV6"
"BTK","ABI1","TRPV6"
"BTK","IFIH1","TRPV6"
"BTK","RAD50","TRPV6"
"BTK","TTI1","TRPV6"
"BTK","WDFY3","TRPV6"
"BTK","LRP6","TRPV6"
"BTK","GRB14","TRPV6"
"BTK","HOXB7","TRPV6"
"BTK","PIK3C3","TRPV6"
"BTK","RND1","TRPV6"
"BTK","STING1","TRPV6"
"BTK","SPEN","TRPV6"
"BTK","NFKB1","TRPV6"
"BTK","CTDP1","TRPV6"
"BTK","TELO2","TRPV6"
"BTK","BLVRA","TRPV6"
"BTK","CLSPN","TRPV6"
"BTK","MAPKAP1","TRPV6"
"BTK","GRB7","TRPV6"
"BTK","BAZ1B","TRPV6"
"BTK","RBL2","TRPV6"
"BTK","PPP1R14B","TRPV6"
"BTK","PABIR1","TRPV6"
"BTK","MAPK3","RGS18"
"BTK","AKT3","RGS18"
"BTK","CHUK","RGS18"
"BTK","AKT2","RGS18"
"BTK","PTEN","RGS18"
"BTK","PRKCQ","RGS18"
"BTK","MTOR","RGS18"
"BTK","AKT1","RGS18"
"BTK","CCP110","RGS18"
"BTK","RPS6K","RGS18"
"BTK","CALM2","RGS18"
"BTK","ERK1/2","RGS18"
"BTK","Gbeta","RGS18"
"BTK","LCK","RGS18"
"BTK","CDK9","RGS18"
"BTK","ABL1","RGS18"
"BTK","RPS6KA5","RGS18"
"BTK","WNK1","RGS18"
"BTK","PDPK1","RGS18"
"BTK","SGK1","RGS18"
"BTK","MAP2K1","RGS18"
"BTK","PRKCB","RGS18"
"BTK","PRKCG","RGS18"
"BTK","PRKCZ","RGS18"
"BTK","CyclinD/CDK4","RGS18"
"BTK","MAP3K1","RGS18"
"BTK","MAP3K7","RGS18"
"BTK","AKT","RGS18"
"BTK","IKBKB","RGS18"
"BTK","WWTR1","RGS18"
"BTK","DOK1","RGS18"
"BTK","MAP3K4","RGS18"
"BTK","DAPK1","RGS18"
"BTK","PXN","RGS18"
"BTK","FGG","RGS18"
"BTK","LEPR","RGS18"
"BTK","RPS6KA3","RGS18"
"BTK","BCL3","RGS18"
"BTK","DVL1","RGS18"
"BTK","FZR1","RGS18"
"BTK","GRB2","RGS18"
"BTK","VCPIP1","RGS18"
"BTK","ATR","RGS18"
"BTK","SGK3","RGS18"
"BTK","PTK6","RGS18"
"BTK","IKBKE","RGS18"
"BTK","CCND1","RGS18"
"BTK","ILK","RGS18"
"BTK","STAP1","RGS18"
"BTK","TBK1","RGS18"
"BTK","SPRED1","RGS18"
"BTK","MEK1/2","RGS18"
"BTK","PTPN7","RGS18"
"BTK","CALM1","RGS18"
"BTK","FADD","RGS18"
"BTK","STK38","RGS18"
"BTK","TLK1","RGS18"
"BTK","C9orf72","RGS18"
"BTK","CDKN2A","RGS18"
"BTK","MAP4K1","RGS18"
"BTK","RET","RGS18"
"BTK","DDX41","RGS18"
"BTK","IKK-complex","RGS18"
"BTK","SHC1","RGS18"
"BTK","RPS6KA4","RGS18"
"BTK","NTRK1","RGS18"
"BTK","GPSM3","RGS18"
"BTK","RELA","RGS18"
"BTK","MAPKAPK5","RGS18"
"BTK","EPHA2","RGS18"
"BTK","MAP3K8","RGS18"
"BTK","PTPRR","RGS18"
"BTK","CDKN1B","RGS18"
"BTK","FBLIM1","RGS18"
"BTK","TEC","RGS18"
"BTK","VCP","RGS18"
"BTK","GRIP1","RGS18"
"BTK","TMIGD2","RGS18"
"BTK","CCR2","RGS18"
"BTK","STIP1","RGS18"
"BTK","PSTPIP1","RGS18"
"BTK","ARRB2","RGS18"
"BTK","TRAF3","RGS18"
"BTK","CRTC2","RGS18"
"BTK","CD28","RGS18"
"BTK","INPP5D","RGS18"
"BTK","FRS2","RGS18"
"BTK","CCNE1","RGS18"
"BTK","IMPDH2","RGS18"
"BTK","SET","RGS18"
"BTK","PIK3CG","RGS18"
"BTK","SH2B2","RGS18"
"BTK","TRPV1","RGS18"
"BTK","PPP1R14A","RGS18"
"BTK","BCL10","RGS18"
"BTK","PIK3R6","RGS18"
"BTK","MRE11","RGS18"
"BTK","HDAC2","RGS18"
"BTK","KSR1","RGS18"
"BTK","DDX58","RGS18"
"BTK","UBXN2B","RGS18"
"BTK","MST1R","RGS18"
"BTK","ROR2","RGS18"
"BTK","ABI1","RGS18"
"BTK","IFIH1","RGS18"
"BTK","RAD50","RGS18"
"BTK","TTI1","RGS18"
"BTK","WDFY3","RGS18"
"BTK","LRP6","RGS18"
"BTK","GRB14","RGS18"
"BTK","HOXB7","RGS18"
"BTK","PIK3C3","RGS18"
"BTK","RND1","RGS18"
"BTK","STING1","RGS18"
"BTK","SPEN","RGS18"
"BTK","NFKB1","RGS18"
"BTK","CTDP1","RGS18"
"BTK","TELO2","RGS18"
"BTK","BLVRA","RGS18"
"BTK","CLSPN","RGS18"
"BTK","MAPKAP1","RGS18"
"BTK","GRB7","RGS18"
"BTK","BAZ1B","RGS18"
"BTK","PLCG2","RGS18"
"BTK","RBL2","RGS18"
"BTK","PPP1R14B","RGS18"
"BTK","PABIR1","RGS18"
"BTK","MAPK3","PAX6"
"BTK","AKT3","PAX6"
"BTK","CHUK","PAX6"
"BTK","AKT2","PAX6"
"BTK","PTEN","PAX6"
"BTK","PRKCQ","PAX6"
"BTK","MTOR","PAX6"
"BTK","AKT1","PAX6"
"BTK","PRKG1","PAX6"
"BTK","CCP110","PAX6"
"BTK","RPS6K","PAX6"
"BTK","CALM2","PAX6"
"BTK","ERK1/2","PAX6"
"BTK","Gbeta","PAX6"
"BTK","LCK","PAX6"
"BTK","CDK9","PAX6"
"BTK","ABL1","PAX6"
"BTK","RPS6KA5","PAX6"
"BTK","WNK1","PAX6"
"BTK","PDPK1","PAX6"
"BTK","SGK1","PAX6"
"BTK","MAP2K1","PAX6"
"BTK","PRKCB","PAX6"
"BTK","PRKCG","PAX6"
"BTK","PRKCZ","PAX6"
"BTK","CyclinD/CDK4","PAX6"
"BTK","MAP3K1","PAX6"
"BTK","MAP3K7","PAX6"
"BTK","AKT","PAX6"
"BTK","IKBKB","PAX6"
"BTK","WWTR1","PAX6"
"BTK","DOK1","PAX6"
"BTK","MAP3K4","PAX6"
"BTK","DAPK1","PAX6"
"BTK","PXN","PAX6"
"BTK","FGG","PAX6"
"BTK","LEPR","PAX6"
"BTK","ITK","PAX6"
"BTK","RPS6KA3","PAX6"
"BTK","BCL3","PAX6"
"BTK","DVL1","PAX6"
"BTK","FZR1","PAX6"
"BTK","GRB2","PAX6"
"BTK","VCPIP1","PAX6"
"BTK","ATR","PAX6"
"BTK","SGK3","PAX6"
"BTK","PTK6","PAX6"
"BTK","IKBKE","PAX6"
"BTK","CCND1","PAX6"
"BTK","ILK","PAX6"
"BTK","STAP1","PAX6"
"BTK","TBK1","PAX6"
"BTK","SPRED1","PAX6"
"BTK","MEK1/2","PAX6"
"BTK","PTPN7","PAX6"
"BTK","CALM1","PAX6"
"BTK","FADD","PAX6"
"BTK","STK38","PAX6"
"BTK","TLK1","PAX6"
"BTK","C9orf72","PAX6"
"BTK","CDKN2A","PAX6"
"BTK","MAP4K1","PAX6"
"BTK","RET","PAX6"
"BTK","DDX41","PAX6"
"BTK","IKK-complex","PAX6"
"BTK","SHC1","PAX6"
"BTK","RPS6KA4","PAX6"
"BTK","NTRK1","PAX6"
"BTK","GPSM3","PAX6"
"BTK","RELA","PAX6"
"BTK","MAPKAPK5","PAX6"
"BTK","EPHA2","PAX6"
"BTK","MAP3K8","PAX6"
"BTK","PTPRR","PAX6"
"BTK","CDKN1B","PAX6"
"BTK","FBLIM1","PAX6"
"BTK","TEC","PAX6"
"BTK","VCP","PAX6"
"BTK","GRIP1","PAX6"
"BTK","TMIGD2","PAX6"
"BTK","CCR2","PAX6"
"BTK","STIP1","PAX6"
"BTK","PSTPIP1","PAX6"
"BTK","ARRB2","PAX6"
"BTK","TRAF3","PAX6"
"BTK","CRTC2","PAX6"
"BTK","CD28","PAX6"
"BTK","INPP5D","PAX6"
"BTK","FRS2","PAX6"
"BTK","CCNE1","PAX6"
"BTK","IMPDH2","PAX6"
"BTK","SET","PAX6"
"BTK","PIK3CG","PAX6"
"BTK","SH2B2","PAX6"
"BTK","TRPV1","PAX6"
"BTK","PPP1R14A","PAX6"
"BTK","BCL10","PAX6"
"BTK","PIK3R6","PAX6"
"BTK","MRE11","PAX6"
"BTK","HDAC2","PAX6"
"BTK","KSR1","PAX6"
"BTK","DDX58","PAX6"
"BTK","UBXN2B","PAX6"
"BTK","MST1R","PAX6"
"BTK","ROR2","PAX6"
"BTK","ABI1","PAX6"
"BTK","IFIH1","PAX6"
"BTK","RAD50","PAX6"
"BTK","TTI1","PAX6"
"BTK","WDFY3","PAX6"
"BTK","LRP6","PAX6"
"BTK","GRB14","PAX6"
"BTK","HOXB7","PAX6"
"BTK","PIK3C3","PAX6"
"BTK","RND1","PAX6"
"BTK","STING1","PAX6"
"BTK","SPEN","PAX6"
"BTK","NFKB1","PAX6"
"BTK","CTDP1","PAX6"
"BTK","TELO2","PAX6"
"BTK","BLVRA","PAX6"
"BTK","CLSPN","PAX6"
"BTK","MAPKAP1","PAX6"
"BTK","GRB7","PAX6"
"BTK","BAZ1B","PAX6"
"BTK","PLCG2","PAX6"
"BTK","RBL2","PAX6"
"BTK","PPP1R14B","PAX6"
"BTK","PABIR1","PAX6"
"BTK","MAPK3","TIFA"
"BTK","AKT3","TIFA"
"BTK","CHUK","TIFA"
"BTK","AKT2","TIFA"
"BTK","PTEN","TIFA"
"BTK","PRKCQ","TIFA"
"BTK","MTOR","TIFA"
"BTK","PRKG1","TIFA"
"BTK","CCP110","TIFA"
"BTK","RPS6K","TIFA"
"BTK","CALM2","TIFA"
"BTK","ERK1/2","TIFA"
"BTK","Gbeta","TIFA"
"BTK","LCK","TIFA"
"BTK","CDK9","TIFA"
"BTK","ABL1","TIFA"
"BTK","RPS6KA5","TIFA"
"BTK","WNK1","TIFA"
"BTK","PDPK1","TIFA"
"BTK","SGK1","TIFA"
"BTK","MAP2K1","TIFA"
"BTK","PRKCB","TIFA"
"BTK","PRKCG","TIFA"
"BTK","PRKCZ","TIFA"
"BTK","CyclinD/CDK4","TIFA"
"BTK","MAP3K1","TIFA"
"BTK","MAP3K7","TIFA"
"BTK","AKT","TIFA"
"BTK","IKBKB","TIFA"
"BTK","WWTR1","TIFA"
"BTK","DOK1","TIFA"
"BTK","MAP3K4","TIFA"
"BTK","DAPK1","TIFA"
"BTK","PXN","TIFA"
"BTK","FGG","TIFA"
"BTK","LEPR","TIFA"
"BTK","ITK","TIFA"
"BTK","RPS6KA3","TIFA"
"BTK","BCL3","TIFA"
"BTK","DVL1","TIFA"
"BTK","FZR1","TIFA"
"BTK","GRB2","TIFA"
"BTK","VCPIP1","TIFA"
"BTK","ATR","TIFA"
"BTK","SGK3","TIFA"
"BTK","PTK6","TIFA"
"BTK","IKBKE","TIFA"
"BTK","CCND1","TIFA"
"BTK","ILK","TIFA"
"BTK","STAP1","TIFA"
"BTK","TBK1","TIFA"
"BTK","SPRED1","TIFA"
"BTK","MEK1/2","TIFA"
"BTK","PTPN7","TIFA"
"BTK","CALM1","TIFA"
"BTK","FADD","TIFA"
"BTK","STK38","TIFA"
"BTK","TLK1","TIFA"
"BTK","C9orf72","TIFA"
"BTK","CDKN2A","TIFA"
"BTK","MAP4K1","TIFA"
"BTK","RET","TIFA"
"BTK","DDX41","TIFA"
"BTK","IKK-complex","TIFA"
"BTK","SHC1","TIFA"
"BTK","RPS6KA4","TIFA"
"BTK","NTRK1","TIFA"
"BTK","GPSM3","TIFA"
"BTK","RELA","TIFA"
"BTK","MAPKAPK5","TIFA"
"BTK","EPHA2","TIFA"
"BTK","MAP3K8","TIFA"
"BTK","PTPRR","TIFA"
"BTK","CDKN1B","TIFA"
"BTK","FBLIM1","TIFA"
"BTK","TEC","TIFA"
"BTK","VCP","TIFA"
"BTK","GRIP1","TIFA"
"BTK","TMIGD2","TIFA"
"BTK","CCR2","TIFA"
"BTK","STIP1","TIFA"
"BTK","PSTPIP1","TIFA"
"BTK","ARRB2","TIFA"
"BTK","TRAF3","TIFA"
"BTK","CRTC2","TIFA"
"BTK","CD28","TIFA"
"BTK","INPP5D","TIFA"
"BTK","FRS2","TIFA"
"BTK","CCNE1","TIFA"
"BTK","IMPDH2","TIFA"
"BTK","SET","TIFA"
"BTK","PIK3CG","TIFA"
"BTK","SH2B2","TIFA"
"BTK","TRPV1","TIFA"
"BTK","PPP1R14A","TIFA"
"BTK","BCL10","TIFA"
"BTK","PIK3R6","TIFA"
"BTK","MRE11","TIFA"
"BTK","HDAC2","TIFA"
"BTK","KSR1","TIFA"
"BTK","DDX58","TIFA"
"BTK","UBXN2B","TIFA"
"BTK","MST1R","TIFA"
"BTK","ROR2","TIFA"
"BTK","ABI1","TIFA"
"BTK","IFIH1","TIFA"
"BTK","RAD50","TIFA"
"BTK","TTI1","TIFA"
"BTK","WDFY3","TIFA"
"BTK","LRP6","TIFA"
"BTK","GRB14","TIFA"
"BTK","HOXB7","TIFA"
"BTK","PIK3C3","TIFA"
"BTK","RND1","TIFA"
"BTK","STING1","TIFA"
"BTK","SPEN","TIFA"
"BTK","NFKB1","TIFA"
"BTK","CTDP1","TIFA"
"BTK","TELO2","TIFA"
"BTK","BLVRA","TIFA"
"BTK","CLSPN","TIFA"
"BTK","MAPKAP1","TIFA"
"BTK","GRB7","TIFA"
"BTK","BAZ1B","TIFA"
"BTK","PLCG2","TIFA"
"BTK","RBL2","TIFA"
"BTK","PPP1R14B","TIFA"
"BTK","PABIR1","TIFA"
"BTK","MAPK3","CCNF"
"BTK","AKT3","CCNF"
"BTK","CHUK","CCNF"
"BTK","AKT2","CCNF"
"BTK","PTEN","CCNF"
"BTK","PRKCQ","CCNF"
"BTK","MTOR","CCNF"
"BTK","AKT1","CCNF"
"BTK","PRKG1","CCNF"
"BTK","CCP110","CCNF"
"BTK","RPS6K","CCNF"
"BTK","CALM2","CCNF"
"BTK","ERK1/2","CCNF"
"BTK","Gbeta","CCNF"
"BTK","LCK","CCNF"
"BTK","CDK9","CCNF"
"BTK","ABL1","CCNF"
"BTK","RPS6KA5","CCNF"
"BTK","WNK1","CCNF"
"BTK","PDPK1","CCNF"
"BTK","SGK1","CCNF"
"BTK","MAP2K1","CCNF"
"BTK","PRKCB","CCNF"
"BTK","PRKCG","CCNF"
"BTK","PRKCZ","CCNF"
"BTK","CyclinD/CDK4","CCNF"
"BTK","MAP3K1","CCNF"
"BTK","MAP3K7","CCNF"
"BTK","AKT","CCNF"
"BTK","IKBKB","CCNF"
"BTK","WWTR1","CCNF"
"BTK","DOK1","CCNF"
"BTK","MAP3K4","CCNF"
"BTK","DAPK1","CCNF"
"BTK","PXN","CCNF"
"BTK","FGG","CCNF"
"BTK","LEPR","CCNF"
"BTK","ITK","CCNF"
"BTK","RPS6KA3","CCNF"
"BTK","BCL3","CCNF"
"BTK","DVL1","CCNF"
"BTK","FZR1","CCNF"
"BTK","GRB2","CCNF"
"BTK","VCPIP1","CCNF"
"BTK","ATR","CCNF"
"BTK","SGK3","CCNF"
"BTK","PTK6","CCNF"
"BTK","IKBKE","CCNF"
"BTK","CCND1","CCNF"
"BTK","ILK","CCNF"
"BTK","STAP1","CCNF"
"BTK","TBK1","CCNF"
"BTK","SPRED1","CCNF"
"BTK","MEK1/2","CCNF"
"BTK","PTPN7","CCNF"
"BTK","CALM1","CCNF"
"BTK","FADD","CCNF"
"BTK","STK38","CCNF"
"BTK","TLK1","CCNF"
"BTK","C9orf72","CCNF"
"BTK","CDKN2A","CCNF"
"BTK","MAP4K1","CCNF"
"BTK","RET","CCNF"
"BTK","DDX41","CCNF"
"BTK","IKK-complex","CCNF"
"BTK","SHC1","CCNF"
"BTK","RPS6KA4","CCNF"
"BTK","NTRK1","CCNF"
"BTK","GPSM3","CCNF"
"BTK","RELA","CCNF"
"BTK","MAPKAPK5","CCNF"
"BTK","EPHA2","CCNF"
"BTK","MAP3K8","CCNF"
"BTK","PTPRR","CCNF"
"BTK","CDKN1B","CCNF"
"BTK","FBLIM1","CCNF"
"BTK","TEC","CCNF"
"BTK","VCP","CCNF"
"BTK","GRIP1","CCNF"
"BTK","TMIGD2","CCNF"
"BTK","CCR2","CCNF"
"BTK","STIP1","CCNF"
"BTK","PSTPIP1","CCNF"
"BTK","ARRB2","CCNF"
"BTK","TRAF3","CCNF"
"BTK","CRTC2","CCNF"
"BTK","CD28","CCNF"
"BTK","INPP5D","CCNF"
"BTK","FRS2","CCNF"
"BTK","CCNE1","CCNF"
"BTK","IMPDH2","CCNF"
"BTK","SET","CCNF"
"BTK","PIK3CG","CCNF"
"BTK","SH2B2","CCNF"
"BTK","TRPV1","CCNF"
"BTK","PPP1R14A","CCNF"
"BTK","BCL10","CCNF"
"BTK","PIK3R6","CCNF"
"BTK","MRE11","CCNF"
"BTK","HDAC2","CCNF"
"BTK","KSR1","CCNF"
"BTK","DDX58","CCNF"
"BTK","UBXN2B","CCNF"
"BTK","MST1R","CCNF"
"BTK","ROR2","CCNF"
"BTK","ABI1","CCNF"
"BTK","IFIH1","CCNF"
"BTK","RAD50","CCNF"
"BTK","TTI1","CCNF"
"BTK","WDFY3","CCNF"
"BTK","LRP6","CCNF"
"BTK","GRB14","CCNF"
"BTK","HOXB7","CCNF"
"BTK","PIK3C3","CCNF"
"BTK","RND1","CCNF"
"BTK","STING1","CCNF"
"BTK","SPEN","CCNF"
"BTK","NFKB1","CCNF"
"BTK","CTDP1","CCNF"
"BTK","TELO2","CCNF"
"BTK","BLVRA","CCNF"
"BTK","CLSPN","CCNF"
"BTK","MAPKAP1","CCNF"
"BTK","GRB7","CCNF"
"BTK","BAZ1B","CCNF"
"BTK","PLCG2","CCNF"
"BTK","RBL2","CCNF"
"BTK","PPP1R14B","CCNF"
"BTK","PABIR1","CCNF"
"BTK","MAPK3","TRPV5"
"BTK","AKT3","TRPV5"
"BTK","CHUK","TRPV5"
"BTK","AKT2","TRPV5"
"BTK","PTEN","TRPV5"
"BTK","PRKCQ","TRPV5"
"BTK","MTOR","TRPV5"
"BTK","AKT1","TRPV5"
"BTK","PRKG1","TRPV5"
"BTK","CCP110","TRPV5"
"BTK","RPS6K","TRPV5"
"BTK","CALM2","TRPV5"
"BTK","ERK1/2","TRPV5"
"BTK","Gbeta","TRPV5"
"BTK","LCK","TRPV5"
"BTK","CDK9","TRPV5"
"BTK","ABL1","TRPV5"
"BTK","RPS6KA5","TRPV5"
"BTK","WNK1","TRPV5"
"BTK","PDPK1","TRPV5"
"BTK","SGK1","TRPV5"
"BTK","MAP2K1","TRPV5"
"BTK","PRKCB","TRPV5"
"BTK","PRKCG","TRPV5"
"BTK","PRKCZ","TRPV5"
"BTK","CyclinD/CDK4","TRPV5"
"BTK","MAP3K1","TRPV5"
"BTK","MAP3K7","TRPV5"
"BTK","AKT","TRPV5"
"BTK","IKBKB","TRPV5"
"BTK","WWTR1","TRPV5"
"BTK","DOK1","TRPV5"
"BTK","MAP3K4","TRPV5"
"BTK","DAPK1","TRPV5"
"BTK","PXN","TRPV5"
"BTK","FGG","TRPV5"
"BTK","LEPR","TRPV5"
"BTK","RPS6KA3","TRPV5"
"BTK","BCL3","TRPV5"
"BTK","DVL1","TRPV5"
"BTK","FZR1","TRPV5"
"BTK","GRB2","TRPV5"
"BTK","VCPIP1","TRPV5"
"BTK","ATR","TRPV5"
"BTK","SGK3","TRPV5"
"BTK","PTK6","TRPV5"
"BTK","IKBKE","TRPV5"
"BTK","CCND1","TRPV5"
"BTK","ILK","TRPV5"
"BTK","STAP1","TRPV5"
"BTK","TBK1","TRPV5"
"BTK","SPRED1","TRPV5"
"BTK","MEK1/2","TRPV5"
"BTK","PTPN7","TRPV5"
"BTK","CALM1","TRPV5"
"BTK","FADD","TRPV5"
"BTK","STK38","TRPV5"
"BTK","TLK1","TRPV5"
"BTK","C9orf72","TRPV5"
"BTK","CDKN2A","TRPV5"
"BTK","MAP4K1","TRPV5"
"BTK","RET","TRPV5"
"BTK","DDX41","TRPV5"
"BTK","IKK-complex","TRPV5"
"BTK","SHC1","TRPV5"
"BTK","RPS6KA4","TRPV5"
"BTK","NTRK1","TRPV5"
"BTK","GPSM3","TRPV5"
"BTK","RELA","TRPV5"
"BTK","MAPKAPK5","TRPV5"
"BTK","EPHA2","TRPV5"
"BTK","MAP3K8","TRPV5"
"BTK","PTPRR","TRPV5"
"BTK","CDKN1B","TRPV5"
"BTK","FBLIM1","TRPV5"
"BTK","VCP","TRPV5"
"BTK","GRIP1","TRPV5"
"BTK","TMIGD2","TRPV5"
"BTK","CCR2","TRPV5"
"BTK","STIP1","TRPV5"
"BTK","PSTPIP1","TRPV5"
"BTK","ARRB2","TRPV5"
"BTK","TRAF3","TRPV5"
"BTK","CRTC2","TRPV5"
"BTK","CD28","TRPV5"
"BTK","INPP5D","TRPV5"
"BTK","FRS2","TRPV5"
"BTK","CCNE1","TRPV5"
"BTK","IMPDH2","TRPV5"
"BTK","SET","TRPV5"
"BTK","PIK3CG","TRPV5"
"BTK","SH2B2","TRPV5"
"BTK","TRPV1","TRPV5"
"BTK","PPP1R14A","TRPV5"
"BTK","BCL10","TRPV5"
"BTK","PIK3R6","TRPV5"
"BTK","MRE11","TRPV5"
"BTK","HDAC2","TRPV5"
"BTK","KSR1","TRPV5"
"BTK","DDX58","TRPV5"
"BTK","UBXN2B","TRPV5"
"BTK","MST1R","TRPV5"
"BTK","ROR2","TRPV5"
"BTK","ABI1","TRPV5"
"BTK","IFIH1","TRPV5"
"BTK","RAD50","TRPV5"
"BTK","TTI1","TRPV5"
"BTK","WDFY3","TRPV5"
"BTK","LRP6","TRPV5"
"BTK","GRB14","TRPV5"
"BTK","HOXB7","TRPV5"
"BTK","PIK3C3","TRPV5"
"BTK","RND1","TRPV5"
"BTK","STING1","TRPV5"
"BTK","SPEN","TRPV5"
"BTK","NFKB1","TRPV5"
"BTK","CTDP1","TRPV5"
"BTK","TELO2","TRPV5"
"BTK","BLVRA","TRPV5"
"BTK","CLSPN","TRPV5"
"BTK","MAPKAP1","TRPV5"
"BTK","GRB7","TRPV5"
"BTK","BAZ1B","TRPV5"
"BTK","PLCG2","TRPV5"
"BTK","RBL2","TRPV5"
"BTK","PPP1R14B","TRPV5"
"BTK","PABIR1","TRPV5"
"BTK","ITK","KCNJ4"
"BTK","AKT3","MAGEA11"
"BTK","CHUK","MAGEA11"
"BTK","AKT2","MAGEA11"
"BTK","PTEN","MAGEA11"
"BTK","PRKCQ","MAGEA11"
"BTK","MTOR","MAGEA11"
"BTK","AKT1","MAGEA11"
"BTK","PRKG1","MAGEA11"
"BTK","CCP110","MAGEA11"
"BTK","RPS6K","MAGEA11"
"BTK","CALM2","MAGEA11"
"BTK","ERK1/2","MAGEA11"
"BTK","Gbeta","MAGEA11"
"BTK","LCK","MAGEA11"
"BTK","CDK9","MAGEA11"
"BTK","ABL1","MAGEA11"
"BTK","RPS6KA5","MAGEA11"
"BTK","WNK1","MAGEA11"
"BTK","PDPK1","MAGEA11"
"BTK","SGK1","MAGEA11"
"BTK","MAP2K1","MAGEA11"
"BTK","PRKCB","MAGEA11"
"BTK","PRKCG","MAGEA11"
"BTK","PRKCZ","MAGEA11"
"BTK","CyclinD/CDK4","MAGEA11"
"BTK","MAP3K1","MAGEA11"
"BTK","MAP3K7","MAGEA11"
"BTK","AKT","MAGEA11"
"BTK","IKBKB","MAGEA11"
"BTK","WWTR1","MAGEA11"
"BTK","DOK1","MAGEA11"
"BTK","MAP3K4","MAGEA11"
"BTK","DAPK1","MAGEA11"
"BTK","PXN","MAGEA11"
"BTK","FGG","MAGEA11"
"BTK","LEPR","MAGEA11"
"BTK","ITK","MAGEA11"
"BTK","RPS6KA3","MAGEA11"
"BTK","BCL3","MAGEA11"
"BTK","DVL1","MAGEA11"
"BTK","FZR1","MAGEA11"
"BTK","GRB2","MAGEA11"
"BTK","VCPIP1","MAGEA11"
"BTK","ATR","MAGEA11"
"BTK","SGK3","MAGEA11"
"BTK","PTK6","MAGEA11"
"BTK","IKBKE","MAGEA11"
"BTK","CCND1","MAGEA11"
"BTK","ILK","MAGEA11"
"BTK","STAP1","MAGEA11"
"BTK","TBK1","MAGEA11"
"BTK","SPRED1","MAGEA11"
"BTK","MEK1/2","MAGEA11"
"BTK","PTPN7","MAGEA11"
"BTK","CALM1","MAGEA11"
"BTK","FADD","MAGEA11"
"BTK","STK38","MAGEA11"
"BTK","TLK1","MAGEA11"
"BTK","C9orf72","MAGEA11"
"BTK","CDKN2A","MAGEA11"
"BTK","MAP4K1","MAGEA11"
"BTK","DDX41","MAGEA11"
"BTK","IKK-complex","MAGEA11"
"BTK","SHC1","MAGEA11"
"BTK","RPS6KA4","MAGEA11"
"BTK","NTRK1","MAGEA11"
"BTK","GPSM3","MAGEA11"
"BTK","RELA","MAGEA11"
"BTK","MAPKAPK5","MAGEA11"
"BTK","EPHA2","MAGEA11"
"BTK","MAP3K8","MAGEA11"
"BTK","PTPRR","MAGEA11"
"BTK","CDKN1B","MAGEA11"
"BTK","FBLIM1","MAGEA11"
"BTK","TEC","MAGEA11"
"BTK","VCP","MAGEA11"
"BTK","GRIP1","MAGEA11"
"BTK","TMIGD2","MAGEA11"
"BTK","CCR2","MAGEA11"
"BTK","STIP1","MAGEA11"
"BTK","PSTPIP1","MAGEA11"
"BTK","ARRB2","MAGEA11"
"BTK","TRAF3","MAGEA11"
"BTK","CRTC2","MAGEA11"
"BTK","CD28","MAGEA11"
"BTK","INPP5D","MAGEA11"
"BTK","FRS2","MAGEA11"
"BTK","CCNE1","MAGEA11"
"BTK","IMPDH2","MAGEA11"
"BTK","SET","MAGEA11"
"BTK","PIK3CG","MAGEA11"
"BTK","SH2B2","MAGEA11"
"BTK","TRPV1","MAGEA11"
"BTK","PPP1R14A","MAGEA11"
"BTK","BCL10","MAGEA11"
"BTK","PIK3R6","MAGEA11"
"BTK","MRE11","MAGEA11"
"BTK","HDAC2","MAGEA11"
"BTK","KSR1","MAGEA11"
"BTK","DDX58","MAGEA11"
"BTK","UBXN2B","MAGEA11"
"BTK","MST1R","MAGEA11"
"BTK","ROR2","MAGEA11"
"BTK","ABI1","MAGEA11"
"BTK","IFIH1","MAGEA11"
"BTK","RAD50","MAGEA11"
"BTK","TTI1","MAGEA11"
"BTK","WDFY3","MAGEA11"
"BTK","LRP6","MAGEA11"
"BTK","GRB14","MAGEA11"
"BTK","HOXB7","MAGEA11"
"BTK","PIK3C3","MAGEA11"
"BTK","RND1","MAGEA11"
"BTK","STING1","MAGEA11"
"BTK","SPEN","MAGEA11"
"BTK","NFKB1","MAGEA11"
"BTK","CTDP1","MAGEA11"
"BTK","TELO2","MAGEA11"
"BTK","BLVRA","MAGEA11"
"BTK","CLSPN","MAGEA11"
"BTK","MAPKAP1","MAGEA11"
"BTK","GRB7","MAGEA11"
"BTK","BAZ1B","MAGEA11"
"BTK","PLCG2","MAGEA11"
"BTK","RBL2","MAGEA11"
"BTK","PPP1R14B","MAGEA11"
"BTK","PABIR1","MAGEA11"
"BTK","MAPK3","MTF1"
"BTK","AKT3","MTF1"
"BTK","CHUK","MTF1"
"BTK","AKT2","MTF1"
"BTK","PTEN","MTF1"
"BTK","PRKCQ","MTF1"
"BTK","MTOR","MTF1"
"BTK","AKT1","MTF1"
"BTK","PRKG1","MTF1"
"BTK","CCP110","MTF1"
"BTK","RPS6K","MTF1"
"BTK","CALM2","MTF1"
"BTK","ERK1/2","MTF1"
"BTK","Gbeta","MTF1"
"BTK","LCK","MTF1"
"BTK","CDK9","MTF1"
"BTK","ABL1","MTF1"
"BTK","RPS6KA5","MTF1"
"BTK","WNK1","MTF1"
"BTK","PDPK1","MTF1"
"BTK","SGK1","MTF1"
"BTK","MAP2K1","MTF1"
"BTK","PRKCB","MTF1"
"BTK","PRKCG","MTF1"
"BTK","PRKCZ","MTF1"
"BTK","CyclinD/CDK4","MTF1"
"BTK","MAP3K1","MTF1"
"BTK","MAP3K7","MTF1"
"BTK","AKT","MTF1"
"BTK","IKBKB","MTF1"
"BTK","WWTR1","MTF1"
"BTK","DOK1","MTF1"
"BTK","MAP3K4","MTF1"
"BTK","DAPK1","MTF1"
"BTK","PXN","MTF1"
"BTK","FGG","MTF1"
"BTK","LEPR","MTF1"
"BTK","ITK","MTF1"
"BTK","RPS6KA3","MTF1"
"BTK","BCL3","MTF1"
"BTK","DVL1","MTF1"
"BTK","FZR1","MTF1"
"BTK","GRB2","MTF1"
"BTK","VCPIP1","MTF1"
"BTK","ATR","MTF1"
"BTK","SGK3","MTF1"
"BTK","PTK6","MTF1"
"BTK","IKBKE","MTF1"
"BTK","CCND1","MTF1"
"BTK","ILK","MTF1"
"BTK","STAP1","MTF1"
"BTK","TBK1","MTF1"
"BTK","SPRED1","MTF1"
"BTK","MEK1/2","MTF1"
"BTK","PTPN7","MTF1"
"BTK","CALM1","MTF1"
"BTK","FADD","MTF1"
"BTK","STK38","MTF1"
"BTK","TLK1","MTF1"
"BTK","C9orf72","MTF1"
"BTK","CDKN2A","MTF1"
"BTK","MAP4K1","MTF1"
"BTK","RET","MTF1"
"BTK","DDX41","MTF1"
"BTK","IKK-complex","MTF1"
"BTK","SHC1","MTF1"
"BTK","RPS6KA4","MTF1"
"BTK","NTRK1","MTF1"
"BTK","GPSM3","MTF1"
"BTK","RELA","MTF1"
"BTK","MAPKAPK5","MTF1"
"BTK","EPHA2","MTF1"
"BTK","MAP3K8","MTF1"
"BTK","PTPRR","MTF1"
"BTK","CDKN1B","MTF1"
"BTK","FBLIM1","MTF1"
"BTK","TEC","MTF1"
"BTK","VCP","MTF1"
"BTK","GRIP1","MTF1"
"BTK","TMIGD2","MTF1"
"BTK","CCR2","MTF1"
"BTK","STIP1","MTF1"
"BTK","PSTPIP1","MTF1"
"BTK","ARRB2","MTF1"
"BTK","TRAF3","MTF1"
"BTK","CRTC2","MTF1"
"BTK","CD28","MTF1"
"BTK","INPP5D","MTF1"
"BTK","FRS2","MTF1"
"BTK","CCNE1","MTF1"
"BTK","IMPDH2","MTF1"
"BTK","SET","MTF1"
"BTK","PIK3CG","MTF1"
"BTK","SH2B2","MTF1"
"BTK","TRPV1","MTF1"
"BTK","PPP1R14A","MTF1"
"BTK","BCL10","MTF1"
"BTK","PIK3R6","MTF1"
"BTK","MRE11","MTF1"
"BTK","HDAC2","MTF1"
"BTK","KSR1","MTF1"
"BTK","DDX58","MTF1"
"BTK","UBXN2B","MTF1"
"BTK","MST1R","MTF1"
"BTK","ROR2","MTF1"
"BTK","ABI1","MTF1"
"BTK","IFIH1","MTF1"
"BTK","RAD50","MTF1"
"BTK","TTI1","MTF1"
"BTK","WDFY3","MTF1"
"BTK","LRP6","MTF1"
"BTK","GRB14","MTF1"
"BTK","HOXB7","MTF1"
"BTK","PIK3C3","MTF1"
"BTK","RND1","MTF1"
"BTK","STING1","MTF1"
"BTK","SPEN","MTF1"
"BTK","NFKB1","MTF1"
"BTK","CTDP1","MTF1"
"BTK","TELO2","MTF1"
"BTK","BLVRA","MTF1"
"BTK","CLSPN","MTF1"
"BTK","MAPKAP1","MTF1"
"BTK","GRB7","MTF1"
"BTK","BAZ1B","MTF1"
"BTK","RBL2","MTF1"
"BTK","PPP1R14B","MTF1"
"BTK","PABIR1","MTF1"
"BTK","MAPK3","GPX1"
"BTK","AKT3","GPX1"
"BTK","CHUK","GPX1"
"BTK","AKT2","GPX1"
"BTK","PTEN","GPX1"
"BTK","PRKCQ","GPX1"
"BTK","MTOR","GPX1"
"BTK","AKT1","GPX1"
"BTK","PRKG1","GPX1"
"BTK","CCP110","GPX1"
"BTK","RPS6K","GPX1"
"BTK","CALM2","GPX1"
"BTK","ERK1/2","GPX1"
"BTK","Gbeta","GPX1"
"BTK","LCK","GPX1"
"BTK","CDK9","GPX1"
"BTK","RPS6KA5","GPX1"
"BTK","WNK1","GPX1"
"BTK","PDPK1","GPX1"
"BTK","SGK1","GPX1"
"BTK","MAP2K1","GPX1"
"BTK","PRKCB","GPX1"
"BTK","PRKCG","GPX1"
"BTK","PRKCZ","GPX1"
"BTK","CyclinD/CDK4","GPX1"
"BTK","MAP3K1","GPX1"
"BTK","MAP3K7","GPX1"
"BTK","AKT","GPX1"
"BTK","IKBKB","GPX1"
"BTK","WWTR1","GPX1"
"BTK","DOK1","GPX1"
"BTK","MAP3K4","GPX1"
"BTK","DAPK1","GPX1"
"BTK","PXN","GPX1"
"BTK","FGG","GPX1"
"BTK","LEPR","GPX1"
"BTK","ITK","GPX1"
"BTK","RPS6KA3","GPX1"
"BTK","BCL3","GPX1"
"BTK","DVL1","GPX1"
"BTK","FZR1","GPX1"
"BTK","VCPIP1","GPX1"
"BTK","ATR","GPX1"
"BTK","SGK3","GPX1"
"BTK","PTK6","GPX1"
"BTK","IKBKE","GPX1"
"BTK","CCND1","GPX1"
"BTK","ILK","GPX1"
"BTK","STAP1","GPX1"
"BTK","TBK1","GPX1"
"BTK","SPRED1","GPX1"
"BTK","MEK1/2","GPX1"
"BTK","PTPN7","GPX1"
"BTK","CALM1","GPX1"
"BTK","FADD","GPX1"
"BTK","STK38","GPX1"
"BTK","TLK1","GPX1"
"BTK","C9orf72","GPX1"
"BTK","CDKN2A","GPX1"
"BTK","MAP4K1","GPX1"
"BTK","RET","GPX1"
"BTK","DDX41","GPX1"
"BTK","IKK-complex","GPX1"
"BTK","SHC1","GPX1"
"BTK","RPS6KA4","GPX1"
"BTK","NTRK1","GPX1"
"BTK","GPSM3","GPX1"
"BTK","RELA","GPX1"
"BTK","MAPKAPK5","GPX1"
"BTK","EPHA2","GPX1"
"BTK","MAP3K8","GPX1"
"BTK","PTPRR","GPX1"
"BTK","CDKN1B","GPX1"
"BTK","FBLIM1","GPX1"
"BTK","TEC","GPX1"
"BTK","VCP","GPX1"
"BTK","GRIP1","GPX1"
"BTK","TMIGD2","GPX1"
"BTK","CCR2","GPX1"
"BTK","STIP1","GPX1"
"BTK","PSTPIP1","GPX1"
"BTK","ARRB2","GPX1"
"BTK","TRAF3","GPX1"
"BTK","CRTC2","GPX1"
"BTK","CD28","GPX1"
"BTK","INPP5D","GPX1"
"BTK","FRS2","GPX1"
"BTK","CCNE1","GPX1"
"BTK","IMPDH2","GPX1"
"BTK","SET","GPX1"
"BTK","PIK3CG","GPX1"
"BTK","SH2B2","GPX1"
"BTK","TRPV1","GPX1"
"BTK","PPP1R14A","GPX1"
"BTK","BCL10","GPX1"
"BTK","PIK3R6","GPX1"
"BTK","MRE11","GPX1"
"BTK","HDAC2","GPX1"
"BTK","KSR1","GPX1"
"BTK","DDX58","GPX1"
"BTK","UBXN2B","GPX1"
"BTK","MST1R","GPX1"
"BTK","ROR2","GPX1"
"BTK","ABI1","GPX1"
"BTK","IFIH1","GPX1"
"BTK","RAD50","GPX1"
"BTK","TTI1","GPX1"
"BTK","WDFY3","GPX1"
"BTK","LRP6","GPX1"
"BTK","GRB14","GPX1"
"BTK","HOXB7","GPX1"
"BTK","PIK3C3","GPX1"
"BTK","RND1","GPX1"
"BTK","STING1","GPX1"
"BTK","SPEN","GPX1"
"BTK","NFKB1","GPX1"
"BTK","CTDP1","GPX1"
"BTK","TELO2","GPX1"
"BTK","BLVRA","GPX1"
"BTK","CLSPN","GPX1"
"BTK","MAPKAP1","GPX1"
"BTK","GRB7","GPX1"
"BTK","BAZ1B","GPX1"
"BTK","PLCG2","GPX1"
"BTK","RBL2","GPX1"
"BTK","PPP1R14B","GPX1"
"BTK","PABIR1","GPX1"
"BTK","MAPK3","GFRA1"
"BTK","AKT3","GFRA1"
"BTK","CHUK","GFRA1"
"BTK","AKT2","GFRA1"
"BTK","PTEN","GFRA1"
"BTK","PRKCQ","GFRA1"
"BTK","MTOR","GFRA1"
"BTK","AKT1","GFRA1"
"BTK","PRKG1","GFRA1"
"BTK","CCP110","GFRA1"
"BTK","RPS6K","GFRA1"
"BTK","CALM2","GFRA1"
"BTK","ERK1/2","GFRA1"
"BTK","Gbeta","GFRA1"
"BTK","LCK","GFRA1"
"BTK","CDK9","GFRA1"
"BTK","ABL1","GFRA1"
"BTK","RPS6KA5","GFRA1"
"BTK","WNK1","GFRA1"
"BTK","PDPK1","GFRA1"
"BTK","SGK1","GFRA1"
"BTK","MAP2K1","GFRA1"
"BTK","PRKCB","GFRA1"
"BTK","PRKCG","GFRA1"
"BTK","PRKCZ","GFRA1"
"BTK","CyclinD/CDK4","GFRA1"
"BTK","MAP3K1","GFRA1"
"BTK","MAP3K7","GFRA1"
"BTK","AKT","GFRA1"
"BTK","IKBKB","GFRA1"
"BTK","WWTR1","GFRA1"
"BTK","DOK1","GFRA1"
"BTK","MAP3K4","GFRA1"
"BTK","DAPK1","GFRA1"
"BTK","PXN","GFRA1"
"BTK","FGG","GFRA1"
"BTK","LEPR","GFRA1"
"BTK","ITK","GFRA1"
"BTK","RPS6KA3","GFRA1"
"BTK","BCL3","GFRA1"
"BTK","DVL1","GFRA1"
"BTK","FZR1","GFRA1"
"BTK","GRB2","GFRA1"
"BTK","VCPIP1","GFRA1"
"BTK","ATR","GFRA1"
"BTK","SGK3","GFRA1"
"BTK","PTK6","GFRA1"
"BTK","IKBKE","GFRA1"
"BTK","CCND1","GFRA1"
"BTK","ILK","GFRA1"
"BTK","STAP1","GFRA1"
"BTK","TBK1","GFRA1"
"BTK","SPRED1","GFRA1"
"BTK","MEK1/2","GFRA1"
"BTK","PTPN7","GFRA1"
"BTK","CALM1","GFRA1"
"BTK","FADD","GFRA1"
"BTK","STK38","GFRA1"
"BTK","TLK1","GFRA1"
"BTK","C9orf72","GFRA1"
"BTK","CDKN2A","GFRA1"
"BTK","MAP4K1","GFRA1"
"BTK","DDX41","GFRA1"
"BTK","IKK-complex","GFRA1"
"BTK","SHC1","GFRA1"
"BTK","RPS6KA4","GFRA1"
"BTK","NTRK1","GFRA1"
"BTK","GPSM3","GFRA1"
"BTK","RELA","GFRA1"
"BTK","MAPKAPK5","GFRA1"
"BTK","EPHA2","GFRA1"
"BTK","MAP3K8","GFRA1"
"BTK","PTPRR","GFRA1"
"BTK","CDKN1B","GFRA1"
"BTK","FBLIM1","GFRA1"
"BTK","TEC","GFRA1"
"BTK","VCP","GFRA1"
"BTK","GRIP1","GFRA1"
"BTK","TMIGD2","GFRA1"
"BTK","CCR2","GFRA1"
"BTK","STIP1","GFRA1"
"BTK","PSTPIP1","GFRA1"
"BTK","ARRB2","GFRA1"
"BTK","TRAF3","GFRA1"
"BTK","CRTC2","GFRA1"
"BTK","CD28","GFRA1"
"BTK","INPP5D","GFRA1"
"BTK","FRS2","GFRA1"
"BTK","CCNE1","GFRA1"
"BTK","IMPDH2","GFRA1"
"BTK","SET","GFRA1"
"BTK","PIK3CG","GFRA1"
"BTK","SH2B2","GFRA1"
"BTK","TRPV1","GFRA1"
"BTK","PPP1R14A","GFRA1"
"BTK","BCL10","GFRA1"
"BTK","PIK3R6","GFRA1"
"BTK","MRE11","GFRA1"
"BTK","HDAC2","GFRA1"
"BTK","KSR1","GFRA1"
"BTK","DDX58","GFRA1"
"BTK","UBXN2B","GFRA1"
"BTK","MST1R","GFRA1"
"BTK","ROR2","GFRA1"
"BTK","ABI1","GFRA1"
"BTK","IFIH1","GFRA1"
"BTK","RAD50","GFRA1"
"BTK","TTI1","GFRA1"
"BTK","WDFY3","GFRA1"
"BTK","LRP6","GFRA1"
"BTK","GRB14","GFRA1"
"BTK","HOXB7","GFRA1"
"BTK","PIK3C3","GFRA1"
"BTK","RND1","GFRA1"
"BTK","STING1","GFRA1"
"BTK","SPEN","GFRA1"
"BTK","NFKB1","GFRA1"
"BTK","CTDP1","GFRA1"
"BTK","TELO2","GFRA1"
"BTK","BLVRA","GFRA1"
"BTK","CLSPN","GFRA1"
"BTK","MAPKAP1","GFRA1"
"BTK","GRB7","GFRA1"
"BTK","BAZ1B","GFRA1"
"BTK","PLCG2","GFRA1"
"BTK","RBL2","GFRA1"
"BTK","PPP1R14B","GFRA1"
"BTK","PABIR1","GFRA1"
"BTK","MAPK3","TRPC7"
"BTK","AKT3","TRPC7"
"BTK","CHUK","TRPC7"
"BTK","AKT2","TRPC7"
"BTK","PTEN","TRPC7"
"BTK","PRKCQ","TRPC7"
"BTK","MTOR","TRPC7"
"BTK","AKT1","TRPC7"
"BTK","CCP110","TRPC7"
"BTK","RPS6K","TRPC7"
"BTK","CALM2","TRPC7"
"BTK","ERK1/2","TRPC7"
"BTK","Gbeta","TRPC7"
"BTK","LCK","TRPC7"
"BTK","CDK9","TRPC7"
"BTK","ABL1","TRPC7"
"BTK","RPS6KA5","TRPC7"
"BTK","WNK1","TRPC7"
"BTK","PDPK1","TRPC7"
"BTK","SGK1","TRPC7"
"BTK","MAP2K1","TRPC7"
"BTK","PRKCB","TRPC7"
"BTK","PRKCG","TRPC7"
"BTK","PRKCZ","TRPC7"
"BTK","CyclinD/CDK4","TRPC7"
"BTK","MAP3K1","TRPC7"
"BTK","MAP3K7","TRPC7"
"BTK","AKT","TRPC7"
"BTK","IKBKB","TRPC7"
"BTK","WWTR1","TRPC7"
"BTK","DOK1","TRPC7"
"BTK","MAP3K4","TRPC7"
"BTK","DAPK1","TRPC7"
"BTK","PXN","TRPC7"
"BTK","FGG","TRPC7"
"BTK","LEPR","TRPC7"
"BTK","RPS6KA3","TRPC7"
"BTK","BCL3","TRPC7"
"BTK","DVL1","TRPC7"
"BTK","FZR1","TRPC7"
"BTK","GRB2","TRPC7"
"BTK","VCPIP1","TRPC7"
"BTK","ATR","TRPC7"
"BTK","SGK3","TRPC7"
"BTK","PTK6","TRPC7"
"BTK","IKBKE","TRPC7"
"BTK","CCND1","TRPC7"
"BTK","ILK","TRPC7"
"BTK","STAP1","TRPC7"
"BTK","TBK1","TRPC7"
"BTK","SPRED1","TRPC7"
"BTK","MEK1/2","TRPC7"
"BTK","PTPN7","TRPC7"
"BTK","CALM1","TRPC7"
"BTK","FADD","TRPC7"
"BTK","STK38","TRPC7"
"BTK","TLK1","TRPC7"
"BTK","C9orf72","TRPC7"
"BTK","CDKN2A","TRPC7"
"BTK","MAP4K1","TRPC7"
"BTK","RET","TRPC7"
"BTK","DDX41","TRPC7"
"BTK","IKK-complex","TRPC7"
"BTK","SHC1","TRPC7"
"BTK","RPS6KA4","TRPC7"
"BTK","NTRK1","TRPC7"
"BTK","GPSM3","TRPC7"
"BTK","RELA","TRPC7"
"BTK","MAPKAPK5","TRPC7"
"BTK","EPHA2","TRPC7"
"BTK","MAP3K8","TRPC7"
"BTK","PTPRR","TRPC7"
"BTK","CDKN1B","TRPC7"
"BTK","FBLIM1","TRPC7"
"BTK","TEC","TRPC7"
"BTK","VCP","TRPC7"
"BTK","GRIP1","TRPC7"
"BTK","TMIGD2","TRPC7"
"BTK","CCR2","TRPC7"
"BTK","STIP1","TRPC7"
"BTK","PSTPIP1","TRPC7"
"BTK","ARRB2","TRPC7"
"BTK","TRAF3","TRPC7"
"BTK","CRTC2","TRPC7"
"BTK","CD28","TRPC7"
"BTK","INPP5D","TRPC7"
"BTK","FRS2","TRPC7"
"BTK","CCNE1","TRPC7"
"BTK","IMPDH2","TRPC7"
"BTK","SET","TRPC7"
"BTK","PIK3CG","TRPC7"
"BTK","SH2B2","TRPC7"
"BTK","TRPV1","TRPC7"
"BTK","PPP1R14A","TRPC7"
"BTK","BCL10","TRPC7"
"BTK","PIK3R6","TRPC7"
"BTK","MRE11","TRPC7"
"BTK","HDAC2","TRPC7"
"BTK","KSR1","TRPC7"
"BTK","DDX58","TRPC7"
"BTK","UBXN2B","TRPC7"
"BTK","MST1R","TRPC7"
"BTK","ROR2","TRPC7"
"BTK","ABI1","TRPC7"
"BTK","IFIH1","TRPC7"
"BTK","RAD50","TRPC7"
"BTK","TTI1","TRPC7"
"BTK","WDFY3","TRPC7"
"BTK","LRP6","TRPC7"
"BTK","GRB14","TRPC7"
"BTK","HOXB7","TRPC7"
"BTK","PIK3C3","TRPC7"
"BTK","RND1","TRPC7"
"BTK","STING1","TRPC7"
"BTK","SPEN","TRPC7"
"BTK","NFKB1","TRPC7"
"BTK","CTDP1","TRPC7"
"BTK","TELO2","TRPC7"
"BTK","BLVRA","TRPC7"
"BTK","CLSPN","TRPC7"
"BTK","MAPKAP1","TRPC7"
"BTK","GRB7","TRPC7"
"BTK","BAZ1B","TRPC7"
"BTK","PLCG2","TRPC7"
"BTK","RBL2","TRPC7"
"BTK","PPP1R14B","TRPC7"
"BTK","PABIR1","TRPC7"
"BTK","MAPK3","USP24"
"BTK","AKT3","USP24"
"BTK","CHUK","USP24"
"BTK","AKT2","USP24"
"BTK","PTEN","USP24"
"BTK","PRKCQ","USP24"
"BTK","MTOR","USP24"
"BTK","AKT1","USP24"
"BTK","PRKG1","USP24"
"BTK","CCP110","USP24"
"BTK","RPS6K","USP24"
"BTK","CALM2","USP24"
"BTK","ERK1/2","USP24"
"BTK","Gbeta","USP24"
"BTK","LCK","USP24"
"BTK","CDK9","USP24"
"BTK","ABL1","USP24"
"BTK","RPS6KA5","USP24"
"BTK","WNK1","USP24"
"BTK","PDPK1","USP24"
"BTK","SGK1","USP24"
"BTK","MAP2K1","USP24"
"BTK","PRKCB","USP24"
"BTK","PRKCG","USP24"
"BTK","PRKCZ","USP24"
"BTK","CyclinD/CDK4","USP24"
"BTK","MAP3K1","USP24"
"BTK","MAP3K7","USP24"
"BTK","AKT","USP24"
"BTK","IKBKB","USP24"
"BTK","WWTR1","USP24"
"BTK","DOK1","USP24"
"BTK","MAP3K4","USP24"
"BTK","DAPK1","USP24"
"BTK","PXN","USP24"
"BTK","FGG","USP24"
"BTK","LEPR","USP24"
"BTK","ITK","USP24"
"BTK","RPS6KA3","USP24"
"BTK","BCL3","USP24"
"BTK","DVL1","USP24"
"BTK","FZR1","USP24"
"BTK","GRB2","USP24"
"BTK","VCPIP1","USP24"
"BTK","ATR","USP24"
"BTK","SGK3","USP24"
"BTK","PTK6","USP24"
"BTK","IKBKE","USP24"
"BTK","CCND1","USP24"
"BTK","ILK","USP24"
"BTK","STAP1","USP24"
"BTK","TBK1","USP24"
"BTK","SPRED1","USP24"
"BTK","MEK1/2","USP24"
"BTK","PTPN7","USP24"
"BTK","CALM1","USP24"
"BTK","FADD","USP24"
"BTK","STK38","USP24"
"BTK","TLK1","USP24"
"BTK","C9orf72","USP24"
"BTK","CDKN2A","USP24"
"BTK","MAP4K1","USP24"
"BTK","RET","USP24"
"BTK","DDX41","USP24"
"BTK","IKK-complex","USP24"
"BTK","SHC1","USP24"
"BTK","RPS6KA4","USP24"
"BTK","NTRK1","USP24"
"BTK","GPSM3","USP24"
"BTK","RELA","USP24"
"BTK","MAPKAPK5","USP24"
"BTK","EPHA2","USP24"
"BTK","MAP3K8","USP24"
"BTK","PTPRR","USP24"
"BTK","CDKN1B","USP24"
"BTK","FBLIM1","USP24"
"BTK","VCP","USP24"
"BTK","GRIP1","USP24"
"BTK","TMIGD2","USP24"
"BTK","CCR2","USP24"
"BTK","STIP1","USP24"
"BTK","PSTPIP1","USP24"
"BTK","ARRB2","USP24"
"BTK","TRAF3","USP24"
"BTK","CRTC2","USP24"
"BTK","CD28","USP24"
"BTK","INPP5D","USP24"
"BTK","FRS2","USP24"
"BTK","CCNE1","USP24"
"BTK","IMPDH2","USP24"
"BTK","SET","USP24"
"BTK","PIK3CG","USP24"
"BTK","SH2B2","USP24"
"BTK","TRPV1","USP24"
"BTK","PPP1R14A","USP24"
"BTK","BCL10","USP24"
"BTK","PIK3R6","USP24"
"BTK","MRE11","USP24"
"BTK","HDAC2","USP24"
"BTK","KSR1","USP24"
"BTK","DDX58","USP24"
"BTK","UBXN2B","USP24"
"BTK","MST1R","USP24"
"BTK","ROR2","USP24"
"BTK","ABI1","USP24"
"BTK","IFIH1","USP24"
"BTK","RAD50","USP24"
"BTK","TTI1","USP24"
"BTK","WDFY3","USP24"
"BTK","LRP6","USP24"
"BTK","GRB14","USP24"
"BTK","HOXB7","USP24"
"BTK","PIK3C3","USP24"
"BTK","RND1","USP24"
"BTK","STING1","USP24"
"BTK","SPEN","USP24"
"BTK","NFKB1","USP24"
"BTK","CTDP1","USP24"
"BTK","TELO2","USP24"
"BTK","BLVRA","USP24"
"BTK","CLSPN","USP24"
"BTK","MAPKAP1","USP24"
"BTK","GRB7","USP24"
"BTK","BAZ1B","USP24"
"BTK","PLCG2","USP24"
"BTK","RBL2","USP24"
"BTK","PPP1R14B","USP24"
"BTK","PABIR1","USP24"
"BTK","MAPK3","NR4A2"
"BTK","AKT3","NR4A2"
"BTK","CHUK","NR4A2"
"BTK","AKT2","NR4A2"
"BTK","PTEN","NR4A2"
"BTK","PRKCQ","NR4A2"
"BTK","MTOR","NR4A2"
"BTK","AKT1","NR4A2"
"BTK","PRKG1","NR4A2"
"BTK","CCP110","NR4A2"
"BTK","RPS6K","NR4A2"
"BTK","CALM2","NR4A2"
"BTK","ERK1/2","NR4A2"
"BTK","Gbeta","NR4A2"
"BTK","LCK","NR4A2"
"BTK","CDK9","NR4A2"
"BTK","ABL1","NR4A2"
"BTK","RPS6KA5","NR4A2"
"BTK","WNK1","NR4A2"
"BTK","PDPK1","NR4A2"
"BTK","SGK1","NR4A2"
"BTK","MAP2K1","NR4A2"
"BTK","PRKCB","NR4A2"
"BTK","PRKCG","NR4A2"
"BTK","PRKCZ","NR4A2"
"BTK","CyclinD/CDK4","NR4A2"
"BTK","MAP3K1","NR4A2"
"BTK","MAP3K7","NR4A2"
"BTK","AKT","NR4A2"
"BTK","IKBKB","NR4A2"
"BTK","WWTR1","NR4A2"
"BTK","DOK1","NR4A2"
"BTK","MAP3K4","NR4A2"
"BTK","DAPK1","NR4A2"
"BTK","PXN","NR4A2"
"BTK","FGG","NR4A2"
"BTK","LEPR","NR4A2"
"BTK","ITK","NR4A2"
"BTK","RPS6KA3","NR4A2"
"BTK","BCL3","NR4A2"
"BTK","DVL1","NR4A2"
"BTK","FZR1","NR4A2"
"BTK","GRB2","NR4A2"
"BTK","VCPIP1","NR4A2"
"BTK","ATR","NR4A2"
"BTK","SGK3","NR4A2"
"BTK","PTK6","NR4A2"
"BTK","IKBKE","NR4A2"
"BTK","CCND1","NR4A2"
"BTK","ILK","NR4A2"
"BTK","STAP1","NR4A2"
"BTK","TBK1","NR4A2"
"BTK","SPRED1","NR4A2"
"BTK","MEK1/2","NR4A2"
"BTK","PTPN7","NR4A2"
"BTK","CALM1","NR4A2"
"BTK","FADD","NR4A2"
"BTK","STK38","NR4A2"
"BTK","TLK1","NR4A2"
"BTK","C9orf72","NR4A2"
"BTK","CDKN2A","NR4A2"
"BTK","MAP4K1","NR4A2"
"BTK","DDX41","NR4A2"
"BTK","IKK-complex","NR4A2"
"BTK","SHC1","NR4A2"
"BTK","RPS6KA4","NR4A2"
"BTK","NTRK1","NR4A2"
"BTK","GPSM3","NR4A2"
"BTK","RELA","NR4A2"
"BTK","MAPKAPK5","NR4A2"
"BTK","EPHA2","NR4A2"
"BTK","MAP3K8","NR4A2"
"BTK","PTPRR","NR4A2"
"BTK","CDKN1B","NR4A2"
"BTK","FBLIM1","NR4A2"
"BTK","TEC","NR4A2"
"BTK","VCP","NR4A2"
"BTK","GRIP1","NR4A2"
"BTK","TMIGD2","NR4A2"
"BTK","CCR2","NR4A2"
"BTK","STIP1","NR4A2"
"BTK","PSTPIP1","NR4A2"
"BTK","ARRB2","NR4A2"
"BTK","TRAF3","NR4A2"
"BTK","CRTC2","NR4A2"
"BTK","CD28","NR4A2"
"BTK","INPP5D","NR4A2"
"BTK","FRS2","NR4A2"
"BTK","CCNE1","NR4A2"
"BTK","IMPDH2","NR4A2"
"BTK","SET","NR4A2"
"BTK","PIK3CG","NR4A2"
"BTK","SH2B2","NR4A2"
"BTK","TRPV1","NR4A2"
"BTK","PPP1R14A","NR4A2"
"BTK","BCL10","NR4A2"
"BTK","PIK3R6","NR4A2"
"BTK","MRE11","NR4A2"
"BTK","HDAC2","NR4A2"
"BTK","KSR1","NR4A2"
"BTK","DDX58","NR4A2"
"BTK","UBXN2B","NR4A2"
"BTK","MST1R","NR4A2"
"BTK","ROR2","NR4A2"
"BTK","ABI1","NR4A2"
"BTK","IFIH1","NR4A2"
"BTK","RAD50","NR4A2"
"BTK","TTI1","NR4A2"
"BTK","WDFY3","NR4A2"
"BTK","LRP6","NR4A2"
"BTK","GRB14","NR4A2"
"BTK","HOXB7","NR4A2"
"BTK","PIK3C3","NR4A2"
"BTK","RND1","NR4A2"
"BTK","STING1","NR4A2"
"BTK","SPEN","NR4A2"
"BTK","NFKB1","NR4A2"
"BTK","CTDP1","NR4A2"
"BTK","TELO2","NR4A2"
"BTK","BLVRA","NR4A2"
"BTK","CLSPN","NR4A2"
"BTK","MAPKAP1","NR4A2"
"BTK","GRB7","NR4A2"
"BTK","BAZ1B","NR4A2"
"BTK","PLCG2","NR4A2"
"BTK","RBL2","NR4A2"
"BTK","PPP1R14B","NR4A2"
"BTK","PABIR1","NR4A2"
"BTK","MAPK3","MYO10"
"BTK","AKT3","MYO10"
"BTK","CHUK","MYO10"
"BTK","AKT2","MYO10"
"BTK","PTEN","MYO10"
"BTK","PRKCQ","MYO10"
"BTK","MTOR","MYO10"
"BTK","AKT1","MYO10"
"BTK","PRKG1","MYO10"
"BTK","CCP110","MYO10"
"BTK","RPS6K","MYO10"
"BTK","CALM2","MYO10"
"BTK","ERK1/2","MYO10"
"BTK","Gbeta","MYO10"
"BTK","LCK","MYO10"
"BTK","CDK9","MYO10"
"BTK","ABL1","MYO10"
"BTK","RPS6KA5","MYO10"
"BTK","WNK1","MYO10"
"BTK","PDPK1","MYO10"
"BTK","SGK1","MYO10"
"BTK","MAP2K1","MYO10"
"BTK","PRKCB","MYO10"
"BTK","PRKCG","MYO10"
"BTK","PRKCZ","MYO10"
"BTK","CyclinD/CDK4","MYO10"
"BTK","MAP3K1","MYO10"
"BTK","MAP3K7","MYO10"
"BTK","AKT","MYO10"
"BTK","IKBKB","MYO10"
"BTK","WWTR1","MYO10"
"BTK","DOK1","MYO10"
"BTK","MAP3K4","MYO10"
"BTK","DAPK1","MYO10"
"BTK","PXN","MYO10"
"BTK","FGG","MYO10"
"BTK","LEPR","MYO10"
"BTK","ITK","MYO10"
"BTK","RPS6KA3","MYO10"
"BTK","BCL3","MYO10"
"BTK","DVL1","MYO10"
"BTK","FZR1","MYO10"
"BTK","GRB2","MYO10"
"BTK","VCPIP1","MYO10"
"BTK","ATR","MYO10"
"BTK","SGK3","MYO10"
"BTK","PTK6","MYO10"
"BTK","IKBKE","MYO10"
"BTK","CCND1","MYO10"
"BTK","ILK","MYO10"
"BTK","STAP1","MYO10"
"BTK","TBK1","MYO10"
"BTK","SPRED1","MYO10"
"BTK","MEK1/2","MYO10"
"BTK","PTPN7","MYO10"
"BTK","CALM1","MYO10"
"BTK","FADD","MYO10"
"BTK","STK38","MYO10"
"BTK","TLK1","MYO10"
"BTK","C9orf72","MYO10"
"BTK","CDKN2A","MYO10"
"BTK","MAP4K1","MYO10"
"BTK","RET","MYO10"
"BTK","DDX41","MYO10"
"BTK","IKK-complex","MYO10"
"BTK","SHC1","MYO10"
"BTK","RPS6KA4","MYO10"
"BTK","NTRK1","MYO10"
"BTK","GPSM3","MYO10"
"BTK","RELA","MYO10"
"BTK","MAPKAPK5","MYO10"
"BTK","EPHA2","MYO10"
"BTK","MAP3K8","MYO10"
"BTK","PTPRR","MYO10"
"BTK","CDKN1B","MYO10"
"BTK","FBLIM1","MYO10"
"BTK","TEC","MYO10"
"BTK","VCP","MYO10"
"BTK","GRIP1","MYO10"
"BTK","TMIGD2","MYO10"
"BTK","CCR2","MYO10"
"BTK","STIP1","MYO10"
"BTK","PSTPIP1","MYO10"
"BTK","ARRB2","MYO10"
"BTK","TRAF3","MYO10"
"BTK","CRTC2","MYO10"
"BTK","CD28","MYO10"
"BTK","INPP5D","MYO10"
"BTK","FRS2","MYO10"
"BTK","CCNE1","MYO10"
"BTK","IMPDH2","MYO10"
"BTK","SET","MYO10"
"BTK","PIK3CG","MYO10"
"BTK","SH2B2","MYO10"
"BTK","TRPV1","MYO10"
"BTK","PPP1R14A","MYO10"
"BTK","BCL10","MYO10"
"BTK","PIK3R6","MYO10"
"BTK","MRE11","MYO10"
"BTK","HDAC2","MYO10"
"BTK","KSR1","MYO10"
"BTK","DDX58","MYO10"
"BTK","UBXN2B","MYO10"
"BTK","MST1R","MYO10"
"BTK","ROR2","MYO10"
"BTK","ABI1","MYO10"
"BTK","IFIH1","MYO10"
"BTK","RAD50","MYO10"
"BTK","TTI1","MYO10"
"BTK","WDFY3","MYO10"
"BTK","LRP6","MYO10"
"BTK","GRB14","MYO10"
"BTK","HOXB7","MYO10"
"BTK","PIK3C3","MYO10"
"BTK","RND1","MYO10"
"BTK","STING1","MYO10"
"BTK","SPEN","MYO10"
"BTK","NFKB1","MYO10"
"BTK","CTDP1","MYO10"
"BTK","TELO2","MYO10"
"BTK","BLVRA","MYO10"
"BTK","CLSPN","MYO10"
"BTK","MAPKAP1","MYO10"
"BTK","GRB7","MYO10"
"BTK","BAZ1B","MYO10"
"BTK","PLCG2","MYO10"
"BTK","RBL2","MYO10"
"BTK","PPP1R14B","MYO10"
"BTK","PABIR1","MYO10"
"BTK","MAPK3","TUBB4B"
"BTK","AKT3","TUBB4B"
"BTK","CHUK","TUBB4B"
"BTK","AKT2","TUBB4B"
"BTK","PTEN","TUBB4B"
"BTK","PRKCQ","TUBB4B"
"BTK","MTOR","TUBB4B"
"BTK","AKT1","TUBB4B"
"BTK","PRKG1","TUBB4B"
"BTK","CCP110","TUBB4B"
"BTK","RPS6K","TUBB4B"
"BTK","CALM2","TUBB4B"
"BTK","ERK1/2","TUBB4B"
"BTK","Gbeta","TUBB4B"
"BTK","LCK","TUBB4B"
"BTK","CDK9","TUBB4B"
"BTK","ABL1","TUBB4B"
"BTK","RPS6KA5","TUBB4B"
"BTK","WNK1","TUBB4B"
"BTK","PDPK1","TUBB4B"
"BTK","SGK1","TUBB4B"
"BTK","MAP2K1","TUBB4B"
"BTK","PRKCB","TUBB4B"
"BTK","PRKCG","TUBB4B"
"BTK","PRKCZ","TUBB4B"
"BTK","CyclinD/CDK4","TUBB4B"
"BTK","MAP3K1","TUBB4B"
"BTK","MAP3K7","TUBB4B"
"BTK","AKT","TUBB4B"
"BTK","IKBKB","TUBB4B"
"BTK","WWTR1","TUBB4B"
"BTK","DOK1","TUBB4B"
"BTK","MAP3K4","TUBB4B"
"BTK","DAPK1","TUBB4B"
"BTK","PXN","TUBB4B"
"BTK","FGG","TUBB4B"
"BTK","LEPR","TUBB4B"
"BTK","ITK","TUBB4B"
"BTK","RPS6KA3","TUBB4B"
"BTK","BCL3","TUBB4B"
"BTK","DVL1","TUBB4B"
"BTK","FZR1","TUBB4B"
"BTK","GRB2","TUBB4B"
"BTK","VCPIP1","TUBB4B"
"BTK","ATR","TUBB4B"
"BTK","SGK3","TUBB4B"
"BTK","PTK6","TUBB4B"
"BTK","IKBKE","TUBB4B"
"BTK","CCND1","TUBB4B"
"BTK","ILK","TUBB4B"
"BTK","STAP1","TUBB4B"
"BTK","TBK1","TUBB4B"
"BTK","SPRED1","TUBB4B"
"BTK","MEK1/2","TUBB4B"
"BTK","PTPN7","TUBB4B"
"BTK","CALM1","TUBB4B"
"BTK","FADD","TUBB4B"
"BTK","STK38","TUBB4B"
"BTK","TLK1","TUBB4B"
"BTK","C9orf72","TUBB4B"
"BTK","CDKN2A","TUBB4B"
"BTK","MAP4K1","TUBB4B"
"BTK","RET","TUBB4B"
"BTK","DDX41","TUBB4B"
"BTK","IKK-complex","TUBB4B"
"BTK","SHC1","TUBB4B"
"BTK","RPS6KA4","TUBB4B"
"BTK","NTRK1","TUBB4B"
"BTK","GPSM3","TUBB4B"
"BTK","RELA","TUBB4B"
"BTK","MAPKAPK5","TUBB4B"
"BTK","EPHA2","TUBB4B"
"BTK","MAP3K8","TUBB4B"
"BTK","PTPRR","TUBB4B"
"BTK","CDKN1B","TUBB4B"
"BTK","FBLIM1","TUBB4B"
"BTK","TEC","TUBB4B"
"BTK","VCP","TUBB4B"
"BTK","GRIP1","TUBB4B"
"BTK","TMIGD2","TUBB4B"
"BTK","CCR2","TUBB4B"
"BTK","STIP1","TUBB4B"
"BTK","PSTPIP1","TUBB4B"
"BTK","ARRB2","TUBB4B"
"BTK","TRAF3","TUBB4B"
"BTK","CRTC2","TUBB4B"
"BTK","CD28","TUBB4B"
"BTK","INPP5D","TUBB4B"
"BTK","FRS2","TUBB4B"
"BTK","CCNE1","TUBB4B"
"BTK","IMPDH2","TUBB4B"
"BTK","SET","TUBB4B"
"BTK","PIK3CG","TUBB4B"
"BTK","SH2B2","TUBB4B"
"BTK","TRPV1","TUBB4B"
"BTK","PPP1R14A","TUBB4B"
"BTK","BCL10","TUBB4B"
"BTK","PIK3R6","TUBB4B"
"BTK","MRE11","TUBB4B"
"BTK","HDAC2","TUBB4B"
"BTK","KSR1","TUBB4B"
"BTK","DDX58","TUBB4B"
"BTK","UBXN2B","TUBB4B"
"BTK","MST1R","TUBB4B"
"BTK","ROR2","TUBB4B"
"BTK","ABI1","TUBB4B"
"BTK","IFIH1","TUBB4B"
"BTK","RAD50","TUBB4B"
"BTK","TTI1","TUBB4B"
"BTK","WDFY3","TUBB4B"
"BTK","LRP6","TUBB4B"
"BTK","GRB14","TUBB4B"
"BTK","HOXB7","TUBB4B"
"BTK","PIK3C3","TUBB4B"
"BTK","RND1","TUBB4B"
"BTK","STING1","TUBB4B"
"BTK","SPEN","TUBB4B"
"BTK","NFKB1","TUBB4B"
"BTK","CTDP1","TUBB4B"
"BTK","TELO2","TUBB4B"
"BTK","BLVRA","TUBB4B"
"BTK","CLSPN","TUBB4B"
"BTK","MAPKAP1","TUBB4B"
"BTK","GRB7","TUBB4B"
"BTK","BAZ1B","TUBB4B"
"BTK","RBL2","TUBB4B"
"BTK","PPP1R14B","TUBB4B"
"BTK","PABIR1","TUBB4B"
"BTK","MAPK3","ATP7B"
"BTK","AKT3","ATP7B"
"BTK","CHUK","ATP7B"
"BTK","AKT2","ATP7B"
"BTK","PTEN","ATP7B"
"BTK","PRKCQ","ATP7B"
"BTK","MTOR","ATP7B"
"BTK","AKT1","ATP7B"
"BTK","PRKG1","ATP7B"
"BTK","CCP110","ATP7B"
"BTK","RPS6K","ATP7B"
"BTK","CALM2","ATP7B"
"BTK","ERK1/2","ATP7B"
"BTK","Gbeta","ATP7B"
"BTK","LCK","ATP7B"
"BTK","CDK9","ATP7B"
"BTK","ABL1","ATP7B"
"BTK","RPS6KA5","ATP7B"
"BTK","WNK1","ATP7B"
"BTK","PDPK1","ATP7B"
"BTK","SGK1","ATP7B"
"BTK","MAP2K1","ATP7B"
"BTK","PRKCB","ATP7B"
"BTK","PRKCG","ATP7B"
"BTK","PRKCZ","ATP7B"
"BTK","CyclinD/CDK4","ATP7B"
"BTK","MAP3K1","ATP7B"
"BTK","MAP3K7","ATP7B"
"BTK","AKT","ATP7B"
"BTK","IKBKB","ATP7B"
"BTK","WWTR1","ATP7B"
"BTK","DOK1","ATP7B"
"BTK","MAP3K4","ATP7B"
"BTK","DAPK1","ATP7B"
"BTK","PXN","ATP7B"
"BTK","FGG","ATP7B"
"BTK","LEPR","ATP7B"
"BTK","RPS6KA3","ATP7B"
"BTK","BCL3","ATP7B"
"BTK","DVL1","ATP7B"
"BTK","FZR1","ATP7B"
"BTK","GRB2","ATP7B"
"BTK","VCPIP1","ATP7B"
"BTK","ATR","ATP7B"
"BTK","SGK3","ATP7B"
"BTK","PTK6","ATP7B"
"BTK","IKBKE","ATP7B"
"BTK","CCND1","ATP7B"
"BTK","ILK","ATP7B"
"BTK","STAP1","ATP7B"
"BTK","TBK1","ATP7B"
"BTK","SPRED1","ATP7B"
"BTK","MEK1/2","ATP7B"
"BTK","PTPN7","ATP7B"
"BTK","CALM1","ATP7B"
"BTK","FADD","ATP7B"
"BTK","STK38","ATP7B"
"BTK","TLK1","ATP7B"
"BTK","C9orf72","ATP7B"
"BTK","CDKN2A","ATP7B"
"BTK","MAP4K1","ATP7B"
"BTK","RET","ATP7B"
"BTK","DDX41","ATP7B"
"BTK","IKK-complex","ATP7B"
"BTK","SHC1","ATP7B"
"BTK","RPS6KA4","ATP7B"
"BTK","NTRK1","ATP7B"
"BTK","GPSM3","ATP7B"
"BTK","RELA","ATP7B"
"BTK","MAPKAPK5","ATP7B"
"BTK","EPHA2","ATP7B"
"BTK","MAP3K8","ATP7B"
"BTK","PTPRR","ATP7B"
"BTK","CDKN1B","ATP7B"
"BTK","FBLIM1","ATP7B"
"BTK","TEC","ATP7B"
"BTK","VCP","ATP7B"
"BTK","GRIP1","ATP7B"
"BTK","TMIGD2","ATP7B"
"BTK","CCR2","ATP7B"
"BTK","STIP1","ATP7B"
"BTK","PSTPIP1","ATP7B"
"BTK","ARRB2","ATP7B"
"BTK","TRAF3","ATP7B"
"BTK","CRTC2","ATP7B"
"BTK","CD28","ATP7B"
"BTK","INPP5D","ATP7B"
"BTK","FRS2","ATP7B"
"BTK","CCNE1","ATP7B"
"BTK","IMPDH2","ATP7B"
"BTK","SET","ATP7B"
"BTK","PIK3CG","ATP7B"
"BTK","SH2B2","ATP7B"
"BTK","TRPV1","ATP7B"
"BTK","PPP1R14A","ATP7B"
"BTK","BCL10","ATP7B"
"BTK","PIK3R6","ATP7B"
"BTK","MRE11","ATP7B"
"BTK","HDAC2","ATP7B"
"BTK","KSR1","ATP7B"
"BTK","DDX58","ATP7B"
"BTK","UBXN2B","ATP7B"
"BTK","MST1R","ATP7B"
"BTK","ROR2","ATP7B"
"BTK","ABI1","ATP7B"
"BTK","IFIH1","ATP7B"
"BTK","RAD50","ATP7B"
"BTK","TTI1","ATP7B"
"BTK","WDFY3","ATP7B"
"BTK","LRP6","ATP7B"
"BTK","GRB14","ATP7B"
"BTK","HOXB7","ATP7B"
"BTK","PIK3C3","ATP7B"
"BTK","RND1","ATP7B"
"BTK","STING1","ATP7B"
"BTK","SPEN","ATP7B"
"BTK","NFKB1","ATP7B"
"BTK","CTDP1","ATP7B"
"BTK","TELO2","ATP7B"
"BTK","BLVRA","ATP7B"
"BTK","CLSPN","ATP7B"
"BTK","MAPKAP1","ATP7B"
"BTK","GRB7","ATP7B"
"BTK","BAZ1B","ATP7B"
"BTK","PLCG2","ATP7B"
"BTK","RBL2","ATP7B"
"BTK","PPP1R14B","ATP7B"
"BTK","PABIR1","ATP7B"
"BTK","MAPK3","TEAD1"
"BTK","AKT3","TEAD1"
"BTK","CHUK","TEAD1"
"BTK","AKT2","TEAD1"
"BTK","PTEN","TEAD1"
"BTK","PRKCQ","TEAD1"
"BTK","MTOR","TEAD1"
"BTK","AKT1","TEAD1"
"BTK","PRKG1","TEAD1"
"BTK","CCP110","TEAD1"
"BTK","RPS6K","TEAD1"
"BTK","CALM2","TEAD1"
"BTK","ERK1/2","TEAD1"
"BTK","Gbeta","TEAD1"
"BTK","LCK","TEAD1"
"BTK","CDK9","TEAD1"
"BTK","ABL1","TEAD1"
"BTK","RPS6KA5","TEAD1"
"BTK","WNK1","TEAD1"
"BTK","PDPK1","TEAD1"
"BTK","SGK1","TEAD1"
"BTK","MAP2K1","TEAD1"
"BTK","PRKCB","TEAD1"
"BTK","PRKCG","TEAD1"
"BTK","PRKCZ","TEAD1"
"BTK","CyclinD/CDK4","TEAD1"
"BTK","MAP3K1","TEAD1"
"BTK","MAP3K7","TEAD1"
"BTK","AKT","TEAD1"
"BTK","IKBKB","TEAD1"
"BTK","DOK1","TEAD1"
"BTK","MAP3K4","TEAD1"
"BTK","DAPK1","TEAD1"
"BTK","PXN","TEAD1"
"BTK","FGG","TEAD1"
"BTK","LEPR","TEAD1"
"BTK","ITK","TEAD1"
"BTK","RPS6KA3","TEAD1"
"BTK","BCL3","TEAD1"
"BTK","DVL1","TEAD1"
"BTK","FZR1","TEAD1"
"BTK","GRB2","TEAD1"
"BTK","VCPIP1","TEAD1"
"BTK","ATR","TEAD1"
"BTK","SGK3","TEAD1"
"BTK","PTK6","TEAD1"
"BTK","IKBKE","TEAD1"
"BTK","CCND1","TEAD1"
"BTK","ILK","TEAD1"
"BTK","STAP1","TEAD1"
"BTK","TBK1","TEAD1"
"BTK","SPRED1","TEAD1"
"BTK","MEK1/2","TEAD1"
"BTK","PTPN7","TEAD1"
"BTK","CALM1","TEAD1"
"BTK","FADD","TEAD1"
"BTK","STK38","TEAD1"
"BTK","TLK1","TEAD1"
"BTK","C9orf72","TEAD1"
"BTK","CDKN2A","TEAD1"
"BTK","MAP4K1","TEAD1"
"BTK","RET","TEAD1"
"BTK","DDX41","TEAD1"
"BTK","IKK-complex","TEAD1"
"BTK","SHC1","TEAD1"
"BTK","RPS6KA4","TEAD1"
"BTK","NTRK1","TEAD1"
"BTK","GPSM3","TEAD1"
"BTK","RELA","TEAD1"
"BTK","MAPKAPK5","TEAD1"
"BTK","EPHA2","TEAD1"
"BTK","MAP3K8","TEAD1"
"BTK","PTPRR","TEAD1"
"BTK","CDKN1B","TEAD1"
"BTK","FBLIM1","TEAD1"
"BTK","TEC","TEAD1"
"BTK","VCP","TEAD1"
"BTK","GRIP1","TEAD1"
"BTK","TMIGD2","TEAD1"
"BTK","CCR2","TEAD1"
"BTK","STIP1","TEAD1"
"BTK","PSTPIP1","TEAD1"
"BTK","ARRB2","TEAD1"
"BTK","TRAF3","TEAD1"
"BTK","CRTC2","TEAD1"
"BTK","CD28","TEAD1"
"BTK","INPP5D","TEAD1"
"BTK","FRS2","TEAD1"
"BTK","CCNE1","TEAD1"
"BTK","IMPDH2","TEAD1"
"BTK","SET","TEAD1"
"BTK","PIK3CG","TEAD1"
"BTK","SH2B2","TEAD1"
"BTK","TRPV1","TEAD1"
"BTK","PPP1R14A","TEAD1"
"BTK","BCL10","TEAD1"
"BTK","PIK3R6","TEAD1"
"BTK","MRE11","TEAD1"
"BTK","HDAC2","TEAD1"
"BTK","KSR1","TEAD1"
"BTK","DDX58","TEAD1"
"BTK","UBXN2B","TEAD1"
"BTK","MST1R","TEAD1"
"BTK","ROR2","TEAD1"
"BTK","ABI1","TEAD1"
"BTK","IFIH1","TEAD1"
"BTK","RAD50","TEAD1"
"BTK","TTI1","TEAD1"
"BTK","WDFY3","TEAD1"
"BTK","LRP6","TEAD1"
"BTK","GRB14","TEAD1"
"BTK","HOXB7","TEAD1"
"BTK","PIK3C3","TEAD1"
"BTK","RND1","TEAD1"
"BTK","STING1","TEAD1"
"BTK","SPEN","TEAD1"
"BTK","NFKB1","TEAD1"
"BTK","CTDP1","TEAD1"
"BTK","TELO2","TEAD1"
"BTK","BLVRA","TEAD1"
"BTK","CLSPN","TEAD1"
"BTK","MAPKAP1","TEAD1"
"BTK","GRB7","TEAD1"
"BTK","BAZ1B","TEAD1"
"BTK","RBL2","TEAD1"
"BTK","PPP1R14B","TEAD1"
"BTK","PABIR1","TEAD1"
"BTK","MAPK3","DDIT3"
"BTK","AKT3","DDIT3"
"BTK","CHUK","DDIT3"
"BTK","AKT2","DDIT3"
"BTK","PTEN","DDIT3"
"BTK","PRKCQ","DDIT3"
"BTK","MTOR","DDIT3"
"BTK","AKT1","DDIT3"
"BTK","PRKG1","DDIT3"
"BTK","CCP110","DDIT3"
"BTK","RPS6K","DDIT3"
"BTK","CALM2","DDIT3"
"BTK","ERK1/2","DDIT3"
"BTK","Gbeta","DDIT3"
"BTK","LCK","DDIT3"
"BTK","CDK9","DDIT3"
"BTK","ABL1","DDIT3"
"BTK","RPS6KA5","DDIT3"
"BTK","WNK1","DDIT3"
"BTK","PDPK1","DDIT3"
"BTK","SGK1","DDIT3"
"BTK","MAP2K1","DDIT3"
"BTK","PRKCB","DDIT3"
"BTK","PRKCG","DDIT3"
"BTK","PRKCZ","DDIT3"
"BTK","CyclinD/CDK4","DDIT3"
"BTK","MAP3K1","DDIT3"
"BTK","MAP3K7","DDIT3"
"BTK","AKT","DDIT3"
"BTK","IKBKB","DDIT3"
"BTK","WWTR1","DDIT3"
"BTK","DOK1","DDIT3"
"BTK","MAP3K4","DDIT3"
"BTK","DAPK1","DDIT3"
"BTK","PXN","DDIT3"
"BTK","FGG","DDIT3"
"BTK","LEPR","DDIT3"
"BTK","ITK","DDIT3"
"BTK","RPS6KA3","DDIT3"
"BTK","BCL3","DDIT3"
"BTK","DVL1","DDIT3"
"BTK","FZR1","DDIT3"
"BTK","GRB2","DDIT3"
"BTK","VCPIP1","DDIT3"
"BTK","ATR","DDIT3"
"BTK","SGK3","DDIT3"
"BTK","PTK6","DDIT3"
"BTK","IKBKE","DDIT3"
"BTK","CCND1","DDIT3"
"BTK","ILK","DDIT3"
"BTK","STAP1","DDIT3"
"BTK","TBK1","DDIT3"
"BTK","SPRED1","DDIT3"
"BTK","MEK1/2","DDIT3"
"BTK","PTPN7","DDIT3"
"BTK","CALM1","DDIT3"
"BTK","FADD","DDIT3"
"BTK","STK38","DDIT3"
"BTK","TLK1","DDIT3"
"BTK","C9orf72","DDIT3"
"BTK","CDKN2A","DDIT3"
"BTK","MAP4K1","DDIT3"
"BTK","RET","DDIT3"
"BTK","DDX41","DDIT3"
"BTK","IKK-complex","DDIT3"
"BTK","SHC1","DDIT3"
"BTK","RPS6KA4","DDIT3"
"BTK","NTRK1","DDIT3"
"BTK","GPSM3","DDIT3"
"BTK","RELA","DDIT3"
"BTK","MAPKAPK5","DDIT3"
"BTK","EPHA2","DDIT3"
"BTK","MAP3K8","DDIT3"
"BTK","PTPRR","DDIT3"
"BTK","CDKN1B","DDIT3"
"BTK","FBLIM1","DDIT3"
"BTK","TEC","DDIT3"
"BTK","VCP","DDIT3"
"BTK","GRIP1","DDIT3"
"BTK","TMIGD2","DDIT3"
"BTK","CCR2","DDIT3"
"BTK","STIP1","DDIT3"
"BTK","PSTPIP1","DDIT3"
"BTK","ARRB2","DDIT3"
"BTK","TRAF3","DDIT3"
"BTK","CRTC2","DDIT3"
"BTK","CD28","DDIT3"
"BTK","INPP5D","DDIT3"
"BTK","FRS2","DDIT3"
"BTK","CCNE1","DDIT3"
"BTK","IMPDH2","DDIT3"
"BTK","SET","DDIT3"
"BTK","PIK3CG","DDIT3"
"BTK","SH2B2","DDIT3"
"BTK","TRPV1","DDIT3"
"BTK","PPP1R14A","DDIT3"
"BTK","BCL10","DDIT3"
"BTK","PIK3R6","DDIT3"
"BTK","MRE11","DDIT3"
"BTK","HDAC2","DDIT3"
"BTK","KSR1","DDIT3"
"BTK","DDX58","DDIT3"
"BTK","UBXN2B","DDIT3"
"BTK","MST1R","DDIT3"
"BTK","ROR2","DDIT3"
"BTK","ABI1","DDIT3"
"BTK","IFIH1","DDIT3"
"BTK","RAD50","DDIT3"
"BTK","TTI1","DDIT3"
"BTK","WDFY3","DDIT3"
"BTK","LRP6","DDIT3"
"BTK","GRB14","DDIT3"
"BTK","HOXB7","DDIT3"
"BTK","PIK3C3","DDIT3"
"BTK","RND1","DDIT3"
"BTK","STING1","DDIT3"
"BTK","SPEN","DDIT3"
"BTK","NFKB1","DDIT3"
"BTK","CTDP1","DDIT3"
"BTK","TELO2","DDIT3"
"BTK","BLVRA","DDIT3"
"BTK","CLSPN","DDIT3"
"BTK","MAPKAP1","DDIT3"
"BTK","GRB7","DDIT3"
"BTK","BAZ1B","DDIT3"
"BTK","PLCG2","DDIT3"
"BTK","RBL2","DDIT3"
"BTK","PPP1R14B","DDIT3"
"BTK","PABIR1","DDIT3"
"BTK","MAPK3","RAD54L"
"BTK","AKT3","RAD54L"
"BTK","CHUK","RAD54L"
"BTK","AKT2","RAD54L"
"BTK","PTEN","RAD54L"
"BTK","PRKCQ","RAD54L"
"BTK","MTOR","RAD54L"
"BTK","AKT1","RAD54L"
"BTK","PRKG1","RAD54L"
"BTK","CCP110","RAD54L"
"BTK","RPS6K","RAD54L"
"BTK","CALM2","RAD54L"
"BTK","ERK1/2","RAD54L"
"BTK","Gbeta","RAD54L"
"BTK","LCK","RAD54L"
"BTK","CDK9","RAD54L"
"BTK","ABL1","RAD54L"
"BTK","RPS6KA5","RAD54L"
"BTK","WNK1","RAD54L"
"BTK","PDPK1","RAD54L"
"BTK","SGK1","RAD54L"
"BTK","MAP2K1","RAD54L"
"BTK","PRKCB","RAD54L"
"BTK","PRKCG","RAD54L"
"BTK","PRKCZ","RAD54L"
"BTK","CyclinD/CDK4","RAD54L"
"BTK","MAP3K1","RAD54L"
"BTK","MAP3K7","RAD54L"
"BTK","AKT","RAD54L"
"BTK","IKBKB","RAD54L"
"BTK","WWTR1","RAD54L"
"BTK","DOK1","RAD54L"
"BTK","MAP3K4","RAD54L"
"BTK","DAPK1","RAD54L"
"BTK","PXN","RAD54L"
"BTK","FGG","RAD54L"
"BTK","LEPR","RAD54L"
"BTK","ITK","RAD54L"
"BTK","RPS6KA3","RAD54L"
"BTK","BCL3","RAD54L"
"BTK","DVL1","RAD54L"
"BTK","FZR1","RAD54L"
"BTK","GRB2","RAD54L"
"BTK","VCPIP1","RAD54L"
"BTK","ATR","RAD54L"
"BTK","SGK3","RAD54L"
"BTK","PTK6","RAD54L"
"BTK","IKBKE","RAD54L"
"BTK","CCND1","RAD54L"
"BTK","ILK","RAD54L"
"BTK","STAP1","RAD54L"
"BTK","TBK1","RAD54L"
"BTK","SPRED1","RAD54L"
"BTK","MEK1/2","RAD54L"
"BTK","PTPN7","RAD54L"
"BTK","CALM1","RAD54L"
"BTK","FADD","RAD54L"
"BTK","STK38","RAD54L"
"BTK","TLK1","RAD54L"
"BTK","C9orf72","RAD54L"
"BTK","CDKN2A","RAD54L"
"BTK","MAP4K1","RAD54L"
"BTK","RET","RAD54L"
"BTK","DDX41","RAD54L"
"BTK","IKK-complex","RAD54L"
"BTK","SHC1","RAD54L"
"BTK","RPS6KA4","RAD54L"
"BTK","NTRK1","RAD54L"
"BTK","GPSM3","RAD54L"
"BTK","RELA","RAD54L"
"BTK","MAPKAPK5","RAD54L"
"BTK","EPHA2","RAD54L"
"BTK","MAP3K8","RAD54L"
"BTK","PTPRR","RAD54L"
"BTK","CDKN1B","RAD54L"
"BTK","FBLIM1","RAD54L"
"BTK","VCP","RAD54L"
"BTK","GRIP1","RAD54L"
"BTK","TMIGD2","RAD54L"
"BTK","CCR2","RAD54L"
"BTK","STIP1","RAD54L"
"BTK","PSTPIP1","RAD54L"
"BTK","ARRB2","RAD54L"
"BTK","TRAF3","RAD54L"
"BTK","CRTC2","RAD54L"
"BTK","CD28","RAD54L"
"BTK","INPP5D","RAD54L"
"BTK","FRS2","RAD54L"
"BTK","CCNE1","RAD54L"
"BTK","IMPDH2","RAD54L"
"BTK","SET","RAD54L"
"BTK","PIK3CG","RAD54L"
"BTK","SH2B2","RAD54L"
"BTK","TRPV1","RAD54L"
"BTK","PPP1R14A","RAD54L"
"BTK","BCL10","RAD54L"
"BTK","PIK3R6","RAD54L"
"BTK","MRE11","RAD54L"
"BTK","HDAC2","RAD54L"
"BTK","KSR1","RAD54L"
"BTK","DDX58","RAD54L"
"BTK","UBXN2B","RAD54L"
"BTK","MST1R","RAD54L"
"BTK","ROR2","RAD54L"
"BTK","ABI1","RAD54L"
"BTK","IFIH1","RAD54L"
"BTK","RAD50","RAD54L"
"BTK","TTI1","RAD54L"
"BTK","WDFY3","RAD54L"
"BTK","LRP6","RAD54L"
"BTK","GRB14","RAD54L"
"BTK","HOXB7","RAD54L"
"BTK","PIK3C3","RAD54L"
"BTK","RND1","RAD54L"
"BTK","STING1","RAD54L"
"BTK","SPEN","RAD54L"
"BTK","NFKB1","RAD54L"
"BTK","CTDP1","RAD54L"
"BTK","TELO2","RAD54L"
"BTK","BLVRA","RAD54L"
"BTK","CLSPN","RAD54L"
"BTK","MAPKAP1","RAD54L"
"BTK","GRB7","RAD54L"
"BTK","BAZ1B","RAD54L"
"BTK","PLCG2","RAD54L"
"BTK","RBL2","RAD54L"
"BTK","PPP1R14B","RAD54L"
"BTK","PABIR1","RAD54L"
"BTK","MAPK3","ILF3"
"BTK","AKT3","ILF3"
"BTK","CHUK","ILF3"
"BTK","AKT2","ILF3"
"BTK","PTEN","ILF3"
"BTK","PRKCQ","ILF3"
"BTK","MTOR","ILF3"
"BTK","AKT1","ILF3"
"BTK","PRKG1","ILF3"
"BTK","CCP110","ILF3"
"BTK","RPS6K","ILF3"
"BTK","CALM2","ILF3"
"BTK","ERK1/2","ILF3"
"BTK","Gbeta","ILF3"
"BTK","LCK","ILF3"
"BTK","CDK9","ILF3"
"BTK","ABL1","ILF3"
"BTK","RPS6KA5","ILF3"
"BTK","WNK1","ILF3"
"BTK","PDPK1","ILF3"
"BTK","SGK1","ILF3"
"BTK","MAP2K1","ILF3"
"BTK","PRKCB","ILF3"
"BTK","PRKCG","ILF3"
"BTK","PRKCZ","ILF3"
"BTK","CyclinD/CDK4","ILF3"
"BTK","MAP3K1","ILF3"
"BTK","MAP3K7","ILF3"
"BTK","AKT","ILF3"
"BTK","IKBKB","ILF3"
"BTK","WWTR1","ILF3"
"BTK","DOK1","ILF3"
"BTK","MAP3K4","ILF3"
"BTK","DAPK1","ILF3"
"BTK","PXN","ILF3"
"BTK","FGG","ILF3"
"BTK","LEPR","ILF3"
"BTK","ITK","ILF3"
"BTK","RPS6KA3","ILF3"
"BTK","BCL3","ILF3"
"BTK","DVL1","ILF3"
"BTK","FZR1","ILF3"
"BTK","GRB2","ILF3"
"BTK","VCPIP1","ILF3"
"BTK","ATR","ILF3"
"BTK","SGK3","ILF3"
"BTK","PTK6","ILF3"
"BTK","IKBKE","ILF3"
"BTK","CCND1","ILF3"
"BTK","ILK","ILF3"
"BTK","STAP1","ILF3"
"BTK","TBK1","ILF3"
"BTK","SPRED1","ILF3"
"BTK","MEK1/2","ILF3"
"BTK","PTPN7","ILF3"
"BTK","CALM1","ILF3"
"BTK","FADD","ILF3"
"BTK","STK38","ILF3"
"BTK","TLK1","ILF3"
"BTK","C9orf72","ILF3"
"BTK","CDKN2A","ILF3"
"BTK","MAP4K1","ILF3"
"BTK","RET","ILF3"
"BTK","DDX41","ILF3"
"BTK","IKK-complex","ILF3"
"BTK","SHC1","ILF3"
"BTK","RPS6KA4","ILF3"
"BTK","NTRK1","ILF3"
"BTK","GPSM3","ILF3"
"BTK","RELA","ILF3"
"BTK","MAPKAPK5","ILF3"
"BTK","EPHA2","ILF3"
"BTK","MAP3K8","ILF3"
"BTK","PTPRR","ILF3"
"BTK","CDKN1B","ILF3"
"BTK","FBLIM1","ILF3"
"BTK","TEC","ILF3"
"BTK","VCP","ILF3"
"BTK","GRIP1","ILF3"
"BTK","TMIGD2","ILF3"
"BTK","CCR2","ILF3"
"BTK","STIP1","ILF3"
"BTK","PSTPIP1","ILF3"
"BTK","ARRB2","ILF3"
"BTK","TRAF3","ILF3"
"BTK","CRTC2","ILF3"
"BTK","CD28","ILF3"
"BTK","INPP5D","ILF3"
"BTK","FRS2","ILF3"
"BTK","CCNE1","ILF3"
"BTK","IMPDH2","ILF3"
"BTK","SET","ILF3"
"BTK","PIK3CG","ILF3"
"BTK","SH2B2","ILF3"
"BTK","TRPV1","ILF3"
"BTK","PPP1R14A","ILF3"
"BTK","BCL10","ILF3"
"BTK","PIK3R6","ILF3"
"BTK","MRE11","ILF3"
"BTK","HDAC2","ILF3"
"BTK","KSR1","ILF3"
"BTK","DDX58","ILF3"
"BTK","UBXN2B","ILF3"
"BTK","MST1R","ILF3"
"BTK","ROR2","ILF3"
"BTK","ABI1","ILF3"
"BTK","IFIH1","ILF3"
"BTK","RAD50","ILF3"
"BTK","TTI1","ILF3"
"BTK","WDFY3","ILF3"
"BTK","LRP6","ILF3"
"BTK","GRB14","ILF3"
"BTK","HOXB7","ILF3"
"BTK","PIK3C3","ILF3"
"BTK","RND1","ILF3"
"BTK","STING1","ILF3"
"BTK","SPEN","ILF3"
"BTK","NFKB1","ILF3"
"BTK","CTDP1","ILF3"
"BTK","TELO2","ILF3"
"BTK","BLVRA","ILF3"
"BTK","CLSPN","ILF3"
"BTK","MAPKAP1","ILF3"
"BTK","GRB7","ILF3"
"BTK","BAZ1B","ILF3"
"BTK","PLCG2","ILF3"
"BTK","RBL2","ILF3"
"BTK","PPP1R14B","ILF3"
"BTK","PABIR1","ILF3"
"BTK","MAPK3","MAP1B"
"BTK","AKT3","MAP1B"
"BTK","CHUK","MAP1B"
"BTK","AKT2","MAP1B"
"BTK","PTEN","MAP1B"
"BTK","PRKCQ","MAP1B"
"BTK","MTOR","MAP1B"
"BTK","AKT1","MAP1B"
"BTK","PRKG1","MAP1B"
"BTK","CCP110","MAP1B"
"BTK","RPS6K","MAP1B"
"BTK","CALM2","MAP1B"
"BTK","ERK1/2","MAP1B"
"BTK","Gbeta","MAP1B"
"BTK","LCK","MAP1B"
"BTK","CDK9","MAP1B"
"BTK","ABL1","MAP1B"
"BTK","RPS6KA5","MAP1B"
"BTK","WNK1","MAP1B"
"BTK","PDPK1","MAP1B"
"BTK","SGK1","MAP1B"
"BTK","MAP2K1","MAP1B"
"BTK","PRKCB","MAP1B"
"BTK","PRKCG","MAP1B"
"BTK","PRKCZ","MAP1B"
"BTK","CyclinD/CDK4","MAP1B"
"BTK","MAP3K1","MAP1B"
"BTK","MAP3K7","MAP1B"
"BTK","AKT","MAP1B"
"BTK","IKBKB","MAP1B"
"BTK","WWTR1","MAP1B"
"BTK","DOK1","MAP1B"
"BTK","MAP3K4","MAP1B"
"BTK","DAPK1","MAP1B"
"BTK","PXN","MAP1B"
"BTK","FGG","MAP1B"
"BTK","LEPR","MAP1B"
"BTK","RPS6KA3","MAP1B"
"BTK","BCL3","MAP1B"
"BTK","DVL1","MAP1B"
"BTK","FZR1","MAP1B"
"BTK","GRB2","MAP1B"
"BTK","VCPIP1","MAP1B"
"BTK","ATR","MAP1B"
"BTK","SGK3","MAP1B"
"BTK","PTK6","MAP1B"
"BTK","IKBKE","MAP1B"
"BTK","CCND1","MAP1B"
"BTK","ILK","MAP1B"
"BTK","STAP1","MAP1B"
"BTK","TBK1","MAP1B"
"BTK","SPRED1","MAP1B"
"BTK","MEK1/2","MAP1B"
"BTK","PTPN7","MAP1B"
"BTK","CALM1","MAP1B"
"BTK","FADD","MAP1B"
"BTK","STK38","MAP1B"
"BTK","TLK1","MAP1B"
"BTK","C9orf72","MAP1B"
"BTK","CDKN2A","MAP1B"
"BTK","MAP4K1","MAP1B"
"BTK","RET","MAP1B"
"BTK","DDX41","MAP1B"
"BTK","IKK-complex","MAP1B"
"BTK","SHC1","MAP1B"
"BTK","RPS6KA4","MAP1B"
"BTK","NTRK1","MAP1B"
"BTK","GPSM3","MAP1B"
"BTK","RELA","MAP1B"
"BTK","MAPKAPK5","MAP1B"
"BTK","EPHA2","MAP1B"
"BTK","MAP3K8","MAP1B"
"BTK","PTPRR","MAP1B"
"BTK","CDKN1B","MAP1B"
"BTK","FBLIM1","MAP1B"
"BTK","TEC","MAP1B"
"BTK","VCP","MAP1B"
"BTK","GRIP1","MAP1B"
"BTK","TMIGD2","MAP1B"
"BTK","CCR2","MAP1B"
"BTK","STIP1","MAP1B"
"BTK","PSTPIP1","MAP1B"
"BTK","ARRB2","MAP1B"
"BTK","TRAF3","MAP1B"
"BTK","CRTC2","MAP1B"
"BTK","CD28","MAP1B"
"BTK","INPP5D","MAP1B"
"BTK","FRS2","MAP1B"
"BTK","CCNE1","MAP1B"
"BTK","IMPDH2","MAP1B"
"BTK","SET","MAP1B"
"BTK","PIK3CG","MAP1B"
"BTK","SH2B2","MAP1B"
"BTK","TRPV1","MAP1B"
"BTK","PPP1R14A","MAP1B"
"BTK","BCL10","MAP1B"
"BTK","PIK3R6","MAP1B"
"BTK","MRE11","MAP1B"
"BTK","HDAC2","MAP1B"
"BTK","KSR1","MAP1B"
"BTK","DDX58","MAP1B"
"BTK","UBXN2B","MAP1B"
"BTK","MST1R","MAP1B"
"BTK","ROR2","MAP1B"
"BTK","ABI1","MAP1B"
"BTK","IFIH1","MAP1B"
"BTK","RAD50","MAP1B"
"BTK","TTI1","MAP1B"
"BTK","WDFY3","MAP1B"
"BTK","LRP6","MAP1B"
"BTK","GRB14","MAP1B"
"BTK","HOXB7","MAP1B"
"BTK","PIK3C3","MAP1B"
"BTK","RND1","MAP1B"
"BTK","STING1","MAP1B"
"BTK","SPEN","MAP1B"
"BTK","NFKB1","MAP1B"
"BTK","CTDP1","MAP1B"
"BTK","TELO2","MAP1B"
"BTK","BLVRA","MAP1B"
"BTK","CLSPN","MAP1B"
"BTK","MAPKAP1","MAP1B"
"BTK","GRB7","MAP1B"
"BTK","BAZ1B","MAP1B"
"BTK","PLCG2","MAP1B"
"BTK","RBL2","MAP1B"
"BTK","PPP1R14B","MAP1B"
"BTK","PABIR1","MAP1B"
"BTK","MAPK3","RAP1GAP"
"BTK","AKT3","RAP1GAP"
"BTK","CHUK","RAP1GAP"
"BTK","AKT2","RAP1GAP"
"BTK","PTEN","RAP1GAP"
"BTK","PRKCQ","RAP1GAP"
"BTK","MTOR","RAP1GAP"
"BTK","AKT1","RAP1GAP"
"BTK","PRKG1","RAP1GAP"
"BTK","CCP110","RAP1GAP"
"BTK","RPS6K","RAP1GAP"
"BTK","CALM2","RAP1GAP"
"BTK","ERK1/2","RAP1GAP"
"BTK","Gbeta","RAP1GAP"
"BTK","LCK","RAP1GAP"
"BTK","CDK9","RAP1GAP"
"BTK","ABL1","RAP1GAP"
"BTK","RPS6KA5","RAP1GAP"
"BTK","WNK1","RAP1GAP"
"BTK","PDPK1","RAP1GAP"
"BTK","SGK1","RAP1GAP"
"BTK","MAP2K1","RAP1GAP"
"BTK","PRKCB","RAP1GAP"
"BTK","PRKCG","RAP1GAP"
"BTK","PRKCZ","RAP1GAP"
"BTK","CyclinD/CDK4","RAP1GAP"
"BTK","MAP3K1","RAP1GAP"
"BTK","MAP3K7","RAP1GAP"
"BTK","AKT","RAP1GAP"
"BTK","IKBKB","RAP1GAP"
"BTK","WWTR1","RAP1GAP"
"BTK","DOK1","RAP1GAP"
"BTK","MAP3K4","RAP1GAP"
"BTK","DAPK1","RAP1GAP"
"BTK","PXN","RAP1GAP"
"BTK","FGG","RAP1GAP"
"BTK","LEPR","RAP1GAP"
"BTK","ITK","RAP1GAP"
"BTK","RPS6KA3","RAP1GAP"
"BTK","BCL3","RAP1GAP"
"BTK","DVL1","RAP1GAP"
"BTK","FZR1","RAP1GAP"
"BTK","GRB2","RAP1GAP"
"BTK","VCPIP1","RAP1GAP"
"BTK","ATR","RAP1GAP"
"BTK","SGK3","RAP1GAP"
"BTK","PTK6","RAP1GAP"
"BTK","IKBKE","RAP1GAP"
"BTK","CCND1","RAP1GAP"
"BTK","ILK","RAP1GAP"
"BTK","STAP1","RAP1GAP"
"BTK","TBK1","RAP1GAP"
"BTK","SPRED1","RAP1GAP"
"BTK","MEK1/2","RAP1GAP"
"BTK","PTPN7","RAP1GAP"
"BTK","CALM1","RAP1GAP"
"BTK","FADD","RAP1GAP"
"BTK","STK38","RAP1GAP"
"BTK","TLK1","RAP1GAP"
"BTK","C9orf72","RAP1GAP"
"BTK","CDKN2A","RAP1GAP"
"BTK","MAP4K1","RAP1GAP"
"BTK","RET","RAP1GAP"
"BTK","DDX41","RAP1GAP"
"BTK","IKK-complex","RAP1GAP"
"BTK","SHC1","RAP1GAP"
"BTK","RPS6KA4","RAP1GAP"
"BTK","NTRK1","RAP1GAP"
"BTK","GPSM3","RAP1GAP"
"BTK","RELA","RAP1GAP"
"BTK","MAPKAPK5","RAP1GAP"
"BTK","EPHA2","RAP1GAP"
"BTK","MAP3K8","RAP1GAP"
"BTK","PTPRR","RAP1GAP"
"BTK","CDKN1B","RAP1GAP"
"BTK","FBLIM1","RAP1GAP"
"BTK","TEC","RAP1GAP"
"BTK","VCP","RAP1GAP"
"BTK","GRIP1","RAP1GAP"
"BTK","TMIGD2","RAP1GAP"
"BTK","CCR2","RAP1GAP"
"BTK","STIP1","RAP1GAP"
"BTK","PSTPIP1","RAP1GAP"
"BTK","ARRB2","RAP1GAP"
"BTK","TRAF3","RAP1GAP"
"BTK","CRTC2","RAP1GAP"
"BTK","CD28","RAP1GAP"
"BTK","INPP5D","RAP1GAP"
"BTK","FRS2","RAP1GAP"
"BTK","CCNE1","RAP1GAP"
"BTK","IMPDH2","RAP1GAP"
"BTK","SET","RAP1GAP"
"BTK","PIK3CG","RAP1GAP"
"BTK","SH2B2","RAP1GAP"
"BTK","TRPV1","RAP1GAP"
"BTK","PPP1R14A","RAP1GAP"
"BTK","BCL10","RAP1GAP"
"BTK","PIK3R6","RAP1GAP"
"BTK","MRE11","RAP1GAP"
"BTK","HDAC2","RAP1GAP"
"BTK","KSR1","RAP1GAP"
"BTK","DDX58","RAP1GAP"
"BTK","UBXN2B","RAP1GAP"
"BTK","MST1R","RAP1GAP"
"BTK","ROR2","RAP1GAP"
"BTK","ABI1","RAP1GAP"
"BTK","IFIH1","RAP1GAP"
"BTK","RAD50","RAP1GAP"
"BTK","TTI1","RAP1GAP"
"BTK","WDFY3","RAP1GAP"
"BTK","LRP6","RAP1GAP"
"BTK","GRB14","RAP1GAP"
"BTK","HOXB7","RAP1GAP"
"BTK","PIK3C3","RAP1GAP"
"BTK","RND1","RAP1GAP"
"BTK","STING1","RAP1GAP"
"BTK","SPEN","RAP1GAP"
"BTK","NFKB1","RAP1GAP"
"BTK","CTDP1","RAP1GAP"
"BTK","TELO2","RAP1GAP"
"BTK","BLVRA","RAP1GAP"
"BTK","CLSPN","RAP1GAP"
"BTK","MAPKAP1","RAP1GAP"
"BTK","GRB7","RAP1GAP"
"BTK","BAZ1B","RAP1GAP"
"BTK","RBL2","RAP1GAP"
"BTK","PPP1R14B","RAP1GAP"
"BTK","PABIR1","RAP1GAP"
"BTK","MAPK3","USF2"
"BTK","AKT3","USF2"
"BTK","CHUK","USF2"
"BTK","AKT2","USF2"
"BTK","PTEN","USF2"
"BTK","PRKCQ","USF2"
"BTK","PRKG1","USF2"
"BTK","CCP110","USF2"
"BTK","RPS6K","USF2"
"BTK","CALM2","USF2"
"BTK","ERK1/2","USF2"
"BTK","Gbeta","USF2"
"BTK","LCK","USF2"
"BTK","CDK9","USF2"
"BTK","ABL1","USF2"
"BTK","RPS6KA5","USF2"
"BTK","WNK1","USF2"
"BTK","PDPK1","USF2"
"BTK","SGK1","USF2"
"BTK","MAP2K1","USF2"
"BTK","PRKCG","USF2"
"BTK","PRKCZ","USF2"
"BTK","MAP3K1","USF2"
"BTK","MAP3K7","USF2"
"BTK","AKT","USF2"
"BTK","IKBKB","USF2"
"BTK","WWTR1","USF2"
"BTK","MAP3K4","USF2"
"BTK","DAPK1","USF2"
"BTK","FGG","USF2"
"BTK","LEPR","USF2"
"BTK","BCL3","USF2"
"BTK","DVL1","USF2"
"BTK","FZR1","USF2"
"BTK","VCPIP1","USF2"
"BTK","ATR","USF2"
"BTK","CCND1","USF2"
"BTK","STAP1","USF2"
"BTK","SPRED1","USF2"
"BTK","MEK1/2","USF2"
"BTK","PTPN7","USF2"
"BTK","CALM1","USF2"
"BTK","FADD","USF2"
"BTK","STK38","USF2"
"BTK","TLK1","USF2"
"BTK","C9orf72","USF2"
"BTK","CDKN2A","USF2"
"BTK","MAP4K1","USF2"
"BTK","RET","USF2"
"BTK","DDX41","USF2"
"BTK","IKK-complex","USF2"
"BTK","SHC1","USF2"
"BTK","RPS6KA4","USF2"
"BTK","NTRK1","USF2"
"BTK","GPSM3","USF2"
"BTK","RELA","USF2"
"BTK","EPHA2","USF2"
"BTK","MAP3K8","USF2"
"BTK","PTPRR","USF2"
"BTK","CDKN1B","USF2"
"BTK","FBLIM1","USF2"
"BTK","VCP","USF2"
"BTK","GRIP1","USF2"
"BTK","TMIGD2","USF2"
"BTK","CCR2","USF2"
"BTK","STIP1","USF2"
"BTK","PSTPIP1","USF2"
"BTK","CRTC2","USF2"
"BTK","FRS2","USF2"
"BTK","CCNE1","USF2"
"BTK","IMPDH2","USF2"
"BTK","SET","USF2"
"BTK","BCL10","USF2"
"BTK","MRE11","USF2"
"BTK","HDAC2","USF2"
"BTK","KSR1","USF2"
"BTK","DDX58","USF2"
"BTK","UBXN2B","USF2"
"BTK","MST1R","USF2"
"BTK","IFIH1","USF2"
"BTK","RAD50","USF2"
"BTK","TTI1","USF2"
"BTK","WDFY3","USF2"
"BTK","LRP6","USF2"
"BTK","GRB14","USF2"
"BTK","PIK3C3","USF2"
"BTK","SPEN","USF2"
"BTK","NFKB1","USF2"
"BTK","CTDP1","USF2"
"BTK","TELO2","USF2"
"BTK","MAPKAP1","USF2"
"BTK","GRB7","USF2"
"BTK","BAZ1B","USF2"
"BTK","PLCG2","USF2"
"BTK","RBL2","USF2"
"BTK","PABIR1","USF2"
"BTK","MAPK3","SCYL1"
"BTK","AKT3","SCYL1"
"BTK","CHUK","SCYL1"
"BTK","AKT2","SCYL1"
"BTK","PTEN","SCYL1"
"BTK","PRKCQ","SCYL1"
"BTK","MTOR","SCYL1"
"BTK","PRKG1","SCYL1"
"BTK","CCP110","SCYL1"
"BTK","RPS6K","SCYL1"
"BTK","CALM2","SCYL1"
"BTK","ERK1/2","SCYL1"
"BTK","Gbeta","SCYL1"
"BTK","LCK","SCYL1"
"BTK","CDK9","SCYL1"
"BTK","ABL1","SCYL1"
"BTK","RPS6KA5","SCYL1"
"BTK","WNK1","SCYL1"
"BTK","PDPK1","SCYL1"
"BTK","SGK1","SCYL1"
"BTK","MAP2K1","SCYL1"
"BTK","PRKCB","SCYL1"
"BTK","PRKCG","SCYL1"
"BTK","PRKCZ","SCYL1"
"BTK","CyclinD/CDK4","SCYL1"
"BTK","MAP3K1","SCYL1"
"BTK","MAP3K7","SCYL1"
"BTK","AKT","SCYL1"
"BTK","IKBKB","SCYL1"
"BTK","WWTR1","SCYL1"
"BTK","DOK1","SCYL1"
"BTK","MAP3K4","SCYL1"
"BTK","DAPK1","SCYL1"
"BTK","PXN","SCYL1"
"BTK","FGG","SCYL1"
"BTK","LEPR","SCYL1"
"BTK","ITK","SCYL1"
"BTK","RPS6KA3","SCYL1"
"BTK","BCL3","SCYL1"
"BTK","DVL1","SCYL1"
"BTK","FZR1","SCYL1"
"BTK","GRB2","SCYL1"
"BTK","VCPIP1","SCYL1"
"BTK","ATR","SCYL1"
"BTK","SGK3","SCYL1"
"BTK","PTK6","SCYL1"
"BTK","IKBKE","SCYL1"
"BTK","CCND1","SCYL1"
"BTK","ILK","SCYL1"
"BTK","STAP1","SCYL1"
"BTK","TBK1","SCYL1"
"BTK","SPRED1","SCYL1"
"BTK","MEK1/2","SCYL1"
"BTK","PTPN7","SCYL1"
"BTK","CALM1","SCYL1"
"BTK","FADD","SCYL1"
"BTK","STK38","SCYL1"
"BTK","TLK1","SCYL1"
"BTK","C9orf72","SCYL1"
"BTK","CDKN2A","SCYL1"
"BTK","MAP4K1","SCYL1"
"BTK","RET","SCYL1"
"BTK","DDX41","SCYL1"
"BTK","IKK-complex","SCYL1"
"BTK","SHC1","SCYL1"
"BTK","RPS6KA4","SCYL1"
"BTK","NTRK1","SCYL1"
"BTK","GPSM3","SCYL1"
"BTK","RELA","SCYL1"
"BTK","MAPKAPK5","SCYL1"
"BTK","EPHA2","SCYL1"
"BTK","MAP3K8","SCYL1"
"BTK","PTPRR","SCYL1"
"BTK","CDKN1B","SCYL1"
"BTK","FBLIM1","SCYL1"
"BTK","TEC","SCYL1"
"BTK","VCP","SCYL1"
"BTK","GRIP1","SCYL1"
"BTK","TMIGD2","SCYL1"
"BTK","CCR2","SCYL1"
"BTK","STIP1","SCYL1"
"BTK","PSTPIP1","SCYL1"
"BTK","ARRB2","SCYL1"
"BTK","TRAF3","SCYL1"
"BTK","CRTC2","SCYL1"
"BTK","CD28","SCYL1"
"BTK","INPP5D","SCYL1"
"BTK","FRS2","SCYL1"
"BTK","CCNE1","SCYL1"
"BTK","IMPDH2","SCYL1"
"BTK","SET","SCYL1"
"BTK","PIK3CG","SCYL1"
"BTK","SH2B2","SCYL1"
"BTK","TRPV1","SCYL1"
"BTK","PPP1R14A","SCYL1"
"BTK","BCL10","SCYL1"
"BTK","PIK3R6","SCYL1"
"BTK","MRE11","SCYL1"
"BTK","HDAC2","SCYL1"
"BTK","KSR1","SCYL1"
"BTK","DDX58","SCYL1"
"BTK","UBXN2B","SCYL1"
"BTK","MST1R","SCYL1"
"BTK","ROR2","SCYL1"
"BTK","ABI1","SCYL1"
"BTK","IFIH1","SCYL1"
"BTK","RAD50","SCYL1"
"BTK","TTI1","SCYL1"
"BTK","WDFY3","SCYL1"
"BTK","LRP6","SCYL1"
"BTK","GRB14","SCYL1"
"BTK","HOXB7","SCYL1"
"BTK","PIK3C3","SCYL1"
"BTK","RND1","SCYL1"
"BTK","STING1","SCYL1"
"BTK","SPEN","SCYL1"
"BTK","NFKB1","SCYL1"
"BTK","CTDP1","SCYL1"
"BTK","TELO2","SCYL1"
"BTK","BLVRA","SCYL1"
"BTK","CLSPN","SCYL1"
"BTK","MAPKAP1","SCYL1"
"BTK","GRB7","SCYL1"
"BTK","BAZ1B","SCYL1"
"BTK","PLCG2","SCYL1"
"BTK","RBL2","SCYL1"
"BTK","PPP1R14B","SCYL1"
"BTK","PABIR1","SCYL1"
"BTK","MAPK3","ALYREF"
"BTK","AKT3","ALYREF"
"BTK","CHUK","ALYREF"
"BTK","AKT2","ALYREF"
"BTK","PTEN","ALYREF"
"BTK","PRKCQ","ALYREF"
"BTK","MTOR","ALYREF"
"BTK","AKT1","ALYREF"
"BTK","PRKG1","ALYREF"
"BTK","CCP110","ALYREF"
"BTK","RPS6K","ALYREF"
"BTK","CALM2","ALYREF"
"BTK","ERK1/2","ALYREF"
"BTK","Gbeta","ALYREF"
"BTK","LCK","ALYREF"
"BTK","CDK9","ALYREF"
"BTK","ABL1","ALYREF"
"BTK","RPS6KA5","ALYREF"
"BTK","WNK1","ALYREF"
"BTK","PDPK1","ALYREF"
"BTK","SGK1","ALYREF"
"BTK","MAP2K1","ALYREF"
"BTK","PRKCB","ALYREF"
"BTK","PRKCG","ALYREF"
"BTK","PRKCZ","ALYREF"
"BTK","CyclinD/CDK4","ALYREF"
"BTK","MAP3K1","ALYREF"
"BTK","MAP3K7","ALYREF"
"BTK","AKT","ALYREF"
"BTK","IKBKB","ALYREF"
"BTK","WWTR1","ALYREF"
"BTK","DOK1","ALYREF"
"BTK","MAP3K4","ALYREF"
"BTK","DAPK1","ALYREF"
"BTK","PXN","ALYREF"
"BTK","FGG","ALYREF"
"BTK","LEPR","ALYREF"
"BTK","ITK","ALYREF"
"BTK","RPS6KA3","ALYREF"
"BTK","BCL3","ALYREF"
"BTK","DVL1","ALYREF"
"BTK","FZR1","ALYREF"
"BTK","GRB2","ALYREF"
"BTK","VCPIP1","ALYREF"
"BTK","ATR","ALYREF"
"BTK","SGK3","ALYREF"
"BTK","PTK6","ALYREF"
"BTK","IKBKE","ALYREF"
"BTK","CCND1","ALYREF"
"BTK","ILK","ALYREF"
"BTK","STAP1","ALYREF"
"BTK","TBK1","ALYREF"
"BTK","SPRED1","ALYREF"
"BTK","MEK1/2","ALYREF"
"BTK","PTPN7","ALYREF"
"BTK","CALM1","ALYREF"
"BTK","FADD","ALYREF"
"BTK","STK38","ALYREF"
"BTK","TLK1","ALYREF"
"BTK","C9orf72","ALYREF"
"BTK","CDKN2A","ALYREF"
"BTK","MAP4K1","ALYREF"
"BTK","RET","ALYREF"
"BTK","DDX41","ALYREF"
"BTK","IKK-complex","ALYREF"
"BTK","SHC1","ALYREF"
"BTK","RPS6KA4","ALYREF"
"BTK","NTRK1","ALYREF"
"BTK","GPSM3","ALYREF"
"BTK","RELA","ALYREF"
"BTK","MAPKAPK5","ALYREF"
"BTK","EPHA2","ALYREF"
"BTK","MAP3K8","ALYREF"
"BTK","PTPRR","ALYREF"
"BTK","CDKN1B","ALYREF"
"BTK","FBLIM1","ALYREF"
"BTK","TEC","ALYREF"
"BTK","VCP","ALYREF"
"BTK","GRIP1","ALYREF"
"BTK","TMIGD2","ALYREF"
"BTK","CCR2","ALYREF"
"BTK","STIP1","ALYREF"
"BTK","PSTPIP1","ALYREF"
"BTK","ARRB2","ALYREF"
"BTK","TRAF3","ALYREF"
"BTK","CRTC2","ALYREF"
"BTK","CD28","ALYREF"
"BTK","INPP5D","ALYREF"
"BTK","FRS2","ALYREF"
"BTK","CCNE1","ALYREF"
"BTK","IMPDH2","ALYREF"
"BTK","SET","ALYREF"
"BTK","PIK3CG","ALYREF"
"BTK","SH2B2","ALYREF"
"BTK","TRPV1","ALYREF"
"BTK","PPP1R14A","ALYREF"
"BTK","BCL10","ALYREF"
"BTK","PIK3R6","ALYREF"
"BTK","MRE11","ALYREF"
"BTK","HDAC2","ALYREF"
"BTK","KSR1","ALYREF"
"BTK","DDX58","ALYREF"
"BTK","UBXN2B","ALYREF"
"BTK","MST1R","ALYREF"
"BTK","ROR2","ALYREF"
"BTK","ABI1","ALYREF"
"BTK","IFIH1","ALYREF"
"BTK","RAD50","ALYREF"
"BTK","TTI1","ALYREF"
"BTK","WDFY3","ALYREF"
"BTK","LRP6","ALYREF"
"BTK","GRB14","ALYREF"
"BTK","HOXB7","ALYREF"
"BTK","PIK3C3","ALYREF"
"BTK","RND1","ALYREF"
"BTK","STING1","ALYREF"
"BTK","SPEN","ALYREF"
"BTK","NFKB1","ALYREF"
"BTK","CTDP1","ALYREF"
"BTK","TELO2","ALYREF"
"BTK","BLVRA","ALYREF"
"BTK","CLSPN","ALYREF"
"BTK","MAPKAP1","ALYREF"
"BTK","GRB7","ALYREF"
"BTK","BAZ1B","ALYREF"
"BTK","PLCG2","ALYREF"
"BTK","RBL2","ALYREF"
"BTK","PPP1R14B","ALYREF"
"BTK","PABIR1","ALYREF"
"BTK","MAPK3","GJB1"
"BTK","AKT3","GJB1"
"BTK","CHUK","GJB1"
"BTK","AKT2","GJB1"
"BTK","PTEN","GJB1"
"BTK","PRKCQ","GJB1"
"BTK","MTOR","GJB1"
"BTK","AKT1","GJB1"
"BTK","PRKG1","GJB1"
"BTK","CCP110","GJB1"
"BTK","RPS6K","GJB1"
"BTK","CALM2","GJB1"
"BTK","ERK1/2","GJB1"
"BTK","Gbeta","GJB1"
"BTK","LCK","GJB1"
"BTK","CDK9","GJB1"
"BTK","ABL1","GJB1"
"BTK","RPS6KA5","GJB1"
"BTK","WNK1","GJB1"
"BTK","PDPK1","GJB1"
"BTK","SGK1","GJB1"
"BTK","MAP2K1","GJB1"
"BTK","PRKCB","GJB1"
"BTK","PRKCG","GJB1"
"BTK","PRKCZ","GJB1"
"BTK","CyclinD/CDK4","GJB1"
"BTK","MAP3K1","GJB1"
"BTK","MAP3K7","GJB1"
"BTK","AKT","GJB1"
"BTK","IKBKB","GJB1"
"BTK","WWTR1","GJB1"
"BTK","DOK1","GJB1"
"BTK","MAP3K4","GJB1"
"BTK","DAPK1","GJB1"
"BTK","PXN","GJB1"
"BTK","FGG","GJB1"
"BTK","LEPR","GJB1"
"BTK","RPS6KA3","GJB1"
"BTK","BCL3","GJB1"
"BTK","DVL1","GJB1"
"BTK","FZR1","GJB1"
"BTK","GRB2","GJB1"
"BTK","VCPIP1","GJB1"
"BTK","ATR","GJB1"
"BTK","SGK3","GJB1"
"BTK","PTK6","GJB1"
"BTK","IKBKE","GJB1"
"BTK","CCND1","GJB1"
"BTK","ILK","GJB1"
"BTK","STAP1","GJB1"
"BTK","TBK1","GJB1"
"BTK","SPRED1","GJB1"
"BTK","MEK1/2","GJB1"
"BTK","PTPN7","GJB1"
"BTK","CALM1","GJB1"
"BTK","FADD","GJB1"
"BTK","STK38","GJB1"
"BTK","TLK1","GJB1"
"BTK","C9orf72","GJB1"
"BTK","CDKN2A","GJB1"
"BTK","MAP4K1","GJB1"
"BTK","RET","GJB1"
"BTK","DDX41","GJB1"
"BTK","IKK-complex","GJB1"
"BTK","SHC1","GJB1"
"BTK","RPS6KA4","GJB1"
"BTK","NTRK1","GJB1"
"BTK","GPSM3","GJB1"
"BTK","RELA","GJB1"
"BTK","MAPKAPK5","GJB1"
"BTK","EPHA2","GJB1"
"BTK","MAP3K8","GJB1"
"BTK","PTPRR","GJB1"
"BTK","CDKN1B","GJB1"
"BTK","FBLIM1","GJB1"
"BTK","VCP","GJB1"
"BTK","GRIP1","GJB1"
"BTK","TMIGD2","GJB1"
"BTK","CCR2","GJB1"
"BTK","STIP1","GJB1"
"BTK","PSTPIP1","GJB1"
"BTK","ARRB2","GJB1"
"BTK","TRAF3","GJB1"
"BTK","CRTC2","GJB1"
"BTK","CD28","GJB1"
"BTK","INPP5D","GJB1"
"BTK","FRS2","GJB1"
"BTK","CCNE1","GJB1"
"BTK","IMPDH2","GJB1"
"BTK","SET","GJB1"
"BTK","PIK3CG","GJB1"
"BTK","SH2B2","GJB1"
"BTK","TRPV1","GJB1"
"BTK","PPP1R14A","GJB1"
"BTK","BCL10","GJB1"
"BTK","PIK3R6","GJB1"
"BTK","MRE11","GJB1"
"BTK","HDAC2","GJB1"
"BTK","KSR1","GJB1"
"BTK","DDX58","GJB1"
"BTK","UBXN2B","GJB1"
"BTK","MST1R","GJB1"
"BTK","ROR2","GJB1"
"BTK","ABI1","GJB1"
"BTK","IFIH1","GJB1"
"BTK","RAD50","GJB1"
"BTK","TTI1","GJB1"
"BTK","WDFY3","GJB1"
"BTK","LRP6","GJB1"
"BTK","GRB14","GJB1"
"BTK","HOXB7","GJB1"
"BTK","PIK3C3","GJB1"
"BTK","RND1","GJB1"
"BTK","STING1","GJB1"
"BTK","SPEN","GJB1"
"BTK","NFKB1","GJB1"
"BTK","CTDP1","GJB1"
"BTK","TELO2","GJB1"
"BTK","BLVRA","GJB1"
"BTK","CLSPN","GJB1"
"BTK","MAPKAP1","GJB1"
"BTK","GRB7","GJB1"
"BTK","BAZ1B","GJB1"
"BTK","PLCG2","GJB1"
"BTK","RBL2","GJB1"
"BTK","PPP1R14B","GJB1"
"BTK","PABIR1","GJB1"
"BTK","MAPK3","AREL1"
"BTK","AKT3","AREL1"
"BTK","CHUK","AREL1"
"BTK","AKT2","AREL1"
"BTK","PTEN","AREL1"
"BTK","PRKCQ","AREL1"
"BTK","MTOR","AREL1"
"BTK","AKT1","AREL1"
"BTK","PRKG1","AREL1"
"BTK","CCP110","AREL1"
"BTK","RPS6K","AREL1"
"BTK","CALM2","AREL1"
"BTK","ERK1/2","AREL1"
"BTK","Gbeta","AREL1"
"BTK","LCK","AREL1"
"BTK","CDK9","AREL1"
"BTK","ABL1","AREL1"
"BTK","RPS6KA5","AREL1"
"BTK","WNK1","AREL1"
"BTK","PDPK1","AREL1"
"BTK","SGK1","AREL1"
"BTK","MAP2K1","AREL1"
"BTK","PRKCB","AREL1"
"BTK","PRKCG","AREL1"
"BTK","PRKCZ","AREL1"
"BTK","CyclinD/CDK4","AREL1"
"BTK","MAP3K1","AREL1"
"BTK","MAP3K7","AREL1"
"BTK","AKT","AREL1"
"BTK","IKBKB","AREL1"
"BTK","WWTR1","AREL1"
"BTK","DOK1","AREL1"
"BTK","MAP3K4","AREL1"
"BTK","DAPK1","AREL1"
"BTK","PXN","AREL1"
"BTK","FGG","AREL1"
"BTK","LEPR","AREL1"
"BTK","RPS6KA3","AREL1"
"BTK","BCL3","AREL1"
"BTK","DVL1","AREL1"
"BTK","FZR1","AREL1"
"BTK","GRB2","AREL1"
"BTK","VCPIP1","AREL1"
"BTK","ATR","AREL1"
"BTK","SGK3","AREL1"
"BTK","PTK6","AREL1"
"BTK","IKBKE","AREL1"
"BTK","CCND1","AREL1"
"BTK","ILK","AREL1"
"BTK","STAP1","AREL1"
"BTK","TBK1","AREL1"
"BTK","SPRED1","AREL1"
"BTK","MEK1/2","AREL1"
"BTK","PTPN7","AREL1"
"BTK","CALM1","AREL1"
"BTK","FADD","AREL1"
"BTK","STK38","AREL1"
"BTK","TLK1","AREL1"
"BTK","C9orf72","AREL1"
"BTK","CDKN2A","AREL1"
"BTK","MAP4K1","AREL1"
"BTK","RET","AREL1"
"BTK","DDX41","AREL1"
"BTK","IKK-complex","AREL1"
"BTK","SHC1","AREL1"
"BTK","RPS6KA4","AREL1"
"BTK","NTRK1","AREL1"
"BTK","GPSM3","AREL1"
"BTK","RELA","AREL1"
"BTK","MAPKAPK5","AREL1"
"BTK","EPHA2","AREL1"
"BTK","MAP3K8","AREL1"
"BTK","PTPRR","AREL1"
"BTK","CDKN1B","AREL1"
"BTK","FBLIM1","AREL1"
"BTK","TEC","AREL1"
"BTK","VCP","AREL1"
"BTK","GRIP1","AREL1"
"BTK","TMIGD2","AREL1"
"BTK","CCR2","AREL1"
"BTK","STIP1","AREL1"
"BTK","PSTPIP1","AREL1"
"BTK","ARRB2","AREL1"
"BTK","TRAF3","AREL1"
"BTK","CRTC2","AREL1"
"BTK","CD28","AREL1"
"BTK","INPP5D","AREL1"
"BTK","FRS2","AREL1"
"BTK","CCNE1","AREL1"
"BTK","IMPDH2","AREL1"
"BTK","SET","AREL1"
"BTK","PIK3CG","AREL1"
"BTK","SH2B2","AREL1"
"BTK","TRPV1","AREL1"
"BTK","PPP1R14A","AREL1"
"BTK","BCL10","AREL1"
"BTK","PIK3R6","AREL1"
"BTK","MRE11","AREL1"
"BTK","HDAC2","AREL1"
"BTK","KSR1","AREL1"
"BTK","DDX58","AREL1"
"BTK","UBXN2B","AREL1"
"BTK","MST1R","AREL1"
"BTK","ROR2","AREL1"
"BTK","ABI1","AREL1"
"BTK","IFIH1","AREL1"
"BTK","RAD50","AREL1"
"BTK","TTI1","AREL1"
"BTK","WDFY3","AREL1"
"BTK","LRP6","AREL1"
"BTK","GRB14","AREL1"
"BTK","HOXB7","AREL1"
"BTK","PIK3C3","AREL1"
"BTK","RND1","AREL1"
"BTK","STING1","AREL1"
"BTK","SPEN","AREL1"
"BTK","NFKB1","AREL1"
"BTK","CTDP1","AREL1"
"BTK","TELO2","AREL1"
"BTK","BLVRA","AREL1"
"BTK","CLSPN","AREL1"
"BTK","MAPKAP1","AREL1"
"BTK","GRB7","AREL1"
"BTK","BAZ1B","AREL1"
"BTK","PLCG2","AREL1"
"BTK","RBL2","AREL1"
"BTK","PPP1R14B","AREL1"
"BTK","PABIR1","AREL1"
"BTK","AKT3","KARS1"
"BTK","CHUK","KARS1"
"BTK","AKT2","KARS1"
"BTK","PTEN","KARS1"
"BTK","PRKCQ","KARS1"
"BTK","MTOR","KARS1"
"BTK","AKT1","KARS1"
"BTK","PRKG1","KARS1"
"BTK","CCP110","KARS1"
"BTK","RPS6K","KARS1"
"BTK","CALM2","KARS1"
"BTK","ERK1/2","KARS1"
"BTK","Gbeta","KARS1"
"BTK","LCK","KARS1"
"BTK","CDK9","KARS1"
"BTK","ABL1","KARS1"
"BTK","RPS6KA5","KARS1"
"BTK","WNK1","KARS1"
"BTK","PDPK1","KARS1"
"BTK","SGK1","KARS1"
"BTK","MAP2K1","KARS1"
"BTK","PRKCB","KARS1"
"BTK","PRKCG","KARS1"
"BTK","PRKCZ","KARS1"
"BTK","CyclinD/CDK4","KARS1"
"BTK","MAP3K1","KARS1"
"BTK","MAP3K7","KARS1"
"BTK","AKT","KARS1"
"BTK","IKBKB","KARS1"
"BTK","WWTR1","KARS1"
"BTK","DOK1","KARS1"
"BTK","MAP3K4","KARS1"
"BTK","DAPK1","KARS1"
"BTK","PXN","KARS1"
"BTK","FGG","KARS1"
"BTK","LEPR","KARS1"
"BTK","ITK","KARS1"
"BTK","RPS6KA3","KARS1"
"BTK","BCL3","KARS1"
"BTK","DVL1","KARS1"
"BTK","FZR1","KARS1"
"BTK","GRB2","KARS1"
"BTK","VCPIP1","KARS1"
"BTK","ATR","KARS1"
"BTK","SGK3","KARS1"
"BTK","PTK6","KARS1"
"BTK","IKBKE","KARS1"
"BTK","CCND1","KARS1"
"BTK","ILK","KARS1"
"BTK","STAP1","KARS1"
"BTK","TBK1","KARS1"
"BTK","SPRED1","KARS1"
"BTK","MEK1/2","KARS1"
"BTK","PTPN7","KARS1"
"BTK","CALM1","KARS1"
"BTK","FADD","KARS1"
"BTK","STK38","KARS1"
"BTK","TLK1","KARS1"
"BTK","C9orf72","KARS1"
"BTK","CDKN2A","KARS1"
"BTK","MAP4K1","KARS1"
"BTK","DDX41","KARS1"
"BTK","IKK-complex","KARS1"
"BTK","SHC1","KARS1"
"BTK","RPS6KA4","KARS1"
"BTK","NTRK1","KARS1"
"BTK","GPSM3","KARS1"
"BTK","RELA","KARS1"
"BTK","MAPKAPK5","KARS1"
"BTK","EPHA2","KARS1"
"BTK","MAP3K8","KARS1"
"BTK","PTPRR","KARS1"
"BTK","CDKN1B","KARS1"
"BTK","FBLIM1","KARS1"
"BTK","TEC","KARS1"
"BTK","VCP","KARS1"
"BTK","GRIP1","KARS1"
"BTK","TMIGD2","KARS1"
"BTK","CCR2","KARS1"
"BTK","STIP1","KARS1"
"BTK","PSTPIP1","KARS1"
"BTK","ARRB2","KARS1"
"BTK","TRAF3","KARS1"
"BTK","CRTC2","KARS1"
"BTK","CD28","KARS1"
"BTK","INPP5D","KARS1"
"BTK","FRS2","KARS1"
"BTK","CCNE1","KARS1"
"BTK","IMPDH2","KARS1"
"BTK","SET","KARS1"
"BTK","PIK3CG","KARS1"
"BTK","SH2B2","KARS1"
"BTK","TRPV1","KARS1"
"BTK","PPP1R14A","KARS1"
"BTK","BCL10","KARS1"
"BTK","PIK3R6","KARS1"
"BTK","MRE11","KARS1"
"BTK","HDAC2","KARS1"
"BTK","KSR1","KARS1"
"BTK","DDX58","KARS1"
"BTK","UBXN2B","KARS1"
"BTK","MST1R","KARS1"
"BTK","ROR2","KARS1"
"BTK","ABI1","KARS1"
"BTK","IFIH1","KARS1"
"BTK","RAD50","KARS1"
"BTK","TTI1","KARS1"
"BTK","WDFY3","KARS1"
"BTK","LRP6","KARS1"
"BTK","GRB14","KARS1"
"BTK","HOXB7","KARS1"
"BTK","PIK3C3","KARS1"
"BTK","RND1","KARS1"
"BTK","STING1","KARS1"
"BTK","SPEN","KARS1"
"BTK","NFKB1","KARS1"
"BTK","CTDP1","KARS1"
"BTK","TELO2","KARS1"
"BTK","BLVRA","KARS1"
"BTK","CLSPN","KARS1"
"BTK","MAPKAP1","KARS1"
"BTK","GRB7","KARS1"
"BTK","BAZ1B","KARS1"
"BTK","PLCG2","KARS1"
"BTK","RBL2","KARS1"
"BTK","PPP1R14B","KARS1"
"BTK","PABIR1","KARS1"
"BTK","MAPK3","NPHS1"
"BTK","AKT3","NPHS1"
"BTK","CHUK","NPHS1"
"BTK","AKT2","NPHS1"
"BTK","PTEN","NPHS1"
"BTK","PRKCQ","NPHS1"
"BTK","MTOR","NPHS1"
"BTK","AKT1","NPHS1"
"BTK","PRKG1","NPHS1"
"BTK","CCP110","NPHS1"
"BTK","RPS6K","NPHS1"
"BTK","CALM2","NPHS1"
"BTK","ERK1/2","NPHS1"
"BTK","Gbeta","NPHS1"
"BTK","LCK","NPHS1"
"BTK","CDK9","NPHS1"
"BTK","ABL1","NPHS1"
"BTK","RPS6KA5","NPHS1"
"BTK","WNK1","NPHS1"
"BTK","PDPK1","NPHS1"
"BTK","SGK1","NPHS1"
"BTK","MAP2K1","NPHS1"
"BTK","PRKCB","NPHS1"
"BTK","PRKCG","NPHS1"
"BTK","PRKCZ","NPHS1"
"BTK","CyclinD/CDK4","NPHS1"
"BTK","MAP3K1","NPHS1"
"BTK","MAP3K7","NPHS1"
"BTK","AKT","NPHS1"
"BTK","IKBKB","NPHS1"
"BTK","WWTR1","NPHS1"
"BTK","DOK1","NPHS1"
"BTK","MAP3K4","NPHS1"
"BTK","DAPK1","NPHS1"
"BTK","PXN","NPHS1"
"BTK","FGG","NPHS1"
"BTK","LEPR","NPHS1"
"BTK","RPS6KA3","NPHS1"
"BTK","BCL3","NPHS1"
"BTK","DVL1","NPHS1"
"BTK","FZR1","NPHS1"
"BTK","GRB2","NPHS1"
"BTK","VCPIP1","NPHS1"
"BTK","ATR","NPHS1"
"BTK","SGK3","NPHS1"
"BTK","PTK6","NPHS1"
"BTK","IKBKE","NPHS1"
"BTK","CCND1","NPHS1"
"BTK","ILK","NPHS1"
"BTK","STAP1","NPHS1"
"BTK","TBK1","NPHS1"
"BTK","SPRED1","NPHS1"
"BTK","MEK1/2","NPHS1"
"BTK","PTPN7","NPHS1"
"BTK","CALM1","NPHS1"
"BTK","FADD","NPHS1"
"BTK","STK38","NPHS1"
"BTK","TLK1","NPHS1"
"BTK","C9orf72","NPHS1"
"BTK","CDKN2A","NPHS1"
"BTK","MAP4K1","NPHS1"
"BTK","RET","NPHS1"
"BTK","DDX41","NPHS1"
"BTK","IKK-complex","NPHS1"
"BTK","SHC1","NPHS1"
"BTK","RPS6KA4","NPHS1"
"BTK","NTRK1","NPHS1"
"BTK","GPSM3","NPHS1"
"BTK","RELA","NPHS1"
"BTK","MAPKAPK5","NPHS1"
"BTK","EPHA2","NPHS1"
"BTK","MAP3K8","NPHS1"
"BTK","PTPRR","NPHS1"
"BTK","CDKN1B","NPHS1"
"BTK","FBLIM1","NPHS1"
"BTK","VCP","NPHS1"
"BTK","GRIP1","NPHS1"
"BTK","TMIGD2","NPHS1"
"BTK","CCR2","NPHS1"
"BTK","STIP1","NPHS1"
"BTK","PSTPIP1","NPHS1"
"BTK","ARRB2","NPHS1"
"BTK","TRAF3","NPHS1"
"BTK","CRTC2","NPHS1"
"BTK","CD28","NPHS1"
"BTK","INPP5D","NPHS1"
"BTK","FRS2","NPHS1"
"BTK","CCNE1","NPHS1"
"BTK","IMPDH2","NPHS1"
"BTK","SET","NPHS1"
"BTK","PIK3CG","NPHS1"
"BTK","SH2B2","NPHS1"
"BTK","TRPV1","NPHS1"
"BTK","PPP1R14A","NPHS1"
"BTK","BCL10","NPHS1"
"BTK","PIK3R6","NPHS1"
"BTK","MRE11","NPHS1"
"BTK","HDAC2","NPHS1"
"BTK","KSR1","NPHS1"
"BTK","DDX58","NPHS1"
"BTK","UBXN2B","NPHS1"
"BTK","MST1R","NPHS1"
"BTK","ROR2","NPHS1"
"BTK","ABI1","NPHS1"
"BTK","IFIH1","NPHS1"
"BTK","RAD50","NPHS1"
"BTK","TTI1","NPHS1"
"BTK","WDFY3","NPHS1"
"BTK","LRP6","NPHS1"
"BTK","GRB14","NPHS1"
"BTK","HOXB7","NPHS1"
"BTK","PIK3C3","NPHS1"
"BTK","RND1","NPHS1"
"BTK","STING1","NPHS1"
"BTK","SPEN","NPHS1"
"BTK","NFKB1","NPHS1"
"BTK","CTDP1","NPHS1"
"BTK","TELO2","NPHS1"
"BTK","BLVRA","NPHS1"
"BTK","CLSPN","NPHS1"
"BTK","MAPKAP1","NPHS1"
"BTK","GRB7","NPHS1"
"BTK","BAZ1B","NPHS1"
"BTK","PLCG2","NPHS1"
"BTK","RBL2","NPHS1"
"BTK","PPP1R14B","NPHS1"
"BTK","PABIR1","NPHS1"
"BTK","MAPK3","GATA6"
"BTK","AKT3","GATA6"
"BTK","CHUK","GATA6"
"BTK","AKT2","GATA6"
"BTK","PTEN","GATA6"
"BTK","PRKCQ","GATA6"
"BTK","MTOR","GATA6"
"BTK","AKT1","GATA6"
"BTK","PRKG1","GATA6"
"BTK","CCP110","GATA6"
"BTK","RPS6K","GATA6"
"BTK","CALM2","GATA6"
"BTK","ERK1/2","GATA6"
"BTK","Gbeta","GATA6"
"BTK","LCK","GATA6"
"BTK","CDK9","GATA6"
"BTK","ABL1","GATA6"
"BTK","RPS6KA5","GATA6"
"BTK","WNK1","GATA6"
"BTK","PDPK1","GATA6"
"BTK","SGK1","GATA6"
"BTK","MAP2K1","GATA6"
"BTK","PRKCB","GATA6"
"BTK","PRKCG","GATA6"
"BTK","PRKCZ","GATA6"
"BTK","CyclinD/CDK4","GATA6"
"BTK","MAP3K1","GATA6"
"BTK","MAP3K7","GATA6"
"BTK","AKT","GATA6"
"BTK","IKBKB","GATA6"
"BTK","WWTR1","GATA6"
"BTK","DOK1","GATA6"
"BTK","MAP3K4","GATA6"
"BTK","DAPK1","GATA6"
"BTK","PXN","GATA6"
"BTK","FGG","GATA6"
"BTK","LEPR","GATA6"
"BTK","RPS6KA3","GATA6"
"BTK","BCL3","GATA6"
"BTK","DVL1","GATA6"
"BTK","FZR1","GATA6"
"BTK","GRB2","GATA6"
"BTK","VCPIP1","GATA6"
"BTK","ATR","GATA6"
"BTK","SGK3","GATA6"
"BTK","PTK6","GATA6"
"BTK","IKBKE","GATA6"
"BTK","CCND1","GATA6"
"BTK","ILK","GATA6"
"BTK","STAP1","GATA6"
"BTK","TBK1","GATA6"
"BTK","SPRED1","GATA6"
"BTK","MEK1/2","GATA6"
"BTK","PTPN7","GATA6"
"BTK","CALM1","GATA6"
"BTK","FADD","GATA6"
"BTK","STK38","GATA6"
"BTK","TLK1","GATA6"
"BTK","C9orf72","GATA6"
"BTK","CDKN2A","GATA6"
"BTK","MAP4K1","GATA6"
"BTK","RET","GATA6"
"BTK","DDX41","GATA6"
"BTK","IKK-complex","GATA6"
"BTK","SHC1","GATA6"
"BTK","RPS6KA4","GATA6"
"BTK","NTRK1","GATA6"
"BTK","GPSM3","GATA6"
"BTK","RELA","GATA6"
"BTK","MAPKAPK5","GATA6"
"BTK","EPHA2","GATA6"
"BTK","MAP3K8","GATA6"
"BTK","PTPRR","GATA6"
"BTK","CDKN1B","GATA6"
"BTK","FBLIM1","GATA6"
"BTK","TEC","GATA6"
"BTK","VCP","GATA6"
"BTK","GRIP1","GATA6"
"BTK","TMIGD2","GATA6"
"BTK","CCR2","GATA6"
"BTK","STIP1","GATA6"
"BTK","PSTPIP1","GATA6"
"BTK","ARRB2","GATA6"
"BTK","TRAF3","GATA6"
"BTK","CRTC2","GATA6"
"BTK","CD28","GATA6"
"BTK","INPP5D","GATA6"
"BTK","FRS2","GATA6"
"BTK","CCNE1","GATA6"
"BTK","IMPDH2","GATA6"
"BTK","SET","GATA6"
"BTK","PIK3CG","GATA6"
"BTK","SH2B2","GATA6"
"BTK","TRPV1","GATA6"
"BTK","PPP1R14A","GATA6"
"BTK","BCL10","GATA6"
"BTK","PIK3R6","GATA6"
"BTK","MRE11","GATA6"
"BTK","HDAC2","GATA6"
"BTK","KSR1","GATA6"
"BTK","DDX58","GATA6"
"BTK","UBXN2B","GATA6"
"BTK","MST1R","GATA6"
"BTK","ROR2","GATA6"
"BTK","ABI1","GATA6"
"BTK","IFIH1","GATA6"
"BTK","RAD50","GATA6"
"BTK","TTI1","GATA6"
"BTK","WDFY3","GATA6"
"BTK","LRP6","GATA6"
"BTK","GRB14","GATA6"
"BTK","HOXB7","GATA6"
"BTK","PIK3C3","GATA6"
"BTK","RND1","GATA6"
"BTK","STING1","GATA6"
"BTK","SPEN","GATA6"
"BTK","NFKB1","GATA6"
"BTK","CTDP1","GATA6"
"BTK","TELO2","GATA6"
"BTK","BLVRA","GATA6"
"BTK","CLSPN","GATA6"
"BTK","MAPKAP1","GATA6"
"BTK","GRB7","GATA6"
"BTK","BAZ1B","GATA6"
"BTK","PLCG2","GATA6"
"BTK","RBL2","GATA6"
"BTK","PPP1R14B","GATA6"
"BTK","PABIR1","GATA6"
"BTK","MAPK3","ZNHIT1"
"BTK","AKT3","ZNHIT1"
"BTK","CHUK","ZNHIT1"
"BTK","AKT2","ZNHIT1"
"BTK","PTEN","ZNHIT1"
"BTK","PRKCQ","ZNHIT1"
"BTK","MTOR","ZNHIT1"
"BTK","AKT1","ZNHIT1"
"BTK","PRKG1","ZNHIT1"
"BTK","CCP110","ZNHIT1"
"BTK","RPS6K","ZNHIT1"
"BTK","CALM2","ZNHIT1"
"BTK","ERK1/2","ZNHIT1"
"BTK","Gbeta","ZNHIT1"
"BTK","LCK","ZNHIT1"
"BTK","CDK9","ZNHIT1"
"BTK","ABL1","ZNHIT1"
"BTK","RPS6KA5","ZNHIT1"
"BTK","WNK1","ZNHIT1"
"BTK","PDPK1","ZNHIT1"
"BTK","SGK1","ZNHIT1"
"BTK","MAP2K1","ZNHIT1"
"BTK","PRKCB","ZNHIT1"
"BTK","PRKCG","ZNHIT1"
"BTK","PRKCZ","ZNHIT1"
"BTK","CyclinD/CDK4","ZNHIT1"
"BTK","MAP3K1","ZNHIT1"
"BTK","MAP3K7","ZNHIT1"
"BTK","AKT","ZNHIT1"
"BTK","IKBKB","ZNHIT1"
"BTK","WWTR1","ZNHIT1"
"BTK","DOK1","ZNHIT1"
"BTK","MAP3K4","ZNHIT1"
"BTK","DAPK1","ZNHIT1"
"BTK","PXN","ZNHIT1"
"BTK","FGG","ZNHIT1"
"BTK","LEPR","ZNHIT1"
"BTK","ITK","ZNHIT1"
"BTK","RPS6KA3","ZNHIT1"
"BTK","BCL3","ZNHIT1"
"BTK","DVL1","ZNHIT1"
"BTK","FZR1","ZNHIT1"
"BTK","GRB2","ZNHIT1"
"BTK","VCPIP1","ZNHIT1"
"BTK","ATR","ZNHIT1"
"BTK","SGK3","ZNHIT1"
"BTK","PTK6","ZNHIT1"
"BTK","IKBKE","ZNHIT1"
"BTK","CCND1","ZNHIT1"
"BTK","ILK","ZNHIT1"
"BTK","STAP1","ZNHIT1"
"BTK","TBK1","ZNHIT1"
"BTK","SPRED1","ZNHIT1"
"BTK","MEK1/2","ZNHIT1"
"BTK","PTPN7","ZNHIT1"
"BTK","CALM1","ZNHIT1"
"BTK","FADD","ZNHIT1"
"BTK","STK38","ZNHIT1"
"BTK","TLK1","ZNHIT1"
"BTK","C9orf72","ZNHIT1"
"BTK","CDKN2A","ZNHIT1"
"BTK","MAP4K1","ZNHIT1"
"BTK","DDX41","ZNHIT1"
"BTK","IKK-complex","ZNHIT1"
"BTK","SHC1","ZNHIT1"
"BTK","RPS6KA4","ZNHIT1"
"BTK","NTRK1","ZNHIT1"
"BTK","GPSM3","ZNHIT1"
"BTK","RELA","ZNHIT1"
"BTK","MAPKAPK5","ZNHIT1"
"BTK","EPHA2","ZNHIT1"
"BTK","MAP3K8","ZNHIT1"
"BTK","PTPRR","ZNHIT1"
"BTK","CDKN1B","ZNHIT1"
"BTK","FBLIM1","ZNHIT1"
"BTK","TEC","ZNHIT1"
"BTK","VCP","ZNHIT1"
"BTK","GRIP1","ZNHIT1"
"BTK","TMIGD2","ZNHIT1"
"BTK","CCR2","ZNHIT1"
"BTK","STIP1","ZNHIT1"
"BTK","PSTPIP1","ZNHIT1"
"BTK","ARRB2","ZNHIT1"
"BTK","TRAF3","ZNHIT1"
"BTK","CRTC2","ZNHIT1"
"BTK","CD28","ZNHIT1"
"BTK","INPP5D","ZNHIT1"
"BTK","FRS2","ZNHIT1"
"BTK","CCNE1","ZNHIT1"
"BTK","IMPDH2","ZNHIT1"
"BTK","SET","ZNHIT1"
"BTK","PIK3CG","ZNHIT1"
"BTK","SH2B2","ZNHIT1"
"BTK","TRPV1","ZNHIT1"
"BTK","PPP1R14A","ZNHIT1"
"BTK","BCL10","ZNHIT1"
"BTK","PIK3R6","ZNHIT1"
"BTK","MRE11","ZNHIT1"
"BTK","HDAC2","ZNHIT1"
"BTK","KSR1","ZNHIT1"
"BTK","DDX58","ZNHIT1"
"BTK","UBXN2B","ZNHIT1"
"BTK","MST1R","ZNHIT1"
"BTK","ROR2","ZNHIT1"
"BTK","ABI1","ZNHIT1"
"BTK","IFIH1","ZNHIT1"
"BTK","RAD50","ZNHIT1"
"BTK","TTI1","ZNHIT1"
"BTK","WDFY3","ZNHIT1"
"BTK","LRP6","ZNHIT1"
"BTK","GRB14","ZNHIT1"
"BTK","HOXB7","ZNHIT1"
"BTK","PIK3C3","ZNHIT1"
"BTK","RND1","ZNHIT1"
"BTK","STING1","ZNHIT1"
"BTK","SPEN","ZNHIT1"
"BTK","NFKB1","ZNHIT1"
"BTK","CTDP1","ZNHIT1"
"BTK","TELO2","ZNHIT1"
"BTK","BLVRA","ZNHIT1"
"BTK","CLSPN","ZNHIT1"
"BTK","MAPKAP1","ZNHIT1"
"BTK","GRB7","ZNHIT1"
"BTK","BAZ1B","ZNHIT1"
"BTK","PLCG2","ZNHIT1"
"BTK","RBL2","ZNHIT1"
"BTK","PPP1R14B","ZNHIT1"
"BTK","PABIR1","ZNHIT1"
"BTK","MAPK3","PFKFB3"
"BTK","AKT3","PFKFB3"
"BTK","CHUK","PFKFB3"
"BTK","AKT2","PFKFB3"
"BTK","PTEN","PFKFB3"
"BTK","PRKCQ","PFKFB3"
"BTK","MTOR","PFKFB3"
"BTK","AKT1","PFKFB3"
"BTK","PRKG1","PFKFB3"
"BTK","CCP110","PFKFB3"
"BTK","RPS6K","PFKFB3"
"BTK","CALM2","PFKFB3"
"BTK","ERK1/2","PFKFB3"
"BTK","Gbeta","PFKFB3"
"BTK","LCK","PFKFB3"
"BTK","CDK9","PFKFB3"
"BTK","ABL1","PFKFB3"
"BTK","RPS6KA5","PFKFB3"
"BTK","WNK1","PFKFB3"
"BTK","PDPK1","PFKFB3"
"BTK","SGK1","PFKFB3"
"BTK","MAP2K1","PFKFB3"
"BTK","PRKCB","PFKFB3"
"BTK","PRKCG","PFKFB3"
"BTK","PRKCZ","PFKFB3"
"BTK","CyclinD/CDK4","PFKFB3"
"BTK","MAP3K1","PFKFB3"
"BTK","MAP3K7","PFKFB3"
"BTK","AKT","PFKFB3"
"BTK","IKBKB","PFKFB3"
"BTK","WWTR1","PFKFB3"
"BTK","DOK1","PFKFB3"
"BTK","MAP3K4","PFKFB3"
"BTK","DAPK1","PFKFB3"
"BTK","PXN","PFKFB3"
"BTK","FGG","PFKFB3"
"BTK","LEPR","PFKFB3"
"BTK","ITK","PFKFB3"
"BTK","RPS6KA3","PFKFB3"
"BTK","BCL3","PFKFB3"
"BTK","DVL1","PFKFB3"
"BTK","FZR1","PFKFB3"
"BTK","GRB2","PFKFB3"
"BTK","VCPIP1","PFKFB3"
"BTK","ATR","PFKFB3"
"BTK","SGK3","PFKFB3"
"BTK","PTK6","PFKFB3"
"BTK","IKBKE","PFKFB3"
"BTK","CCND1","PFKFB3"
"BTK","ILK","PFKFB3"
"BTK","STAP1","PFKFB3"
"BTK","TBK1","PFKFB3"
"BTK","SPRED1","PFKFB3"
"BTK","MEK1/2","PFKFB3"
"BTK","PTPN7","PFKFB3"
"BTK","CALM1","PFKFB3"
"BTK","FADD","PFKFB3"
"BTK","STK38","PFKFB3"
"BTK","TLK1","PFKFB3"
"BTK","C9orf72","PFKFB3"
"BTK","CDKN2A","PFKFB3"
"BTK","MAP4K1","PFKFB3"
"BTK","RET","PFKFB3"
"BTK","DDX41","PFKFB3"
"BTK","IKK-complex","PFKFB3"
"BTK","SHC1","PFKFB3"
"BTK","RPS6KA4","PFKFB3"
"BTK","NTRK1","PFKFB3"
"BTK","GPSM3","PFKFB3"
"BTK","RELA","PFKFB3"
"BTK","MAPKAPK5","PFKFB3"
"BTK","EPHA2","PFKFB3"
"BTK","MAP3K8","PFKFB3"
"BTK","PTPRR","PFKFB3"
"BTK","CDKN1B","PFKFB3"
"BTK","FBLIM1","PFKFB3"
"BTK","TEC","PFKFB3"
"BTK","VCP","PFKFB3"
"BTK","GRIP1","PFKFB3"
"BTK","TMIGD2","PFKFB3"
"BTK","CCR2","PFKFB3"
"BTK","STIP1","PFKFB3"
"BTK","PSTPIP1","PFKFB3"
"BTK","ARRB2","PFKFB3"
"BTK","TRAF3","PFKFB3"
"BTK","CRTC2","PFKFB3"
"BTK","CD28","PFKFB3"
"BTK","INPP5D","PFKFB3"
"BTK","FRS2","PFKFB3"
"BTK","CCNE1","PFKFB3"
"BTK","IMPDH2","PFKFB3"
"BTK","SET","PFKFB3"
"BTK","PIK3CG","PFKFB3"
"BTK","SH2B2","PFKFB3"
"BTK","TRPV1","PFKFB3"
"BTK","PPP1R14A","PFKFB3"
"BTK","BCL10","PFKFB3"
"BTK","PIK3R6","PFKFB3"
"BTK","MRE11","PFKFB3"
"BTK","HDAC2","PFKFB3"
"BTK","KSR1","PFKFB3"
"BTK","DDX58","PFKFB3"
"BTK","UBXN2B","PFKFB3"
"BTK","MST1R","PFKFB3"
"BTK","ROR2","PFKFB3"
"BTK","ABI1","PFKFB3"
"BTK","IFIH1","PFKFB3"
"BTK","RAD50","PFKFB3"
"BTK","TTI1","PFKFB3"
"BTK","WDFY3","PFKFB3"
"BTK","LRP6","PFKFB3"
"BTK","GRB14","PFKFB3"
"BTK","HOXB7","PFKFB3"
"BTK","PIK3C3","PFKFB3"
"BTK","RND1","PFKFB3"
"BTK","STING1","PFKFB3"
"BTK","SPEN","PFKFB3"
"BTK","NFKB1","PFKFB3"
"BTK","CTDP1","PFKFB3"
"BTK","TELO2","PFKFB3"
"BTK","BLVRA","PFKFB3"
"BTK","CLSPN","PFKFB3"
"BTK","MAPKAP1","PFKFB3"
"BTK","GRB7","PFKFB3"
"BTK","BAZ1B","PFKFB3"
"BTK","PLCG2","PFKFB3"
"BTK","RBL2","PFKFB3"
"BTK","PPP1R14B","PFKFB3"
"BTK","PABIR1","PFKFB3"
"BTK","MAPK3","SEPTIN3"
"BTK","AKT3","SEPTIN3"
"BTK","CHUK","SEPTIN3"
"BTK","AKT2","SEPTIN3"
"BTK","PTEN","SEPTIN3"
"BTK","PRKCQ","SEPTIN3"
"BTK","MTOR","SEPTIN3"
"BTK","AKT1","SEPTIN3"
"BTK","CCP110","SEPTIN3"
"BTK","RPS6K","SEPTIN3"
"BTK","CALM2","SEPTIN3"
"BTK","ERK1/2","SEPTIN3"
"BTK","Gbeta","SEPTIN3"
"BTK","LCK","SEPTIN3"
"BTK","CDK9","SEPTIN3"
"BTK","ABL1","SEPTIN3"
"BTK","RPS6KA5","SEPTIN3"
"BTK","WNK1","SEPTIN3"
"BTK","PDPK1","SEPTIN3"
"BTK","SGK1","SEPTIN3"
"BTK","MAP2K1","SEPTIN3"
"BTK","PRKCB","SEPTIN3"
"BTK","PRKCG","SEPTIN3"
"BTK","PRKCZ","SEPTIN3"
"BTK","CyclinD/CDK4","SEPTIN3"
"BTK","MAP3K1","SEPTIN3"
"BTK","MAP3K7","SEPTIN3"
"BTK","AKT","SEPTIN3"
"BTK","IKBKB","SEPTIN3"
"BTK","WWTR1","SEPTIN3"
"BTK","DOK1","SEPTIN3"
"BTK","MAP3K4","SEPTIN3"
"BTK","DAPK1","SEPTIN3"
"BTK","PXN","SEPTIN3"
"BTK","FGG","SEPTIN3"
"BTK","LEPR","SEPTIN3"
"BTK","RPS6KA3","SEPTIN3"
"BTK","BCL3","SEPTIN3"
"BTK","DVL1","SEPTIN3"
"BTK","FZR1","SEPTIN3"
"BTK","GRB2","SEPTIN3"
"BTK","VCPIP1","SEPTIN3"
"BTK","ATR","SEPTIN3"
"BTK","SGK3","SEPTIN3"
"BTK","PTK6","SEPTIN3"
"BTK","IKBKE","SEPTIN3"
"BTK","CCND1","SEPTIN3"
"BTK","ILK","SEPTIN3"
"BTK","STAP1","SEPTIN3"
"BTK","TBK1","SEPTIN3"
"BTK","SPRED1","SEPTIN3"
"BTK","MEK1/2","SEPTIN3"
"BTK","PTPN7","SEPTIN3"
"BTK","CALM1","SEPTIN3"
"BTK","FADD","SEPTIN3"
"BTK","STK38","SEPTIN3"
"BTK","TLK1","SEPTIN3"
"BTK","C9orf72","SEPTIN3"
"BTK","CDKN2A","SEPTIN3"
"BTK","MAP4K1","SEPTIN3"
"BTK","RET","SEPTIN3"
"BTK","DDX41","SEPTIN3"
"BTK","IKK-complex","SEPTIN3"
"BTK","SHC1","SEPTIN3"
"BTK","RPS6KA4","SEPTIN3"
"BTK","NTRK1","SEPTIN3"
"BTK","GPSM3","SEPTIN3"
"BTK","RELA","SEPTIN3"
"BTK","MAPKAPK5","SEPTIN3"
"BTK","EPHA2","SEPTIN3"
"BTK","MAP3K8","SEPTIN3"
"BTK","PTPRR","SEPTIN3"
"BTK","CDKN1B","SEPTIN3"
"BTK","FBLIM1","SEPTIN3"
"BTK","TEC","SEPTIN3"
"BTK","VCP","SEPTIN3"
"BTK","GRIP1","SEPTIN3"
"BTK","TMIGD2","SEPTIN3"
"BTK","CCR2","SEPTIN3"
"BTK","STIP1","SEPTIN3"
"BTK","PSTPIP1","SEPTIN3"
"BTK","ARRB2","SEPTIN3"
"BTK","TRAF3","SEPTIN3"
"BTK","CRTC2","SEPTIN3"
"BTK","CD28","SEPTIN3"
"BTK","INPP5D","SEPTIN3"
"BTK","FRS2","SEPTIN3"
"BTK","CCNE1","SEPTIN3"
"BTK","IMPDH2","SEPTIN3"
"BTK","SET","SEPTIN3"
"BTK","PIK3CG","SEPTIN3"
"BTK","SH2B2","SEPTIN3"
"BTK","TRPV1","SEPTIN3"
"BTK","PPP1R14A","SEPTIN3"
"BTK","BCL10","SEPTIN3"
"BTK","PIK3R6","SEPTIN3"
"BTK","MRE11","SEPTIN3"
"BTK","HDAC2","SEPTIN3"
"BTK","KSR1","SEPTIN3"
"BTK","DDX58","SEPTIN3"
"BTK","UBXN2B","SEPTIN3"
"BTK","MST1R","SEPTIN3"
"BTK","ROR2","SEPTIN3"
"BTK","ABI1","SEPTIN3"
"BTK","IFIH1","SEPTIN3"
"BTK","RAD50","SEPTIN3"
"BTK","TTI1","SEPTIN3"
"BTK","WDFY3","SEPTIN3"
"BTK","LRP6","SEPTIN3"
"BTK","GRB14","SEPTIN3"
"BTK","HOXB7","SEPTIN3"
"BTK","PIK3C3","SEPTIN3"
"BTK","RND1","SEPTIN3"
"BTK","STING1","SEPTIN3"
"BTK","SPEN","SEPTIN3"
"BTK","NFKB1","SEPTIN3"
"BTK","CTDP1","SEPTIN3"
"BTK","TELO2","SEPTIN3"
"BTK","BLVRA","SEPTIN3"
"BTK","CLSPN","SEPTIN3"
"BTK","MAPKAP1","SEPTIN3"
"BTK","GRB7","SEPTIN3"
"BTK","BAZ1B","SEPTIN3"
"BTK","PLCG2","SEPTIN3"
"BTK","RBL2","SEPTIN3"
"BTK","PPP1R14B","SEPTIN3"
"BTK","PABIR1","SEPTIN3"
"BTK","MAPK3","PIN4"
"BTK","AKT3","PIN4"
"BTK","CHUK","PIN4"
"BTK","AKT2","PIN4"
"BTK","PTEN","PIN4"
"BTK","PRKCQ","PIN4"
"BTK","MTOR","PIN4"
"BTK","AKT1","PIN4"
"BTK","PRKG1","PIN4"
"BTK","CCP110","PIN4"
"BTK","RPS6K","PIN4"
"BTK","CALM2","PIN4"
"BTK","ERK1/2","PIN4"
"BTK","Gbeta","PIN4"
"BTK","LCK","PIN4"
"BTK","CDK9","PIN4"
"BTK","ABL1","PIN4"
"BTK","RPS6KA5","PIN4"
"BTK","WNK1","PIN4"
"BTK","PDPK1","PIN4"
"BTK","SGK1","PIN4"
"BTK","MAP2K1","PIN4"
"BTK","PRKCB","PIN4"
"BTK","PRKCG","PIN4"
"BTK","PRKCZ","PIN4"
"BTK","CyclinD/CDK4","PIN4"
"BTK","MAP3K1","PIN4"
"BTK","MAP3K7","PIN4"
"BTK","AKT","PIN4"
"BTK","IKBKB","PIN4"
"BTK","WWTR1","PIN4"
"BTK","DOK1","PIN4"
"BTK","MAP3K4","PIN4"
"BTK","DAPK1","PIN4"
"BTK","PXN","PIN4"
"BTK","FGG","PIN4"
"BTK","LEPR","PIN4"
"BTK","ITK","PIN4"
"BTK","RPS6KA3","PIN4"
"BTK","BCL3","PIN4"
"BTK","DVL1","PIN4"
"BTK","FZR1","PIN4"
"BTK","GRB2","PIN4"
"BTK","VCPIP1","PIN4"
"BTK","ATR","PIN4"
"BTK","SGK3","PIN4"
"BTK","PTK6","PIN4"
"BTK","IKBKE","PIN4"
"BTK","CCND1","PIN4"
"BTK","ILK","PIN4"
"BTK","STAP1","PIN4"
"BTK","TBK1","PIN4"
"BTK","SPRED1","PIN4"
"BTK","MEK1/2","PIN4"
"BTK","PTPN7","PIN4"
"BTK","CALM1","PIN4"
"BTK","FADD","PIN4"
"BTK","STK38","PIN4"
"BTK","TLK1","PIN4"
"BTK","C9orf72","PIN4"
"BTK","CDKN2A","PIN4"
"BTK","MAP4K1","PIN4"
"BTK","RET","PIN4"
"BTK","DDX41","PIN4"
"BTK","IKK-complex","PIN4"
"BTK","SHC1","PIN4"
"BTK","RPS6KA4","PIN4"
"BTK","NTRK1","PIN4"
"BTK","GPSM3","PIN4"
"BTK","RELA","PIN4"
"BTK","MAPKAPK5","PIN4"
"BTK","EPHA2","PIN4"
"BTK","MAP3K8","PIN4"
"BTK","PTPRR","PIN4"
"BTK","CDKN1B","PIN4"
"BTK","FBLIM1","PIN4"
"BTK","TEC","PIN4"
"BTK","VCP","PIN4"
"BTK","GRIP1","PIN4"
"BTK","TMIGD2","PIN4"
"BTK","CCR2","PIN4"
"BTK","STIP1","PIN4"
"BTK","PSTPIP1","PIN4"
"BTK","ARRB2","PIN4"
"BTK","TRAF3","PIN4"
"BTK","CRTC2","PIN4"
"BTK","CD28","PIN4"
"BTK","INPP5D","PIN4"
"BTK","FRS2","PIN4"
"BTK","CCNE1","PIN4"
"BTK","IMPDH2","PIN4"
"BTK","SET","PIN4"
"BTK","PIK3CG","PIN4"
"BTK","SH2B2","PIN4"
"BTK","TRPV1","PIN4"
"BTK","PPP1R14A","PIN4"
"BTK","BCL10","PIN4"
"BTK","PIK3R6","PIN4"
"BTK","MRE11","PIN4"
"BTK","HDAC2","PIN4"
"BTK","KSR1","PIN4"
"BTK","DDX58","PIN4"
"BTK","UBXN2B","PIN4"
"BTK","MST1R","PIN4"
"BTK","ROR2","PIN4"
"BTK","ABI1","PIN4"
"BTK","IFIH1","PIN4"
"BTK","RAD50","PIN4"
"BTK","TTI1","PIN4"
"BTK","WDFY3","PIN4"
"BTK","LRP6","PIN4"
"BTK","GRB14","PIN4"
"BTK","HOXB7","PIN4"
"BTK","PIK3C3","PIN4"
"BTK","RND1","PIN4"
"BTK","STING1","PIN4"
"BTK","SPEN","PIN4"
"BTK","NFKB1","PIN4"
"BTK","CTDP1","PIN4"
"BTK","TELO2","PIN4"
"BTK","BLVRA","PIN4"
"BTK","CLSPN","PIN4"
"BTK","MAPKAP1","PIN4"
"BTK","GRB7","PIN4"
"BTK","BAZ1B","PIN4"
"BTK","RBL2","PIN4"
"BTK","PPP1R14B","PIN4"
"BTK","PABIR1","PIN4"
"BTK","MAPK3","GABRB2"
"BTK","AKT3","GABRB2"
"BTK","CHUK","GABRB2"
"BTK","AKT2","GABRB2"
"BTK","PTEN","GABRB2"
"BTK","PRKCQ","GABRB2"
"BTK","MTOR","GABRB2"
"BTK","AKT1","GABRB2"
"BTK","PRKG1","GABRB2"
"BTK","CCP110","GABRB2"
"BTK","RPS6K","GABRB2"
"BTK","CALM2","GABRB2"
"BTK","ERK1/2","GABRB2"
"BTK","Gbeta","GABRB2"
"BTK","LCK","GABRB2"
"BTK","CDK9","GABRB2"
"BTK","ABL1","GABRB2"
"BTK","RPS6KA5","GABRB2"
"BTK","WNK1","GABRB2"
"BTK","PDPK1","GABRB2"
"BTK","SGK1","GABRB2"
"BTK","MAP2K1","GABRB2"
"BTK","PRKCB","GABRB2"
"BTK","PRKCG","GABRB2"
"BTK","PRKCZ","GABRB2"
"BTK","CyclinD/CDK4","GABRB2"
"BTK","MAP3K1","GABRB2"
"BTK","MAP3K7","GABRB2"
"BTK","IKBKB","GABRB2"
"BTK","WWTR1","GABRB2"
"BTK","DOK1","GABRB2"
"BTK","MAP3K4","GABRB2"
"BTK","DAPK1","GABRB2"
"BTK","PXN","GABRB2"
"BTK","FGG","GABRB2"
"BTK","LEPR","GABRB2"
"BTK","ITK","GABRB2"
"BTK","RPS6KA3","GABRB2"
"BTK","BCL3","GABRB2"
"BTK","DVL1","GABRB2"
"BTK","FZR1","GABRB2"
"BTK","GRB2","GABRB2"
"BTK","VCPIP1","GABRB2"
"BTK","ATR","GABRB2"
"BTK","SGK3","GABRB2"
"BTK","PTK6","GABRB2"
"BTK","IKBKE","GABRB2"
"BTK","CCND1","GABRB2"
"BTK","ILK","GABRB2"
"BTK","STAP1","GABRB2"
"BTK","TBK1","GABRB2"
"BTK","SPRED1","GABRB2"
"BTK","MEK1/2","GABRB2"
"BTK","PTPN7","GABRB2"
"BTK","CALM1","GABRB2"
"BTK","FADD","GABRB2"
"BTK","STK38","GABRB2"
"BTK","TLK1","GABRB2"
"BTK","C9orf72","GABRB2"
"BTK","CDKN2A","GABRB2"
"BTK","MAP4K1","GABRB2"
"BTK","RET","GABRB2"
"BTK","DDX41","GABRB2"
"BTK","IKK-complex","GABRB2"
"BTK","SHC1","GABRB2"
"BTK","RPS6KA4","GABRB2"
"BTK","NTRK1","GABRB2"
"BTK","GPSM3","GABRB2"
"BTK","RELA","GABRB2"
"BTK","MAPKAPK5","GABRB2"
"BTK","EPHA2","GABRB2"
"BTK","MAP3K8","GABRB2"
"BTK","PTPRR","GABRB2"
"BTK","CDKN1B","GABRB2"
"BTK","FBLIM1","GABRB2"
"BTK","TEC","GABRB2"
"BTK","VCP","GABRB2"
"BTK","GRIP1","GABRB2"
"BTK","TMIGD2","GABRB2"
"BTK","CCR2","GABRB2"
"BTK","STIP1","GABRB2"
"BTK","PSTPIP1","GABRB2"
"BTK","ARRB2","GABRB2"
"BTK","TRAF3","GABRB2"
"BTK","CRTC2","GABRB2"
"BTK","CD28","GABRB2"
"BTK","INPP5D","GABRB2"
"BTK","FRS2","GABRB2"
"BTK","CCNE1","GABRB2"
"BTK","IMPDH2","GABRB2"
"BTK","SET","GABRB2"
"BTK","PIK3CG","GABRB2"
"BTK","SH2B2","GABRB2"
"BTK","TRPV1","GABRB2"
"BTK","PPP1R14A","GABRB2"
"BTK","BCL10","GABRB2"
"BTK","PIK3R6","GABRB2"
"BTK","MRE11","GABRB2"
"BTK","HDAC2","GABRB2"
"BTK","KSR1","GABRB2"
"BTK","DDX58","GABRB2"
"BTK","UBXN2B","GABRB2"
"BTK","MST1R","GABRB2"
"BTK","ROR2","GABRB2"
"BTK","ABI1","GABRB2"
"BTK","IFIH1","GABRB2"
"BTK","RAD50","GABRB2"
"BTK","TTI1","GABRB2"
"BTK","WDFY3","GABRB2"
"BTK","LRP6","GABRB2"
"BTK","GRB14","GABRB2"
"BTK","HOXB7","GABRB2"
"BTK","PIK3C3","GABRB2"
"BTK","RND1","GABRB2"
"BTK","STING1","GABRB2"
"BTK","SPEN","GABRB2"
"BTK","NFKB1","GABRB2"
"BTK","CTDP1","GABRB2"
"BTK","TELO2","GABRB2"
"BTK","BLVRA","GABRB2"
"BTK","CLSPN","GABRB2"
"BTK","MAPKAP1","GABRB2"
"BTK","GRB7","GABRB2"
"BTK","BAZ1B","GABRB2"
"BTK","PLCG2","GABRB2"
"BTK","RBL2","GABRB2"
"BTK","PPP1R14B","GABRB2"
"BTK","PABIR1","GABRB2"
"BTK","MAPK3","CGAS"
"BTK","AKT3","CGAS"
"BTK","CHUK","CGAS"
"BTK","AKT2","CGAS"
"BTK","PTEN","CGAS"
"BTK","PRKCQ","CGAS"
"BTK","MTOR","CGAS"
"BTK","AKT1","CGAS"
"BTK","PRKG1","CGAS"
"BTK","CCP110","CGAS"
"BTK","RPS6K","CGAS"
"BTK","CALM2","CGAS"
"BTK","ERK1/2","CGAS"
"BTK","Gbeta","CGAS"
"BTK","LCK","CGAS"
"BTK","CDK9","CGAS"
"BTK","ABL1","CGAS"
"BTK","RPS6KA5","CGAS"
"BTK","WNK1","CGAS"
"BTK","PDPK1","CGAS"
"BTK","SGK1","CGAS"
"BTK","MAP2K1","CGAS"
"BTK","PRKCB","CGAS"
"BTK","PRKCG","CGAS"
"BTK","PRKCZ","CGAS"
"BTK","CyclinD/CDK4","CGAS"
"BTK","MAP3K1","CGAS"
"BTK","MAP3K7","CGAS"
"BTK","AKT","CGAS"
"BTK","IKBKB","CGAS"
"BTK","WWTR1","CGAS"
"BTK","DOK1","CGAS"
"BTK","MAP3K4","CGAS"
"BTK","DAPK1","CGAS"
"BTK","PXN","CGAS"
"BTK","FGG","CGAS"
"BTK","LEPR","CGAS"
"BTK","ITK","CGAS"
"BTK","RPS6KA3","CGAS"
"BTK","BCL3","CGAS"
"BTK","DVL1","CGAS"
"BTK","FZR1","CGAS"
"BTK","GRB2","CGAS"
"BTK","VCPIP1","CGAS"
"BTK","ATR","CGAS"
"BTK","SGK3","CGAS"
"BTK","PTK6","CGAS"
"BTK","IKBKE","CGAS"
"BTK","CCND1","CGAS"
"BTK","ILK","CGAS"
"BTK","STAP1","CGAS"
"BTK","TBK1","CGAS"
"BTK","SPRED1","CGAS"
"BTK","MEK1/2","CGAS"
"BTK","PTPN7","CGAS"
"BTK","CALM1","CGAS"
"BTK","FADD","CGAS"
"BTK","STK38","CGAS"
"BTK","TLK1","CGAS"
"BTK","C9orf72","CGAS"
"BTK","CDKN2A","CGAS"
"BTK","MAP4K1","CGAS"
"BTK","RET","CGAS"
"BTK","DDX41","CGAS"
"BTK","IKK-complex","CGAS"
"BTK","SHC1","CGAS"
"BTK","RPS6KA4","CGAS"
"BTK","NTRK1","CGAS"
"BTK","GPSM3","CGAS"
"BTK","RELA","CGAS"
"BTK","MAPKAPK5","CGAS"
"BTK","EPHA2","CGAS"
"BTK","MAP3K8","CGAS"
"BTK","PTPRR","CGAS"
"BTK","CDKN1B","CGAS"
"BTK","FBLIM1","CGAS"
"BTK","VCP","CGAS"
"BTK","GRIP1","CGAS"
"BTK","TMIGD2","CGAS"
"BTK","CCR2","CGAS"
"BTK","STIP1","CGAS"
"BTK","PSTPIP1","CGAS"
"BTK","ARRB2","CGAS"
"BTK","TRAF3","CGAS"
"BTK","CRTC2","CGAS"
"BTK","CD28","CGAS"
"BTK","INPP5D","CGAS"
"BTK","FRS2","CGAS"
"BTK","CCNE1","CGAS"
"BTK","IMPDH2","CGAS"
"BTK","SET","CGAS"
"BTK","PIK3CG","CGAS"
"BTK","SH2B2","CGAS"
"BTK","TRPV1","CGAS"
"BTK","PPP1R14A","CGAS"
"BTK","BCL10","CGAS"
"BTK","PIK3R6","CGAS"
"BTK","MRE11","CGAS"
"BTK","HDAC2","CGAS"
"BTK","KSR1","CGAS"
"BTK","DDX58","CGAS"
"BTK","UBXN2B","CGAS"
"BTK","MST1R","CGAS"
"BTK","ROR2","CGAS"
"BTK","ABI1","CGAS"
"BTK","IFIH1","CGAS"
"BTK","RAD50","CGAS"
"BTK","TTI1","CGAS"
"BTK","WDFY3","CGAS"
"BTK","LRP6","CGAS"
"BTK","GRB14","CGAS"
"BTK","HOXB7","CGAS"
"BTK","PIK3C3","CGAS"
"BTK","RND1","CGAS"
"BTK","STING1","CGAS"
"BTK","SPEN","CGAS"
"BTK","NFKB1","CGAS"
"BTK","CTDP1","CGAS"
"BTK","TELO2","CGAS"
"BTK","BLVRA","CGAS"
"BTK","CLSPN","CGAS"
"BTK","MAPKAP1","CGAS"
"BTK","GRB7","CGAS"
"BTK","BAZ1B","CGAS"
"BTK","PLCG2","CGAS"
"BTK","RBL2","CGAS"
"BTK","PPP1R14B","CGAS"
"BTK","PABIR1","CGAS"
"BTK","MAPK3","PBX2"
"BTK","AKT3","PBX2"
"BTK","CHUK","PBX2"
"BTK","AKT2","PBX2"
"BTK","PTEN","PBX2"
"BTK","PRKCQ","PBX2"
"BTK","MTOR","PBX2"
"BTK","AKT1","PBX2"
"BTK","PRKG1","PBX2"
"BTK","CCP110","PBX2"
"BTK","RPS6K","PBX2"
"BTK","CALM2","PBX2"
"BTK","ERK1/2","PBX2"
"BTK","Gbeta","PBX2"
"BTK","LCK","PBX2"
"BTK","CDK9","PBX2"
"BTK","ABL1","PBX2"
"BTK","RPS6KA5","PBX2"
"BTK","WNK1","PBX2"
"BTK","PDPK1","PBX2"
"BTK","SGK1","PBX2"
"BTK","MAP2K1","PBX2"
"BTK","PRKCB","PBX2"
"BTK","PRKCG","PBX2"
"BTK","PRKCZ","PBX2"
"BTK","CyclinD/CDK4","PBX2"
"BTK","MAP3K1","PBX2"
"BTK","MAP3K7","PBX2"
"BTK","AKT","PBX2"
"BTK","IKBKB","PBX2"
"BTK","WWTR1","PBX2"
"BTK","DOK1","PBX2"
"BTK","MAP3K4","PBX2"
"BTK","DAPK1","PBX2"
"BTK","PXN","PBX2"
"BTK","FGG","PBX2"
"BTK","LEPR","PBX2"
"BTK","ITK","PBX2"
"BTK","RPS6KA3","PBX2"
"BTK","BCL3","PBX2"
"BTK","DVL1","PBX2"
"BTK","FZR1","PBX2"
"BTK","GRB2","PBX2"
"BTK","VCPIP1","PBX2"
"BTK","ATR","PBX2"
"BTK","SGK3","PBX2"
"BTK","PTK6","PBX2"
"BTK","IKBKE","PBX2"
"BTK","CCND1","PBX2"
"BTK","ILK","PBX2"
"BTK","STAP1","PBX2"
"BTK","SPRED1","PBX2"
"BTK","MEK1/2","PBX2"
"BTK","PTPN7","PBX2"
"BTK","CALM1","PBX2"
"BTK","FADD","PBX2"
"BTK","STK38","PBX2"
"BTK","TLK1","PBX2"
"BTK","C9orf72","PBX2"
"BTK","CDKN2A","PBX2"
"BTK","MAP4K1","PBX2"
"BTK","RET","PBX2"
"BTK","IKK-complex","PBX2"
"BTK","SHC1","PBX2"
"BTK","RPS6KA4","PBX2"
"BTK","NTRK1","PBX2"
"BTK","GPSM3","PBX2"
"BTK","RELA","PBX2"
"BTK","MAPKAPK5","PBX2"
"BTK","EPHA2","PBX2"
"BTK","MAP3K8","PBX2"
"BTK","PTPRR","PBX2"
"BTK","CDKN1B","PBX2"
"BTK","FBLIM1","PBX2"
"BTK","TEC","PBX2"
"BTK","VCP","PBX2"
"BTK","GRIP1","PBX2"
"BTK","TMIGD2","PBX2"
"BTK","CCR2","PBX2"
"BTK","STIP1","PBX2"
"BTK","PSTPIP1","PBX2"
"BTK","ARRB2","PBX2"
"BTK","TRAF3","PBX2"
"BTK","CRTC2","PBX2"
"BTK","CD28","PBX2"
"BTK","INPP5D","PBX2"
"BTK","FRS2","PBX2"
"BTK","CCNE1","PBX2"
"BTK","IMPDH2","PBX2"
"BTK","SET","PBX2"
"BTK","PIK3CG","PBX2"
"BTK","SH2B2","PBX2"
"BTK","TRPV1","PBX2"
"BTK","PPP1R14A","PBX2"
"BTK","BCL10","PBX2"
"BTK","PIK3R6","PBX2"
"BTK","MRE11","PBX2"
"BTK","HDAC2","PBX2"
"BTK","KSR1","PBX2"
"BTK","DDX58","PBX2"
"BTK","UBXN2B","PBX2"
"BTK","MST1R","PBX2"
"BTK","ROR2","PBX2"
"BTK","ABI1","PBX2"
"BTK","IFIH1","PBX2"
"BTK","RAD50","PBX2"
"BTK","TTI1","PBX2"
"BTK","WDFY3","PBX2"
"BTK","LRP6","PBX2"
"BTK","GRB14","PBX2"
"BTK","HOXB7","PBX2"
"BTK","PIK3C3","PBX2"
"BTK","RND1","PBX2"
"BTK","SPEN","PBX2"
"BTK","NFKB1","PBX2"
"BTK","CTDP1","PBX2"
"BTK","TELO2","PBX2"
"BTK","BLVRA","PBX2"
"BTK","CLSPN","PBX2"
"BTK","MAPKAP1","PBX2"
"BTK","GRB7","PBX2"
"BTK","BAZ1B","PBX2"
"BTK","PLCG2","PBX2"
"BTK","RBL2","PBX2"
"BTK","PPP1R14B","PBX2"
"BTK","PABIR1","PBX2"
"BTK","MAPK3","MLXIPL"
"BTK","AKT3","MLXIPL"
"BTK","CHUK","MLXIPL"
"BTK","AKT2","MLXIPL"
"BTK","PTEN","MLXIPL"
"BTK","PRKCQ","MLXIPL"
"BTK","MTOR","MLXIPL"
"BTK","AKT1","MLXIPL"
"BTK","PRKG1","MLXIPL"
"BTK","CCP110","MLXIPL"
"BTK","RPS6K","MLXIPL"
"BTK","CALM2","MLXIPL"
"BTK","ERK1/2","MLXIPL"
"BTK","Gbeta","MLXIPL"
"BTK","LCK","MLXIPL"
"BTK","CDK9","MLXIPL"
"BTK","ABL1","MLXIPL"
"BTK","RPS6KA5","MLXIPL"
"BTK","WNK1","MLXIPL"
"BTK","PDPK1","MLXIPL"
"BTK","SGK1","MLXIPL"
"BTK","MAP2K1","MLXIPL"
"BTK","PRKCB","MLXIPL"
"BTK","PRKCG","MLXIPL"
"BTK","PRKCZ","MLXIPL"
"BTK","CyclinD/CDK4","MLXIPL"
"BTK","MAP3K1","MLXIPL"
"BTK","MAP3K7","MLXIPL"
"BTK","AKT","MLXIPL"
"BTK","IKBKB","MLXIPL"
"BTK","WWTR1","MLXIPL"
"BTK","DOK1","MLXIPL"
"BTK","MAP3K4","MLXIPL"
"BTK","DAPK1","MLXIPL"
"BTK","PXN","MLXIPL"
"BTK","FGG","MLXIPL"
"BTK","LEPR","MLXIPL"
"BTK","RPS6KA3","MLXIPL"
"BTK","BCL3","MLXIPL"
"BTK","DVL1","MLXIPL"
"BTK","FZR1","MLXIPL"
"BTK","GRB2","MLXIPL"
"BTK","VCPIP1","MLXIPL"
"BTK","ATR","MLXIPL"
"BTK","SGK3","MLXIPL"
"BTK","PTK6","MLXIPL"
"BTK","IKBKE","MLXIPL"
"BTK","CCND1","MLXIPL"
"BTK","ILK","MLXIPL"
"BTK","STAP1","MLXIPL"
"BTK","TBK1","MLXIPL"
"BTK","SPRED1","MLXIPL"
"BTK","MEK1/2","MLXIPL"
"BTK","PTPN7","MLXIPL"
"BTK","CALM1","MLXIPL"
"BTK","FADD","MLXIPL"
"BTK","STK38","MLXIPL"
"BTK","TLK1","MLXIPL"
"BTK","C9orf72","MLXIPL"
"BTK","CDKN2A","MLXIPL"
"BTK","MAP4K1","MLXIPL"
"BTK","RET","MLXIPL"
"BTK","DDX41","MLXIPL"
"BTK","IKK-complex","MLXIPL"
"BTK","SHC1","MLXIPL"
"BTK","RPS6KA4","MLXIPL"
"BTK","NTRK1","MLXIPL"
"BTK","GPSM3","MLXIPL"
"BTK","RELA","MLXIPL"
"BTK","MAPKAPK5","MLXIPL"
"BTK","EPHA2","MLXIPL"
"BTK","MAP3K8","MLXIPL"
"BTK","PTPRR","MLXIPL"
"BTK","CDKN1B","MLXIPL"
"BTK","FBLIM1","MLXIPL"
"BTK","TEC","MLXIPL"
"BTK","VCP","MLXIPL"
"BTK","GRIP1","MLXIPL"
"BTK","TMIGD2","MLXIPL"
"BTK","CCR2","MLXIPL"
"BTK","STIP1","MLXIPL"
"BTK","PSTPIP1","MLXIPL"
"BTK","ARRB2","MLXIPL"
"BTK","TRAF3","MLXIPL"
"BTK","CRTC2","MLXIPL"
"BTK","CD28","MLXIPL"
"BTK","INPP5D","MLXIPL"
"BTK","FRS2","MLXIPL"
"BTK","CCNE1","MLXIPL"
"BTK","IMPDH2","MLXIPL"
"BTK","SET","MLXIPL"
"BTK","PIK3CG","MLXIPL"
"BTK","SH2B2","MLXIPL"
"BTK","TRPV1","MLXIPL"
"BTK","PPP1R14A","MLXIPL"
"BTK","BCL10","MLXIPL"
"BTK","PIK3R6","MLXIPL"
"BTK","MRE11","MLXIPL"
"BTK","HDAC2","MLXIPL"
"BTK","KSR1","MLXIPL"
"BTK","DDX58","MLXIPL"
"BTK","UBXN2B","MLXIPL"
"BTK","MST1R","MLXIPL"
"BTK","ROR2","MLXIPL"
"BTK","ABI1","MLXIPL"
"BTK","IFIH1","MLXIPL"
"BTK","RAD50","MLXIPL"
"BTK","TTI1","MLXIPL"
"BTK","WDFY3","MLXIPL"
"BTK","LRP6","MLXIPL"
"BTK","GRB14","MLXIPL"
"BTK","HOXB7","MLXIPL"
"BTK","PIK3C3","MLXIPL"
"BTK","RND1","MLXIPL"
"BTK","STING1","MLXIPL"
"BTK","SPEN","MLXIPL"
"BTK","NFKB1","MLXIPL"
"BTK","CTDP1","MLXIPL"
"BTK","TELO2","MLXIPL"
"BTK","BLVRA","MLXIPL"
"BTK","CLSPN","MLXIPL"
"BTK","MAPKAP1","MLXIPL"
"BTK","GRB7","MLXIPL"
"BTK","BAZ1B","MLXIPL"
"BTK","PLCG2","MLXIPL"
"BTK","RBL2","MLXIPL"
"BTK","PPP1R14B","MLXIPL"
"BTK","PABIR1","MLXIPL"
"BTK","MAPK3","GIT2"
"BTK","AKT3","GIT2"
"BTK","CHUK","GIT2"
"BTK","AKT2","GIT2"
"BTK","PTEN","GIT2"
"BTK","PRKCQ","GIT2"
"BTK","MTOR","GIT2"
"BTK","AKT1","GIT2"
"BTK","PRKG1","GIT2"
"BTK","CCP110","GIT2"
"BTK","RPS6K","GIT2"
"BTK","CALM2","GIT2"
"BTK","ERK1/2","GIT2"
"BTK","Gbeta","GIT2"
"BTK","LCK","GIT2"
"BTK","CDK9","GIT2"
"BTK","ABL1","GIT2"
"BTK","RPS6KA5","GIT2"
"BTK","WNK1","GIT2"
"BTK","PDPK1","GIT2"
"BTK","SGK1","GIT2"
"BTK","MAP2K1","GIT2"
"BTK","PRKCB","GIT2"
"BTK","PRKCG","GIT2"
"BTK","PRKCZ","GIT2"
"BTK","CyclinD/CDK4","GIT2"
"BTK","MAP3K1","GIT2"
"BTK","MAP3K7","GIT2"
"BTK","AKT","GIT2"
"BTK","IKBKB","GIT2"
"BTK","WWTR1","GIT2"
"BTK","DOK1","GIT2"
"BTK","MAP3K4","GIT2"
"BTK","DAPK1","GIT2"
"BTK","PXN","GIT2"
"BTK","FGG","GIT2"
"BTK","LEPR","GIT2"
"BTK","RPS6KA3","GIT2"
"BTK","BCL3","GIT2"
"BTK","DVL1","GIT2"
"BTK","FZR1","GIT2"
"BTK","GRB2","GIT2"
"BTK","VCPIP1","GIT2"
"BTK","ATR","GIT2"
"BTK","SGK3","GIT2"
"BTK","PTK6","GIT2"
"BTK","IKBKE","GIT2"
"BTK","CCND1","GIT2"
"BTK","ILK","GIT2"
"BTK","STAP1","GIT2"
"BTK","TBK1","GIT2"
"BTK","SPRED1","GIT2"
"BTK","MEK1/2","GIT2"
"BTK","PTPN7","GIT2"
"BTK","CALM1","GIT2"
"BTK","FADD","GIT2"
"BTK","STK38","GIT2"
"BTK","TLK1","GIT2"
"BTK","C9orf72","GIT2"
"BTK","CDKN2A","GIT2"
"BTK","MAP4K1","GIT2"
"BTK","RET","GIT2"
"BTK","DDX41","GIT2"
"BTK","IKK-complex","GIT2"
"BTK","SHC1","GIT2"
"BTK","RPS6KA4","GIT2"
"BTK","NTRK1","GIT2"
"BTK","GPSM3","GIT2"
"BTK","RELA","GIT2"
"BTK","MAPKAPK5","GIT2"
"BTK","EPHA2","GIT2"
"BTK","MAP3K8","GIT2"
"BTK","PTPRR","GIT2"
"BTK","CDKN1B","GIT2"
"BTK","FBLIM1","GIT2"
"BTK","TEC","GIT2"
"BTK","VCP","GIT2"
"BTK","GRIP1","GIT2"
"BTK","TMIGD2","GIT2"
"BTK","CCR2","GIT2"
"BTK","STIP1","GIT2"
"BTK","PSTPIP1","GIT2"
"BTK","ARRB2","GIT2"
"BTK","TRAF3","GIT2"
"BTK","CRTC2","GIT2"
"BTK","CD28","GIT2"
"BTK","INPP5D","GIT2"
"BTK","FRS2","GIT2"
"BTK","CCNE1","GIT2"
"BTK","IMPDH2","GIT2"
"BTK","SET","GIT2"
"BTK","PIK3CG","GIT2"
"BTK","SH2B2","GIT2"
"BTK","TRPV1","GIT2"
"BTK","PPP1R14A","GIT2"
"BTK","BCL10","GIT2"
"BTK","PIK3R6","GIT2"
"BTK","MRE11","GIT2"
"BTK","HDAC2","GIT2"
"BTK","KSR1","GIT2"
"BTK","DDX58","GIT2"
"BTK","UBXN2B","GIT2"
"BTK","MST1R","GIT2"
"BTK","ROR2","GIT2"
"BTK","ABI1","GIT2"
"BTK","IFIH1","GIT2"
"BTK","RAD50","GIT2"
"BTK","TTI1","GIT2"
"BTK","WDFY3","GIT2"
"BTK","LRP6","GIT2"
"BTK","GRB14","GIT2"
"BTK","HOXB7","GIT2"
"BTK","PIK3C3","GIT2"
"BTK","RND1","GIT2"
"BTK","STING1","GIT2"
"BTK","SPEN","GIT2"
"BTK","NFKB1","GIT2"
"BTK","CTDP1","GIT2"
"BTK","TELO2","GIT2"
"BTK","BLVRA","GIT2"
"BTK","CLSPN","GIT2"
"BTK","MAPKAP1","GIT2"
"BTK","GRB7","GIT2"
"BTK","BAZ1B","GIT2"
"BTK","PLCG2","GIT2"
"BTK","RBL2","GIT2"
"BTK","PPP1R14B","GIT2"
"BTK","PABIR1","GIT2"
"BTK","MAPK3","HBP1"
"BTK","AKT3","HBP1"
"BTK","CHUK","HBP1"
"BTK","AKT2","HBP1"
"BTK","PTEN","HBP1"
"BTK","PRKCQ","HBP1"
"BTK","MTOR","HBP1"
"BTK","AKT1","HBP1"
"BTK","PRKG1","HBP1"
"BTK","CCP110","HBP1"
"BTK","RPS6K","HBP1"
"BTK","CALM2","HBP1"
"BTK","ERK1/2","HBP1"
"BTK","Gbeta","HBP1"
"BTK","LCK","HBP1"
"BTK","CDK9","HBP1"
"BTK","ABL1","HBP1"
"BTK","RPS6KA5","HBP1"
"BTK","WNK1","HBP1"
"BTK","PDPK1","HBP1"
"BTK","SGK1","HBP1"
"BTK","MAP2K1","HBP1"
"BTK","PRKCB","HBP1"
"BTK","PRKCG","HBP1"
"BTK","PRKCZ","HBP1"
"BTK","CyclinD/CDK4","HBP1"
"BTK","MAP3K1","HBP1"
"BTK","MAP3K7","HBP1"
"BTK","AKT","HBP1"
"BTK","IKBKB","HBP1"
"BTK","WWTR1","HBP1"
"BTK","DOK1","HBP1"
"BTK","MAP3K4","HBP1"
"BTK","DAPK1","HBP1"
"BTK","PXN","HBP1"
"BTK","FGG","HBP1"
"BTK","LEPR","HBP1"
"BTK","ITK","HBP1"
"BTK","RPS6KA3","HBP1"
"BTK","BCL3","HBP1"
"BTK","DVL1","HBP1"
"BTK","FZR1","HBP1"
"BTK","GRB2","HBP1"
"BTK","VCPIP1","HBP1"
"BTK","ATR","HBP1"
"BTK","SGK3","HBP1"
"BTK","PTK6","HBP1"
"BTK","IKBKE","HBP1"
"BTK","CCND1","HBP1"
"BTK","ILK","HBP1"
"BTK","STAP1","HBP1"
"BTK","TBK1","HBP1"
"BTK","SPRED1","HBP1"
"BTK","MEK1/2","HBP1"
"BTK","PTPN7","HBP1"
"BTK","CALM1","HBP1"
"BTK","FADD","HBP1"
"BTK","STK38","HBP1"
"BTK","TLK1","HBP1"
"BTK","C9orf72","HBP1"
"BTK","CDKN2A","HBP1"
"BTK","MAP4K1","HBP1"
"BTK","DDX41","HBP1"
"BTK","IKK-complex","HBP1"
"BTK","SHC1","HBP1"
"BTK","RPS6KA4","HBP1"
"BTK","NTRK1","HBP1"
"BTK","GPSM3","HBP1"
"BTK","RELA","HBP1"
"BTK","MAPKAPK5","HBP1"
"BTK","EPHA2","HBP1"
"BTK","MAP3K8","HBP1"
"BTK","PTPRR","HBP1"
"BTK","CDKN1B","HBP1"
"BTK","FBLIM1","HBP1"
"BTK","TEC","HBP1"
"BTK","VCP","HBP1"
"BTK","GRIP1","HBP1"
"BTK","TMIGD2","HBP1"
"BTK","CCR2","HBP1"
"BTK","STIP1","HBP1"
"BTK","PSTPIP1","HBP1"
"BTK","ARRB2","HBP1"
"BTK","TRAF3","HBP1"
"BTK","CRTC2","HBP1"
"BTK","CD28","HBP1"
"BTK","INPP5D","HBP1"
"BTK","FRS2","HBP1"
"BTK","CCNE1","HBP1"
"BTK","IMPDH2","HBP1"
"BTK","SET","HBP1"
"BTK","PIK3CG","HBP1"
"BTK","SH2B2","HBP1"
"BTK","TRPV1","HBP1"
"BTK","PPP1R14A","HBP1"
"BTK","BCL10","HBP1"
"BTK","PIK3R6","HBP1"
"BTK","MRE11","HBP1"
"BTK","HDAC2","HBP1"
"BTK","KSR1","HBP1"
"BTK","DDX58","HBP1"
"BTK","UBXN2B","HBP1"
"BTK","MST1R","HBP1"
"BTK","ROR2","HBP1"
"BTK","ABI1","HBP1"
"BTK","IFIH1","HBP1"
"BTK","RAD50","HBP1"
"BTK","TTI1","HBP1"
"BTK","WDFY3","HBP1"
"BTK","LRP6","HBP1"
"BTK","GRB14","HBP1"
"BTK","HOXB7","HBP1"
"BTK","PIK3C3","HBP1"
"BTK","RND1","HBP1"
"BTK","STING1","HBP1"
"BTK","SPEN","HBP1"
"BTK","NFKB1","HBP1"
"BTK","CTDP1","HBP1"
"BTK","TELO2","HBP1"
"BTK","BLVRA","HBP1"
"BTK","CLSPN","HBP1"
"BTK","MAPKAP1","HBP1"
"BTK","GRB7","HBP1"
"BTK","BAZ1B","HBP1"
"BTK","PLCG2","HBP1"
"BTK","RBL2","HBP1"
"BTK","PPP1R14B","HBP1"
"BTK","PABIR1","HBP1"
"BTK","MAPK3","CACNB1"
"BTK","AKT3","CACNB1"
"BTK","CHUK","CACNB1"
"BTK","AKT2","CACNB1"
"BTK","PTEN","CACNB1"
"BTK","PRKCQ","CACNB1"
"BTK","MTOR","CACNB1"
"BTK","AKT1","CACNB1"
"BTK","PRKG1","CACNB1"
"BTK","CCP110","CACNB1"
"BTK","RPS6K","CACNB1"
"BTK","CALM2","CACNB1"
"BTK","Gbeta","CACNB1"
"BTK","LCK","CACNB1"
"BTK","CDK9","CACNB1"
"BTK","ABL1","CACNB1"
"BTK","RPS6KA5","CACNB1"
"BTK","WNK1","CACNB1"
"BTK","PDPK1","CACNB1"
"BTK","SGK1","CACNB1"
"BTK","MAP2K1","CACNB1"
"BTK","PRKCB","CACNB1"
"BTK","PRKCG","CACNB1"
"BTK","PRKCZ","CACNB1"
"BTK","CyclinD/CDK4","CACNB1"
"BTK","MAP3K1","CACNB1"
"BTK","MAP3K7","CACNB1"
"BTK","AKT","CACNB1"
"BTK","IKBKB","CACNB1"
"BTK","WWTR1","CACNB1"
"BTK","DOK1","CACNB1"
"BTK","MAP3K4","CACNB1"
"BTK","DAPK1","CACNB1"
"BTK","PXN","CACNB1"
"BTK","FGG","CACNB1"
"BTK","LEPR","CACNB1"
"BTK","ITK","CACNB1"
"BTK","RPS6KA3","CACNB1"
"BTK","BCL3","CACNB1"
"BTK","DVL1","CACNB1"
"BTK","FZR1","CACNB1"
"BTK","GRB2","CACNB1"
"BTK","VCPIP1","CACNB1"
"BTK","ATR","CACNB1"
"BTK","SGK3","CACNB1"
"BTK","PTK6","CACNB1"
"BTK","IKBKE","CACNB1"
"BTK","CCND1","CACNB1"
"BTK","ILK","CACNB1"
"BTK","STAP1","CACNB1"
"BTK","TBK1","CACNB1"
"BTK","SPRED1","CACNB1"
"BTK","MEK1/2","CACNB1"
"BTK","PTPN7","CACNB1"
"BTK","CALM1","CACNB1"
"BTK","FADD","CACNB1"
"BTK","STK38","CACNB1"
"BTK","TLK1","CACNB1"
"BTK","C9orf72","CACNB1"
"BTK","CDKN2A","CACNB1"
"BTK","MAP4K1","CACNB1"
"BTK","DDX41","CACNB1"
"BTK","IKK-complex","CACNB1"
"BTK","SHC1","CACNB1"
"BTK","RPS6KA4","CACNB1"
"BTK","NTRK1","CACNB1"
"BTK","GPSM3","CACNB1"
"BTK","RELA","CACNB1"
"BTK","MAPKAPK5","CACNB1"
"BTK","EPHA2","CACNB1"
"BTK","MAP3K8","CACNB1"
"BTK","PTPRR","CACNB1"
"BTK","CDKN1B","CACNB1"
"BTK","FBLIM1","CACNB1"
"BTK","TEC","CACNB1"
"BTK","VCP","CACNB1"
"BTK","GRIP1","CACNB1"
"BTK","TMIGD2","CACNB1"
"BTK","CCR2","CACNB1"
"BTK","STIP1","CACNB1"
"BTK","PSTPIP1","CACNB1"
"BTK","ARRB2","CACNB1"
"BTK","TRAF3","CACNB1"
"BTK","CRTC2","CACNB1"
"BTK","CD28","CACNB1"
"BTK","INPP5D","CACNB1"
"BTK","FRS2","CACNB1"
"BTK","CCNE1","CACNB1"
"BTK","IMPDH2","CACNB1"
"BTK","SET","CACNB1"
"BTK","PIK3CG","CACNB1"
"BTK","SH2B2","CACNB1"
"BTK","TRPV1","CACNB1"
"BTK","PPP1R14A","CACNB1"
"BTK","BCL10","CACNB1"
"BTK","PIK3R6","CACNB1"
"BTK","MRE11","CACNB1"
"BTK","HDAC2","CACNB1"
"BTK","KSR1","CACNB1"
"BTK","DDX58","CACNB1"
"BTK","UBXN2B","CACNB1"
"BTK","MST1R","CACNB1"
"BTK","ROR2","CACNB1"
"BTK","ABI1","CACNB1"
"BTK","IFIH1","CACNB1"
"BTK","RAD50","CACNB1"
"BTK","TTI1","CACNB1"
"BTK","WDFY3","CACNB1"
"BTK","LRP6","CACNB1"
"BTK","GRB14","CACNB1"
"BTK","HOXB7","CACNB1"
"BTK","PIK3C3","CACNB1"
"BTK","RND1","CACNB1"
"BTK","STING1","CACNB1"
"BTK","SPEN","CACNB1"
"BTK","NFKB1","CACNB1"
"BTK","CTDP1","CACNB1"
"BTK","TELO2","CACNB1"
"BTK","BLVRA","CACNB1"
"BTK","CLSPN","CACNB1"
"BTK","MAPKAP1","CACNB1"
"BTK","GRB7","CACNB1"
"BTK","BAZ1B","CACNB1"
"BTK","PLCG2","CACNB1"
"BTK","RBL2","CACNB1"
"BTK","PPP1R14B","CACNB1"
"BTK","PABIR1","CACNB1"
"BTK","MAPK3","NFIX"
"BTK","AKT3","NFIX"
"BTK","CHUK","NFIX"
"BTK","AKT2","NFIX"
"BTK","PTEN","NFIX"
"BTK","PRKCQ","NFIX"
"BTK","MTOR","NFIX"
"BTK","AKT1","NFIX"
"BTK","PRKG1","NFIX"
"BTK","CCP110","NFIX"
"BTK","RPS6K","NFIX"
"BTK","CALM2","NFIX"
"BTK","ERK1/2","NFIX"
"BTK","Gbeta","NFIX"
"BTK","LCK","NFIX"
"BTK","CDK9","NFIX"
"BTK","ABL1","NFIX"
"BTK","RPS6KA5","NFIX"
"BTK","WNK1","NFIX"
"BTK","PDPK1","NFIX"
"BTK","SGK1","NFIX"
"BTK","MAP2K1","NFIX"
"BTK","PRKCB","NFIX"
"BTK","PRKCG","NFIX"
"BTK","PRKCZ","NFIX"
"BTK","CyclinD/CDK4","NFIX"
"BTK","MAP3K1","NFIX"
"BTK","MAP3K7","NFIX"
"BTK","AKT","NFIX"
"BTK","IKBKB","NFIX"
"BTK","WWTR1","NFIX"
"BTK","DOK1","NFIX"
"BTK","MAP3K4","NFIX"
"BTK","DAPK1","NFIX"
"BTK","PXN","NFIX"
"BTK","FGG","NFIX"
"BTK","LEPR","NFIX"
"BTK","ITK","NFIX"
"BTK","RPS6KA3","NFIX"
"BTK","BCL3","NFIX"
"BTK","DVL1","NFIX"
"BTK","FZR1","NFIX"
"BTK","GRB2","NFIX"
"BTK","VCPIP1","NFIX"
"BTK","ATR","NFIX"
"BTK","SGK3","NFIX"
"BTK","PTK6","NFIX"
"BTK","IKBKE","NFIX"
"BTK","CCND1","NFIX"
"BTK","ILK","NFIX"
"BTK","STAP1","NFIX"
"BTK","TBK1","NFIX"
"BTK","SPRED1","NFIX"
"BTK","MEK1/2","NFIX"
"BTK","PTPN7","NFIX"
"BTK","CALM1","NFIX"
"BTK","FADD","NFIX"
"BTK","STK38","NFIX"
"BTK","TLK1","NFIX"
"BTK","C9orf72","NFIX"
"BTK","CDKN2A","NFIX"
"BTK","MAP4K1","NFIX"
"BTK","RET","NFIX"
"BTK","DDX41","NFIX"
"BTK","IKK-complex","NFIX"
"BTK","SHC1","NFIX"
"BTK","RPS6KA4","NFIX"
"BTK","NTRK1","NFIX"
"BTK","GPSM3","NFIX"
"BTK","RELA","NFIX"
"BTK","MAPKAPK5","NFIX"
"BTK","EPHA2","NFIX"
"BTK","MAP3K8","NFIX"
"BTK","PTPRR","NFIX"
"BTK","CDKN1B","NFIX"
"BTK","FBLIM1","NFIX"
"BTK","TEC","NFIX"
"BTK","VCP","NFIX"
"BTK","GRIP1","NFIX"
"BTK","TMIGD2","NFIX"
"BTK","CCR2","NFIX"
"BTK","STIP1","NFIX"
"BTK","PSTPIP1","NFIX"
"BTK","ARRB2","NFIX"
"BTK","TRAF3","NFIX"
"BTK","CRTC2","NFIX"
"BTK","CD28","NFIX"
"BTK","INPP5D","NFIX"
"BTK","FRS2","NFIX"
"BTK","CCNE1","NFIX"
"BTK","IMPDH2","NFIX"
"BTK","SET","NFIX"
"BTK","PIK3CG","NFIX"
"BTK","SH2B2","NFIX"
"BTK","TRPV1","NFIX"
"BTK","PPP1R14A","NFIX"
"BTK","BCL10","NFIX"
"BTK","PIK3R6","NFIX"
"BTK","MRE11","NFIX"
"BTK","HDAC2","NFIX"
"BTK","KSR1","NFIX"
"BTK","DDX58","NFIX"
"BTK","UBXN2B","NFIX"
"BTK","MST1R","NFIX"
"BTK","ROR2","NFIX"
"BTK","ABI1","NFIX"
"BTK","IFIH1","NFIX"
"BTK","RAD50","NFIX"
"BTK","TTI1","NFIX"
"BTK","WDFY3","NFIX"
"BTK","LRP6","NFIX"
"BTK","GRB14","NFIX"
"BTK","HOXB7","NFIX"
"BTK","PIK3C3","NFIX"
"BTK","RND1","NFIX"
"BTK","STING1","NFIX"
"BTK","SPEN","NFIX"
"BTK","NFKB1","NFIX"
"BTK","CTDP1","NFIX"
"BTK","TELO2","NFIX"
"BTK","BLVRA","NFIX"
"BTK","CLSPN","NFIX"
"BTK","MAPKAP1","NFIX"
"BTK","GRB7","NFIX"
"BTK","BAZ1B","NFIX"
"BTK","PLCG2","NFIX"
"BTK","RBL2","NFIX"
"BTK","PPP1R14B","NFIX"
"BTK","PABIR1","NFIX"
"BTK","MAPK3","USP14"
"BTK","AKT3","USP14"
"BTK","CHUK","USP14"
"BTK","AKT2","USP14"
"BTK","PTEN","USP14"
"BTK","PRKCQ","USP14"
"BTK","MTOR","USP14"
"BTK","AKT1","USP14"
"BTK","PRKG1","USP14"
"BTK","CCP110","USP14"
"BTK","RPS6K","USP14"
"BTK","CALM2","USP14"
"BTK","ERK1/2","USP14"
"BTK","Gbeta","USP14"
"BTK","LCK","USP14"
"BTK","CDK9","USP14"
"BTK","ABL1","USP14"
"BTK","RPS6KA5","USP14"
"BTK","WNK1","USP14"
"BTK","PDPK1","USP14"
"BTK","SGK1","USP14"
"BTK","MAP2K1","USP14"
"BTK","PRKCB","USP14"
"BTK","PRKCG","USP14"
"BTK","PRKCZ","USP14"
"BTK","CyclinD/CDK4","USP14"
"BTK","MAP3K1","USP14"
"BTK","MAP3K7","USP14"
"BTK","AKT","USP14"
"BTK","IKBKB","USP14"
"BTK","WWTR1","USP14"
"BTK","DOK1","USP14"
"BTK","MAP3K4","USP14"
"BTK","DAPK1","USP14"
"BTK","PXN","USP14"
"BTK","FGG","USP14"
"BTK","LEPR","USP14"
"BTK","ITK","USP14"
"BTK","RPS6KA3","USP14"
"BTK","BCL3","USP14"
"BTK","DVL1","USP14"
"BTK","FZR1","USP14"
"BTK","GRB2","USP14"
"BTK","VCPIP1","USP14"
"BTK","ATR","USP14"
"BTK","SGK3","USP14"
"BTK","PTK6","USP14"
"BTK","IKBKE","USP14"
"BTK","CCND1","USP14"
"BTK","ILK","USP14"
"BTK","STAP1","USP14"
"BTK","TBK1","USP14"
"BTK","SPRED1","USP14"
"BTK","MEK1/2","USP14"
"BTK","PTPN7","USP14"
"BTK","CALM1","USP14"
"BTK","FADD","USP14"
"BTK","STK38","USP14"
"BTK","TLK1","USP14"
"BTK","C9orf72","USP14"
"BTK","CDKN2A","USP14"
"BTK","MAP4K1","USP14"
"BTK","RET","USP14"
"BTK","DDX41","USP14"
"BTK","IKK-complex","USP14"
"BTK","SHC1","USP14"
"BTK","RPS6KA4","USP14"
"BTK","NTRK1","USP14"
"BTK","GPSM3","USP14"
"BTK","RELA","USP14"
"BTK","MAPKAPK5","USP14"
"BTK","EPHA2","USP14"
"BTK","MAP3K8","USP14"
"BTK","PTPRR","USP14"
"BTK","CDKN1B","USP14"
"BTK","FBLIM1","USP14"
"BTK","TEC","USP14"
"BTK","VCP","USP14"
"BTK","GRIP1","USP14"
"BTK","TMIGD2","USP14"
"BTK","CCR2","USP14"
"BTK","STIP1","USP14"
"BTK","PSTPIP1","USP14"
"BTK","ARRB2","USP14"
"BTK","TRAF3","USP14"
"BTK","CRTC2","USP14"
"BTK","CD28","USP14"
"BTK","INPP5D","USP14"
"BTK","FRS2","USP14"
"BTK","CCNE1","USP14"
"BTK","IMPDH2","USP14"
"BTK","SET","USP14"
"BTK","PIK3CG","USP14"
"BTK","SH2B2","USP14"
"BTK","TRPV1","USP14"
"BTK","PPP1R14A","USP14"
"BTK","BCL10","USP14"
"BTK","PIK3R6","USP14"
"BTK","MRE11","USP14"
"BTK","HDAC2","USP14"
"BTK","KSR1","USP14"
"BTK","DDX58","USP14"
"BTK","UBXN2B","USP14"
"BTK","MST1R","USP14"
"BTK","ROR2","USP14"
"BTK","ABI1","USP14"
"BTK","IFIH1","USP14"
"BTK","RAD50","USP14"
"BTK","TTI1","USP14"
"BTK","WDFY3","USP14"
"BTK","LRP6","USP14"
"BTK","GRB14","USP14"
"BTK","HOXB7","USP14"
"BTK","PIK3C3","USP14"
"BTK","RND1","USP14"
"BTK","STING1","USP14"
"BTK","SPEN","USP14"
"BTK","NFKB1","USP14"
"BTK","CTDP1","USP14"
"BTK","TELO2","USP14"
"BTK","BLVRA","USP14"
"BTK","CLSPN","USP14"
"BTK","MAPKAP1","USP14"
"BTK","GRB7","USP14"
"BTK","BAZ1B","USP14"
"BTK","PLCG2","USP14"
"BTK","RBL2","USP14"
"BTK","PPP1R14B","USP14"
"BTK","PABIR1","USP14"
"BTK","MAPK3","AEBP1"
"BTK","AKT3","AEBP1"
"BTK","CHUK","AEBP1"
"BTK","AKT2","AEBP1"
"BTK","PTEN","AEBP1"
"BTK","PRKCQ","AEBP1"
"BTK","MTOR","AEBP1"
"BTK","AKT1","AEBP1"
"BTK","PRKG1","AEBP1"
"BTK","CCP110","AEBP1"
"BTK","RPS6K","AEBP1"
"BTK","CALM2","AEBP1"
"BTK","ERK1/2","AEBP1"
"BTK","Gbeta","AEBP1"
"BTK","LCK","AEBP1"
"BTK","CDK9","AEBP1"
"BTK","ABL1","AEBP1"
"BTK","RPS6KA5","AEBP1"
"BTK","WNK1","AEBP1"
"BTK","PDPK1","AEBP1"
"BTK","SGK1","AEBP1"
"BTK","MAP2K1","AEBP1"
"BTK","PRKCB","AEBP1"
"BTK","PRKCG","AEBP1"
"BTK","PRKCZ","AEBP1"
"BTK","CyclinD/CDK4","AEBP1"
"BTK","MAP3K1","AEBP1"
"BTK","MAP3K7","AEBP1"
"BTK","AKT","AEBP1"
"BTK","IKBKB","AEBP1"
"BTK","WWTR1","AEBP1"
"BTK","DOK1","AEBP1"
"BTK","MAP3K4","AEBP1"
"BTK","DAPK1","AEBP1"
"BTK","PXN","AEBP1"
"BTK","FGG","AEBP1"
"BTK","LEPR","AEBP1"
"BTK","ITK","AEBP1"
"BTK","RPS6KA3","AEBP1"
"BTK","BCL3","AEBP1"
"BTK","DVL1","AEBP1"
"BTK","FZR1","AEBP1"
"BTK","GRB2","AEBP1"
"BTK","VCPIP1","AEBP1"
"BTK","ATR","AEBP1"
"BTK","SGK3","AEBP1"
"BTK","PTK6","AEBP1"
"BTK","IKBKE","AEBP1"
"BTK","CCND1","AEBP1"
"BTK","ILK","AEBP1"
"BTK","STAP1","AEBP1"
"BTK","TBK1","AEBP1"
"BTK","SPRED1","AEBP1"
"BTK","MEK1/2","AEBP1"
"BTK","PTPN7","AEBP1"
"BTK","CALM1","AEBP1"
"BTK","FADD","AEBP1"
"BTK","STK38","AEBP1"
"BTK","TLK1","AEBP1"
"BTK","C9orf72","AEBP1"
"BTK","CDKN2A","AEBP1"
"BTK","MAP4K1","AEBP1"
"BTK","DDX41","AEBP1"
"BTK","IKK-complex","AEBP1"
"BTK","SHC1","AEBP1"
"BTK","RPS6KA4","AEBP1"
"BTK","NTRK1","AEBP1"
"BTK","GPSM3","AEBP1"
"BTK","RELA","AEBP1"
"BTK","MAPKAPK5","AEBP1"
"BTK","EPHA2","AEBP1"
"BTK","MAP3K8","AEBP1"
"BTK","PTPRR","AEBP1"
"BTK","CDKN1B","AEBP1"
"BTK","FBLIM1","AEBP1"
"BTK","TEC","AEBP1"
"BTK","VCP","AEBP1"
"BTK","GRIP1","AEBP1"
"BTK","TMIGD2","AEBP1"
"BTK","CCR2","AEBP1"
"BTK","STIP1","AEBP1"
"BTK","PSTPIP1","AEBP1"
"BTK","ARRB2","AEBP1"
"BTK","TRAF3","AEBP1"
"BTK","CRTC2","AEBP1"
"BTK","CD28","AEBP1"
"BTK","INPP5D","AEBP1"
"BTK","FRS2","AEBP1"
"BTK","CCNE1","AEBP1"
"BTK","IMPDH2","AEBP1"
"BTK","SET","AEBP1"
"BTK","PIK3CG","AEBP1"
"BTK","SH2B2","AEBP1"
"BTK","TRPV1","AEBP1"
"BTK","PPP1R14A","AEBP1"
"BTK","BCL10","AEBP1"
"BTK","PIK3R6","AEBP1"
"BTK","MRE11","AEBP1"
"BTK","HDAC2","AEBP1"
"BTK","KSR1","AEBP1"
"BTK","DDX58","AEBP1"
"BTK","UBXN2B","AEBP1"
"BTK","MST1R","AEBP1"
"BTK","ROR2","AEBP1"
"BTK","ABI1","AEBP1"
"BTK","IFIH1","AEBP1"
"BTK","RAD50","AEBP1"
"BTK","TTI1","AEBP1"
"BTK","WDFY3","AEBP1"
"BTK","LRP6","AEBP1"
"BTK","GRB14","AEBP1"
"BTK","HOXB7","AEBP1"
"BTK","PIK3C3","AEBP1"
"BTK","RND1","AEBP1"
"BTK","STING1","AEBP1"
"BTK","SPEN","AEBP1"
"BTK","NFKB1","AEBP1"
"BTK","CTDP1","AEBP1"
"BTK","TELO2","AEBP1"
"BTK","BLVRA","AEBP1"
"BTK","CLSPN","AEBP1"
"BTK","MAPKAP1","AEBP1"
"BTK","GRB7","AEBP1"
"BTK","BAZ1B","AEBP1"
"BTK","PLCG2","AEBP1"
"BTK","RBL2","AEBP1"
"BTK","PPP1R14B","AEBP1"
"BTK","PABIR1","AEBP1"
"BTK","MAPK3","TPT1"
"BTK","AKT3","TPT1"
"BTK","CHUK","TPT1"
"BTK","AKT2","TPT1"
"BTK","PTEN","TPT1"
"BTK","PRKCQ","TPT1"
"BTK","MTOR","TPT1"
"BTK","AKT1","TPT1"
"BTK","PRKG1","TPT1"
"BTK","CCP110","TPT1"
"BTK","RPS6K","TPT1"
"BTK","CALM2","TPT1"
"BTK","ERK1/2","TPT1"
"BTK","Gbeta","TPT1"
"BTK","LCK","TPT1"
"BTK","CDK9","TPT1"
"BTK","ABL1","TPT1"
"BTK","RPS6KA5","TPT1"
"BTK","WNK1","TPT1"
"BTK","PDPK1","TPT1"
"BTK","SGK1","TPT1"
"BTK","MAP2K1","TPT1"
"BTK","PRKCB","TPT1"
"BTK","PRKCG","TPT1"
"BTK","PRKCZ","TPT1"
"BTK","CyclinD/CDK4","TPT1"
"BTK","MAP3K1","TPT1"
"BTK","MAP3K7","TPT1"
"BTK","AKT","TPT1"
"BTK","IKBKB","TPT1"
"BTK","WWTR1","TPT1"
"BTK","DOK1","TPT1"
"BTK","MAP3K4","TPT1"
"BTK","DAPK1","TPT1"
"BTK","PXN","TPT1"
"BTK","FGG","TPT1"
"BTK","LEPR","TPT1"
"BTK","ITK","TPT1"
"BTK","RPS6KA3","TPT1"
"BTK","BCL3","TPT1"
"BTK","DVL1","TPT1"
"BTK","FZR1","TPT1"
"BTK","GRB2","TPT1"
"BTK","VCPIP1","TPT1"
"BTK","ATR","TPT1"
"BTK","SGK3","TPT1"
"BTK","PTK6","TPT1"
"BTK","IKBKE","TPT1"
"BTK","CCND1","TPT1"
"BTK","ILK","TPT1"
"BTK","STAP1","TPT1"
"BTK","TBK1","TPT1"
"BTK","SPRED1","TPT1"
"BTK","MEK1/2","TPT1"
"BTK","PTPN7","TPT1"
"BTK","CALM1","TPT1"
"BTK","FADD","TPT1"
"BTK","STK38","TPT1"
"BTK","TLK1","TPT1"
"BTK","C9orf72","TPT1"
"BTK","CDKN2A","TPT1"
"BTK","MAP4K1","TPT1"
"BTK","RET","TPT1"
"BTK","DDX41","TPT1"
"BTK","IKK-complex","TPT1"
"BTK","SHC1","TPT1"
"BTK","RPS6KA4","TPT1"
"BTK","NTRK1","TPT1"
"BTK","GPSM3","TPT1"
"BTK","RELA","TPT1"
"BTK","MAPKAPK5","TPT1"
"BTK","EPHA2","TPT1"
"BTK","MAP3K8","TPT1"
"BTK","PTPRR","TPT1"
"BTK","CDKN1B","TPT1"
"BTK","FBLIM1","TPT1"
"BTK","TEC","TPT1"
"BTK","VCP","TPT1"
"BTK","GRIP1","TPT1"
"BTK","TMIGD2","TPT1"
"BTK","CCR2","TPT1"
"BTK","STIP1","TPT1"
"BTK","PSTPIP1","TPT1"
"BTK","ARRB2","TPT1"
"BTK","TRAF3","TPT1"
"BTK","CRTC2","TPT1"
"BTK","CD28","TPT1"
"BTK","INPP5D","TPT1"
"BTK","FRS2","TPT1"
"BTK","CCNE1","TPT1"
"BTK","IMPDH2","TPT1"
"BTK","SET","TPT1"
"BTK","PIK3CG","TPT1"
"BTK","SH2B2","TPT1"
"BTK","TRPV1","TPT1"
"BTK","PPP1R14A","TPT1"
"BTK","BCL10","TPT1"
"BTK","PIK3R6","TPT1"
"BTK","MRE11","TPT1"
"BTK","HDAC2","TPT1"
"BTK","KSR1","TPT1"
"BTK","DDX58","TPT1"
"BTK","UBXN2B","TPT1"
"BTK","MST1R","TPT1"
"BTK","ROR2","TPT1"
"BTK","ABI1","TPT1"
"BTK","IFIH1","TPT1"
"BTK","RAD50","TPT1"
"BTK","TTI1","TPT1"
"BTK","WDFY3","TPT1"
"BTK","LRP6","TPT1"
"BTK","GRB14","TPT1"
"BTK","HOXB7","TPT1"
"BTK","PIK3C3","TPT1"
"BTK","RND1","TPT1"
"BTK","STING1","TPT1"
"BTK","SPEN","TPT1"
"BTK","NFKB1","TPT1"
"BTK","CTDP1","TPT1"
"BTK","TELO2","TPT1"
"BTK","BLVRA","TPT1"
"BTK","CLSPN","TPT1"
"BTK","MAPKAP1","TPT1"
"BTK","GRB7","TPT1"
"BTK","BAZ1B","TPT1"
"BTK","RBL2","TPT1"
"BTK","PPP1R14B","TPT1"
"BTK","PABIR1","TPT1"
"BTK","MAPK3","TERB1"
"BTK","AKT3","TERB1"
"BTK","CHUK","TERB1"
"BTK","AKT2","TERB1"
"BTK","PTEN","TERB1"
"BTK","PRKCQ","TERB1"
"BTK","MTOR","TERB1"
"BTK","AKT1","TERB1"
"BTK","PRKG1","TERB1"
"BTK","CCP110","TERB1"
"BTK","RPS6K","TERB1"
"BTK","CALM2","TERB1"
"BTK","ERK1/2","TERB1"
"BTK","Gbeta","TERB1"
"BTK","LCK","TERB1"
"BTK","CDK9","TERB1"
"BTK","ABL1","TERB1"
"BTK","RPS6KA5","TERB1"
"BTK","WNK1","TERB1"
"BTK","PDPK1","TERB1"
"BTK","SGK1","TERB1"
"BTK","MAP2K1","TERB1"
"BTK","PRKCB","TERB1"
"BTK","PRKCG","TERB1"
"BTK","PRKCZ","TERB1"
"BTK","CyclinD/CDK4","TERB1"
"BTK","MAP3K1","TERB1"
"BTK","MAP3K7","TERB1"
"BTK","AKT","TERB1"
"BTK","IKBKB","TERB1"
"BTK","WWTR1","TERB1"
"BTK","DOK1","TERB1"
"BTK","MAP3K4","TERB1"
"BTK","DAPK1","TERB1"
"BTK","PXN","TERB1"
"BTK","FGG","TERB1"
"BTK","LEPR","TERB1"
"BTK","ITK","TERB1"
"BTK","RPS6KA3","TERB1"
"BTK","BCL3","TERB1"
"BTK","DVL1","TERB1"
"BTK","FZR1","TERB1"
"BTK","GRB2","TERB1"
"BTK","VCPIP1","TERB1"
"BTK","ATR","TERB1"
"BTK","SGK3","TERB1"
"BTK","PTK6","TERB1"
"BTK","IKBKE","TERB1"
"BTK","CCND1","TERB1"
"BTK","ILK","TERB1"
"BTK","STAP1","TERB1"
"BTK","TBK1","TERB1"
"BTK","SPRED1","TERB1"
"BTK","MEK1/2","TERB1"
"BTK","PTPN7","TERB1"
"BTK","CALM1","TERB1"
"BTK","FADD","TERB1"
"BTK","STK38","TERB1"
"BTK","TLK1","TERB1"
"BTK","C9orf72","TERB1"
"BTK","CDKN2A","TERB1"
"BTK","MAP4K1","TERB1"
"BTK","RET","TERB1"
"BTK","DDX41","TERB1"
"BTK","IKK-complex","TERB1"
"BTK","SHC1","TERB1"
"BTK","RPS6KA4","TERB1"
"BTK","NTRK1","TERB1"
"BTK","GPSM3","TERB1"
"BTK","RELA","TERB1"
"BTK","MAPKAPK5","TERB1"
"BTK","EPHA2","TERB1"
"BTK","MAP3K8","TERB1"
"BTK","PTPRR","TERB1"
"BTK","CDKN1B","TERB1"
"BTK","FBLIM1","TERB1"
"BTK","TEC","TERB1"
"BTK","VCP","TERB1"
"BTK","GRIP1","TERB1"
"BTK","TMIGD2","TERB1"
"BTK","CCR2","TERB1"
"BTK","STIP1","TERB1"
"BTK","PSTPIP1","TERB1"
"BTK","ARRB2","TERB1"
"BTK","TRAF3","TERB1"
"BTK","CRTC2","TERB1"
"BTK","CD28","TERB1"
"BTK","INPP5D","TERB1"
"BTK","FRS2","TERB1"
"BTK","CCNE1","TERB1"
"BTK","IMPDH2","TERB1"
"BTK","SET","TERB1"
"BTK","PIK3CG","TERB1"
"BTK","SH2B2","TERB1"
"BTK","TRPV1","TERB1"
"BTK","PPP1R14A","TERB1"
"BTK","BCL10","TERB1"
"BTK","PIK3R6","TERB1"
"BTK","MRE11","TERB1"
"BTK","HDAC2","TERB1"
"BTK","KSR1","TERB1"
"BTK","DDX58","TERB1"
"BTK","UBXN2B","TERB1"
"BTK","MST1R","TERB1"
"BTK","ROR2","TERB1"
"BTK","ABI1","TERB1"
"BTK","IFIH1","TERB1"
"BTK","RAD50","TERB1"
"BTK","TTI1","TERB1"
"BTK","WDFY3","TERB1"
"BTK","LRP6","TERB1"
"BTK","GRB14","TERB1"
"BTK","HOXB7","TERB1"
"BTK","PIK3C3","TERB1"
"BTK","RND1","TERB1"
"BTK","STING1","TERB1"
"BTK","SPEN","TERB1"
"BTK","NFKB1","TERB1"
"BTK","CTDP1","TERB1"
"BTK","TELO2","TERB1"
"BTK","BLVRA","TERB1"
"BTK","CLSPN","TERB1"
"BTK","MAPKAP1","TERB1"
"BTK","GRB7","TERB1"
"BTK","BAZ1B","TERB1"
"BTK","RBL2","TERB1"
"BTK","PPP1R14B","TERB1"
"BTK","PABIR1","TERB1"
"BTK","ITK","SHC2"
"BTK","MAPK3","ARFIP1"
"BTK","AKT3","ARFIP1"
"BTK","CHUK","ARFIP1"
"BTK","AKT2","ARFIP1"
"BTK","PTEN","ARFIP1"
"BTK","PRKCQ","ARFIP1"
"BTK","MTOR","ARFIP1"
"BTK","AKT1","ARFIP1"
"BTK","PRKG1","ARFIP1"
"BTK","CCP110","ARFIP1"
"BTK","RPS6K","ARFIP1"
"BTK","CALM2","ARFIP1"
"BTK","ERK1/2","ARFIP1"
"BTK","Gbeta","ARFIP1"
"BTK","LCK","ARFIP1"
"BTK","CDK9","ARFIP1"
"BTK","ABL1","ARFIP1"
"BTK","RPS6KA5","ARFIP1"
"BTK","WNK1","ARFIP1"
"BTK","PDPK1","ARFIP1"
"BTK","SGK1","ARFIP1"
"BTK","MAP2K1","ARFIP1"
"BTK","PRKCB","ARFIP1"
"BTK","PRKCG","ARFIP1"
"BTK","PRKCZ","ARFIP1"
"BTK","CyclinD/CDK4","ARFIP1"
"BTK","MAP3K1","ARFIP1"
"BTK","MAP3K7","ARFIP1"
"BTK","AKT","ARFIP1"
"BTK","IKBKB","ARFIP1"
"BTK","WWTR1","ARFIP1"
"BTK","DOK1","ARFIP1"
"BTK","MAP3K4","ARFIP1"
"BTK","DAPK1","ARFIP1"
"BTK","PXN","ARFIP1"
"BTK","FGG","ARFIP1"
"BTK","LEPR","ARFIP1"
"BTK","RPS6KA3","ARFIP1"
"BTK","BCL3","ARFIP1"
"BTK","DVL1","ARFIP1"
"BTK","FZR1","ARFIP1"
"BTK","GRB2","ARFIP1"
"BTK","VCPIP1","ARFIP1"
"BTK","ATR","ARFIP1"
"BTK","SGK3","ARFIP1"
"BTK","PTK6","ARFIP1"
"BTK","IKBKE","ARFIP1"
"BTK","CCND1","ARFIP1"
"BTK","ILK","ARFIP1"
"BTK","STAP1","ARFIP1"
"BTK","TBK1","ARFIP1"
"BTK","SPRED1","ARFIP1"
"BTK","MEK1/2","ARFIP1"
"BTK","PTPN7","ARFIP1"
"BTK","CALM1","ARFIP1"
"BTK","FADD","ARFIP1"
"BTK","STK38","ARFIP1"
"BTK","TLK1","ARFIP1"
"BTK","C9orf72","ARFIP1"
"BTK","CDKN2A","ARFIP1"
"BTK","MAP4K1","ARFIP1"
"BTK","RET","ARFIP1"
"BTK","DDX41","ARFIP1"
"BTK","IKK-complex","ARFIP1"
"BTK","SHC1","ARFIP1"
"BTK","RPS6KA4","ARFIP1"
"BTK","NTRK1","ARFIP1"
"BTK","GPSM3","ARFIP1"
"BTK","RELA","ARFIP1"
"BTK","MAPKAPK5","ARFIP1"
"BTK","EPHA2","ARFIP1"
"BTK","MAP3K8","ARFIP1"
"BTK","PTPRR","ARFIP1"
"BTK","CDKN1B","ARFIP1"
"BTK","FBLIM1","ARFIP1"
"BTK","TEC","ARFIP1"
"BTK","VCP","ARFIP1"
"BTK","GRIP1","ARFIP1"
"BTK","TMIGD2","ARFIP1"
"BTK","CCR2","ARFIP1"
"BTK","STIP1","ARFIP1"
"BTK","PSTPIP1","ARFIP1"
"BTK","ARRB2","ARFIP1"
"BTK","TRAF3","ARFIP1"
"BTK","CRTC2","ARFIP1"
"BTK","CD28","ARFIP1"
"BTK","INPP5D","ARFIP1"
"BTK","FRS2","ARFIP1"
"BTK","CCNE1","ARFIP1"
"BTK","IMPDH2","ARFIP1"
"BTK","SET","ARFIP1"
"BTK","PIK3CG","ARFIP1"
"BTK","SH2B2","ARFIP1"
"BTK","TRPV1","ARFIP1"
"BTK","PPP1R14A","ARFIP1"
"BTK","BCL10","ARFIP1"
"BTK","PIK3R6","ARFIP1"
"BTK","MRE11","ARFIP1"
"BTK","HDAC2","ARFIP1"
"BTK","KSR1","ARFIP1"
"BTK","DDX58","ARFIP1"
"BTK","UBXN2B","ARFIP1"
"BTK","MST1R","ARFIP1"
"BTK","ROR2","ARFIP1"
"BTK","ABI1","ARFIP1"
"BTK","IFIH1","ARFIP1"
"BTK","RAD50","ARFIP1"
"BTK","TTI1","ARFIP1"
"BTK","WDFY3","ARFIP1"
"BTK","LRP6","ARFIP1"
"BTK","GRB14","ARFIP1"
"BTK","HOXB7","ARFIP1"
"BTK","PIK3C3","ARFIP1"
"BTK","RND1","ARFIP1"
"BTK","STING1","ARFIP1"
"BTK","SPEN","ARFIP1"
"BTK","NFKB1","ARFIP1"
"BTK","CTDP1","ARFIP1"
"BTK","TELO2","ARFIP1"
"BTK","BLVRA","ARFIP1"
"BTK","CLSPN","ARFIP1"
"BTK","MAPKAP1","ARFIP1"
"BTK","GRB7","ARFIP1"
"BTK","BAZ1B","ARFIP1"
"BTK","PLCG2","ARFIP1"
"BTK","RBL2","ARFIP1"
"BTK","PPP1R14B","ARFIP1"
"BTK","PABIR1","ARFIP1"
"BTK","MAPK3","STAM"
"BTK","AKT3","STAM"
"BTK","CHUK","STAM"
"BTK","AKT2","STAM"
"BTK","PTEN","STAM"
"BTK","PRKCQ","STAM"
"BTK","MTOR","STAM"
"BTK","AKT1","STAM"
"BTK","PRKG1","STAM"
"BTK","CCP110","STAM"
"BTK","RPS6K","STAM"
"BTK","CALM2","STAM"
"BTK","ERK1/2","STAM"
"BTK","Gbeta","STAM"
"BTK","LCK","STAM"
"BTK","CDK9","STAM"
"BTK","ABL1","STAM"
"BTK","RPS6KA5","STAM"
"BTK","WNK1","STAM"
"BTK","PDPK1","STAM"
"BTK","SGK1","STAM"
"BTK","MAP2K1","STAM"
"BTK","PRKCB","STAM"
"BTK","PRKCG","STAM"
"BTK","PRKCZ","STAM"
"BTK","CyclinD/CDK4","STAM"
"BTK","MAP3K1","STAM"
"BTK","MAP3K7","STAM"
"BTK","AKT","STAM"
"BTK","IKBKB","STAM"
"BTK","WWTR1","STAM"
"BTK","DOK1","STAM"
"BTK","MAP3K4","STAM"
"BTK","DAPK1","STAM"
"BTK","PXN","STAM"
"BTK","FGG","STAM"
"BTK","LEPR","STAM"
"BTK","ITK","STAM"
"BTK","RPS6KA3","STAM"
"BTK","BCL3","STAM"
"BTK","DVL1","STAM"
"BTK","FZR1","STAM"
"BTK","GRB2","STAM"
"BTK","VCPIP1","STAM"
"BTK","ATR","STAM"
"BTK","SGK3","STAM"
"BTK","PTK6","STAM"
"BTK","IKBKE","STAM"
"BTK","CCND1","STAM"
"BTK","ILK","STAM"
"BTK","TBK1","STAM"
"BTK","SPRED1","STAM"
"BTK","MEK1/2","STAM"
"BTK","PTPN7","STAM"
"BTK","CALM1","STAM"
"BTK","FADD","STAM"
"BTK","STK38","STAM"
"BTK","TLK1","STAM"
"BTK","C9orf72","STAM"
"BTK","CDKN2A","STAM"
"BTK","MAP4K1","STAM"
"BTK","RET","STAM"
"BTK","DDX41","STAM"
"BTK","IKK-complex","STAM"
"BTK","SHC1","STAM"
"BTK","RPS6KA4","STAM"
"BTK","NTRK1","STAM"
"BTK","GPSM3","STAM"
"BTK","RELA","STAM"
"BTK","MAPKAPK5","STAM"
"BTK","EPHA2","STAM"
"BTK","MAP3K8","STAM"
"BTK","PTPRR","STAM"
"BTK","CDKN1B","STAM"
"BTK","FBLIM1","STAM"
"BTK","VCP","STAM"
"BTK","GRIP1","STAM"
"BTK","TMIGD2","STAM"
"BTK","CCR2","STAM"
"BTK","STIP1","STAM"
"BTK","PSTPIP1","STAM"
"BTK","ARRB2","STAM"
"BTK","TRAF3","STAM"
"BTK","CRTC2","STAM"
"BTK","CD28","STAM"
"BTK","INPP5D","STAM"
"BTK","FRS2","STAM"
"BTK","CCNE1","STAM"
"BTK","IMPDH2","STAM"
"BTK","SET","STAM"
"BTK","PIK3CG","STAM"
"BTK","SH2B2","STAM"
"BTK","TRPV1","STAM"
"BTK","PPP1R14A","STAM"
"BTK","BCL10","STAM"
"BTK","PIK3R6","STAM"
"BTK","MRE11","STAM"
"BTK","HDAC2","STAM"
"BTK","KSR1","STAM"
"BTK","DDX58","STAM"
"BTK","UBXN2B","STAM"
"BTK","MST1R","STAM"
"BTK","ROR2","STAM"
"BTK","ABI1","STAM"
"BTK","IFIH1","STAM"
"BTK","RAD50","STAM"
"BTK","TTI1","STAM"
"BTK","WDFY3","STAM"
"BTK","LRP6","STAM"
"BTK","GRB14","STAM"
"BTK","HOXB7","STAM"
"BTK","PIK3C3","STAM"
"BTK","RND1","STAM"
"BTK","STING1","STAM"
"BTK","SPEN","STAM"
"BTK","NFKB1","STAM"
"BTK","CTDP1","STAM"
"BTK","TELO2","STAM"
"BTK","BLVRA","STAM"
"BTK","CLSPN","STAM"
"BTK","MAPKAP1","STAM"
"BTK","GRB7","STAM"
"BTK","BAZ1B","STAM"
"BTK","PLCG2","STAM"
"BTK","RBL2","STAM"
"BTK","PPP1R14B","STAM"
"BTK","PABIR1","STAM"
"BTK","MAPK3","UGT1A3"
"BTK","AKT3","UGT1A3"
"BTK","CHUK","UGT1A3"
"BTK","AKT2","UGT1A3"
"BTK","PTEN","UGT1A3"
"BTK","PRKCQ","UGT1A3"
"BTK","MTOR","UGT1A3"
"BTK","AKT1","UGT1A3"
"BTK","PRKG1","UGT1A3"
"BTK","CCP110","UGT1A3"
"BTK","RPS6K","UGT1A3"
"BTK","CALM2","UGT1A3"
"BTK","ERK1/2","UGT1A3"
"BTK","Gbeta","UGT1A3"
"BTK","LCK","UGT1A3"
"BTK","CDK9","UGT1A3"
"BTK","ABL1","UGT1A3"
"BTK","RPS6KA5","UGT1A3"
"BTK","WNK1","UGT1A3"
"BTK","PDPK1","UGT1A3"
"BTK","SGK1","UGT1A3"
"BTK","MAP2K1","UGT1A3"
"BTK","PRKCB","UGT1A3"
"BTK","PRKCG","UGT1A3"
"BTK","PRKCZ","UGT1A3"
"BTK","CyclinD/CDK4","UGT1A3"
"BTK","MAP3K1","UGT1A3"
"BTK","MAP3K7","UGT1A3"
"BTK","AKT","UGT1A3"
"BTK","IKBKB","UGT1A3"
"BTK","WWTR1","UGT1A3"
"BTK","DOK1","UGT1A3"
"BTK","MAP3K4","UGT1A3"
"BTK","DAPK1","UGT1A3"
"BTK","PXN","UGT1A3"
"BTK","FGG","UGT1A3"
"BTK","LEPR","UGT1A3"
"BTK","RPS6KA3","UGT1A3"
"BTK","BCL3","UGT1A3"
"BTK","DVL1","UGT1A3"
"BTK","FZR1","UGT1A3"
"BTK","GRB2","UGT1A3"
"BTK","VCPIP1","UGT1A3"
"BTK","ATR","UGT1A3"
"BTK","SGK3","UGT1A3"
"BTK","PTK6","UGT1A3"
"BTK","IKBKE","UGT1A3"
"BTK","CCND1","UGT1A3"
"BTK","ILK","UGT1A3"
"BTK","STAP1","UGT1A3"
"BTK","TBK1","UGT1A3"
"BTK","SPRED1","UGT1A3"
"BTK","MEK1/2","UGT1A3"
"BTK","PTPN7","UGT1A3"
"BTK","CALM1","UGT1A3"
"BTK","FADD","UGT1A3"
"BTK","STK38","UGT1A3"
"BTK","TLK1","UGT1A3"
"BTK","C9orf72","UGT1A3"
"BTK","CDKN2A","UGT1A3"
"BTK","MAP4K1","UGT1A3"
"BTK","RET","UGT1A3"
"BTK","DDX41","UGT1A3"
"BTK","IKK-complex","UGT1A3"
"BTK","SHC1","UGT1A3"
"BTK","RPS6KA4","UGT1A3"
"BTK","NTRK1","UGT1A3"
"BTK","GPSM3","UGT1A3"
"BTK","RELA","UGT1A3"
"BTK","MAPKAPK5","UGT1A3"
"BTK","EPHA2","UGT1A3"
"BTK","MAP3K8","UGT1A3"
"BTK","PTPRR","UGT1A3"
"BTK","CDKN1B","UGT1A3"
"BTK","FBLIM1","UGT1A3"
"BTK","VCP","UGT1A3"
"BTK","GRIP1","UGT1A3"
"BTK","TMIGD2","UGT1A3"
"BTK","CCR2","UGT1A3"
"BTK","STIP1","UGT1A3"
"BTK","PSTPIP1","UGT1A3"
"BTK","ARRB2","UGT1A3"
"BTK","TRAF3","UGT1A3"
"BTK","CRTC2","UGT1A3"
"BTK","CD28","UGT1A3"
"BTK","INPP5D","UGT1A3"
"BTK","FRS2","UGT1A3"
"BTK","CCNE1","UGT1A3"
"BTK","IMPDH2","UGT1A3"
"BTK","SET","UGT1A3"
"BTK","PIK3CG","UGT1A3"
"BTK","SH2B2","UGT1A3"
"BTK","TRPV1","UGT1A3"
"BTK","PPP1R14A","UGT1A3"
"BTK","BCL10","UGT1A3"
"BTK","PIK3R6","UGT1A3"
"BTK","MRE11","UGT1A3"
"BTK","HDAC2","UGT1A3"
"BTK","KSR1","UGT1A3"
"BTK","DDX58","UGT1A3"
"BTK","UBXN2B","UGT1A3"
"BTK","MST1R","UGT1A3"
"BTK","ROR2","UGT1A3"
"BTK","ABI1","UGT1A3"
"BTK","IFIH1","UGT1A3"
"BTK","RAD50","UGT1A3"
"BTK","TTI1","UGT1A3"
"BTK","WDFY3","UGT1A3"
"BTK","LRP6","UGT1A3"
"BTK","GRB14","UGT1A3"
"BTK","HOXB7","UGT1A3"
"BTK","PIK3C3","UGT1A3"
"BTK","RND1","UGT1A3"
"BTK","STING1","UGT1A3"
"BTK","SPEN","UGT1A3"
"BTK","NFKB1","UGT1A3"
"BTK","CTDP1","UGT1A3"
"BTK","TELO2","UGT1A3"
"BTK","BLVRA","UGT1A3"
"BTK","CLSPN","UGT1A3"
"BTK","MAPKAP1","UGT1A3"
"BTK","GRB7","UGT1A3"
"BTK","BAZ1B","UGT1A3"
"BTK","PLCG2","UGT1A3"
"BTK","RBL2","UGT1A3"
"BTK","PPP1R14B","UGT1A3"
"BTK","PABIR1","UGT1A3"
"BTK","MAPK3","MFN1"
"BTK","AKT3","MFN1"
"BTK","CHUK","MFN1"
"BTK","AKT2","MFN1"
"BTK","PTEN","MFN1"
"BTK","PRKCQ","MFN1"
"BTK","MTOR","MFN1"
"BTK","AKT1","MFN1"
"BTK","PRKG1","MFN1"
"BTK","CCP110","MFN1"
"BTK","RPS6K","MFN1"
"BTK","CALM2","MFN1"
"BTK","Gbeta","MFN1"
"BTK","LCK","MFN1"
"BTK","CDK9","MFN1"
"BTK","ABL1","MFN1"
"BTK","RPS6KA5","MFN1"
"BTK","WNK1","MFN1"
"BTK","PDPK1","MFN1"
"BTK","SGK1","MFN1"
"BTK","MAP2K1","MFN1"
"BTK","PRKCB","MFN1"
"BTK","PRKCG","MFN1"
"BTK","PRKCZ","MFN1"
"BTK","CyclinD/CDK4","MFN1"
"BTK","MAP3K1","MFN1"
"BTK","MAP3K7","MFN1"
"BTK","AKT","MFN1"
"BTK","IKBKB","MFN1"
"BTK","WWTR1","MFN1"
"BTK","DOK1","MFN1"
"BTK","MAP3K4","MFN1"
"BTK","DAPK1","MFN1"
"BTK","PXN","MFN1"
"BTK","FGG","MFN1"
"BTK","LEPR","MFN1"
"BTK","ITK","MFN1"
"BTK","RPS6KA3","MFN1"
"BTK","BCL3","MFN1"
"BTK","DVL1","MFN1"
"BTK","FZR1","MFN1"
"BTK","GRB2","MFN1"
"BTK","VCPIP1","MFN1"
"BTK","ATR","MFN1"
"BTK","SGK3","MFN1"
"BTK","PTK6","MFN1"
"BTK","IKBKE","MFN1"
"BTK","CCND1","MFN1"
"BTK","ILK","MFN1"
"BTK","STAP1","MFN1"
"BTK","TBK1","MFN1"
"BTK","SPRED1","MFN1"
"BTK","MEK1/2","MFN1"
"BTK","PTPN7","MFN1"
"BTK","CALM1","MFN1"
"BTK","FADD","MFN1"
"BTK","STK38","MFN1"
"BTK","TLK1","MFN1"
"BTK","C9orf72","MFN1"
"BTK","CDKN2A","MFN1"
"BTK","MAP4K1","MFN1"
"BTK","DDX41","MFN1"
"BTK","IKK-complex","MFN1"
"BTK","SHC1","MFN1"
"BTK","RPS6KA4","MFN1"
"BTK","NTRK1","MFN1"
"BTK","GPSM3","MFN1"
"BTK","RELA","MFN1"
"BTK","MAPKAPK5","MFN1"
"BTK","EPHA2","MFN1"
"BTK","MAP3K8","MFN1"
"BTK","PTPRR","MFN1"
"BTK","CDKN1B","MFN1"
"BTK","FBLIM1","MFN1"
"BTK","TEC","MFN1"
"BTK","VCP","MFN1"
"BTK","GRIP1","MFN1"
"BTK","TMIGD2","MFN1"
"BTK","CCR2","MFN1"
"BTK","STIP1","MFN1"
"BTK","PSTPIP1","MFN1"
"BTK","ARRB2","MFN1"
"BTK","TRAF3","MFN1"
"BTK","CRTC2","MFN1"
"BTK","CD28","MFN1"
"BTK","INPP5D","MFN1"
"BTK","FRS2","MFN1"
"BTK","CCNE1","MFN1"
"BTK","IMPDH2","MFN1"
"BTK","SET","MFN1"
"BTK","PIK3CG","MFN1"
"BTK","SH2B2","MFN1"
"BTK","TRPV1","MFN1"
"BTK","PPP1R14A","MFN1"
"BTK","BCL10","MFN1"
"BTK","PIK3R6","MFN1"
"BTK","MRE11","MFN1"
"BTK","HDAC2","MFN1"
"BTK","KSR1","MFN1"
"BTK","DDX58","MFN1"
"BTK","UBXN2B","MFN1"
"BTK","MST1R","MFN1"
"BTK","ROR2","MFN1"
"BTK","ABI1","MFN1"
"BTK","IFIH1","MFN1"
"BTK","RAD50","MFN1"
"BTK","TTI1","MFN1"
"BTK","WDFY3","MFN1"
"BTK","LRP6","MFN1"
"BTK","GRB14","MFN1"
"BTK","HOXB7","MFN1"
"BTK","PIK3C3","MFN1"
"BTK","RND1","MFN1"
"BTK","STING1","MFN1"
"BTK","SPEN","MFN1"
"BTK","NFKB1","MFN1"
"BTK","CTDP1","MFN1"
"BTK","TELO2","MFN1"
"BTK","BLVRA","MFN1"
"BTK","CLSPN","MFN1"
"BTK","MAPKAP1","MFN1"
"BTK","GRB7","MFN1"
"BTK","BAZ1B","MFN1"
"BTK","PLCG2","MFN1"
"BTK","RBL2","MFN1"
"BTK","PPP1R14B","MFN1"
"BTK","PABIR1","MFN1"
"BTK","MAPK3","EIF2B2"
"BTK","AKT3","EIF2B2"
"BTK","CHUK","EIF2B2"
"BTK","AKT2","EIF2B2"
"BTK","PTEN","EIF2B2"
"BTK","PRKCQ","EIF2B2"
"BTK","MTOR","EIF2B2"
"BTK","AKT1","EIF2B2"
"BTK","PRKG1","EIF2B2"
"BTK","CCP110","EIF2B2"
"BTK","RPS6K","EIF2B2"
"BTK","CALM2","EIF2B2"
"BTK","ERK1/2","EIF2B2"
"BTK","Gbeta","EIF2B2"
"BTK","LCK","EIF2B2"
"BTK","CDK9","EIF2B2"
"BTK","ABL1","EIF2B2"
"BTK","RPS6KA5","EIF2B2"
"BTK","WNK1","EIF2B2"
"BTK","PDPK1","EIF2B2"
"BTK","SGK1","EIF2B2"
"BTK","MAP2K1","EIF2B2"
"BTK","PRKCB","EIF2B2"
"BTK","PRKCG","EIF2B2"
"BTK","PRKCZ","EIF2B2"
"BTK","CyclinD/CDK4","EIF2B2"
"BTK","MAP3K1","EIF2B2"
"BTK","MAP3K7","EIF2B2"
"BTK","AKT","EIF2B2"
"BTK","IKBKB","EIF2B2"
"BTK","WWTR1","EIF2B2"
"BTK","DOK1","EIF2B2"
"BTK","MAP3K4","EIF2B2"
"BTK","DAPK1","EIF2B2"
"BTK","PXN","EIF2B2"
"BTK","FGG","EIF2B2"
"BTK","LEPR","EIF2B2"
"BTK","RPS6KA3","EIF2B2"
"BTK","BCL3","EIF2B2"
"BTK","DVL1","EIF2B2"
"BTK","FZR1","EIF2B2"
"BTK","GRB2","EIF2B2"
"BTK","VCPIP1","EIF2B2"
"BTK","ATR","EIF2B2"
"BTK","SGK3","EIF2B2"
"BTK","PTK6","EIF2B2"
"BTK","IKBKE","EIF2B2"
"BTK","CCND1","EIF2B2"
"BTK","ILK","EIF2B2"
"BTK","STAP1","EIF2B2"
"BTK","TBK1","EIF2B2"
"BTK","SPRED1","EIF2B2"
"BTK","MEK1/2","EIF2B2"
"BTK","PTPN7","EIF2B2"
"BTK","CALM1","EIF2B2"
"BTK","FADD","EIF2B2"
"BTK","STK38","EIF2B2"
"BTK","TLK1","EIF2B2"
"BTK","C9orf72","EIF2B2"
"BTK","CDKN2A","EIF2B2"
"BTK","MAP4K1","EIF2B2"
"BTK","RET","EIF2B2"
"BTK","DDX41","EIF2B2"
"BTK","IKK-complex","EIF2B2"
"BTK","SHC1","EIF2B2"
"BTK","RPS6KA4","EIF2B2"
"BTK","NTRK1","EIF2B2"
"BTK","GPSM3","EIF2B2"
"BTK","RELA","EIF2B2"
"BTK","MAPKAPK5","EIF2B2"
"BTK","EPHA2","EIF2B2"
"BTK","MAP3K8","EIF2B2"
"BTK","PTPRR","EIF2B2"
"BTK","CDKN1B","EIF2B2"
"BTK","FBLIM1","EIF2B2"
"BTK","TEC","EIF2B2"
"BTK","VCP","EIF2B2"
"BTK","GRIP1","EIF2B2"
"BTK","TMIGD2","EIF2B2"
"BTK","CCR2","EIF2B2"
"BTK","STIP1","EIF2B2"
"BTK","PSTPIP1","EIF2B2"
"BTK","ARRB2","EIF2B2"
"BTK","TRAF3","EIF2B2"
"BTK","CRTC2","EIF2B2"
"BTK","CD28","EIF2B2"
"BTK","INPP5D","EIF2B2"
"BTK","FRS2","EIF2B2"
"BTK","CCNE1","EIF2B2"
"BTK","IMPDH2","EIF2B2"
"BTK","SET","EIF2B2"
"BTK","PIK3CG","EIF2B2"
"BTK","SH2B2","EIF2B2"
"BTK","TRPV1","EIF2B2"
"BTK","PPP1R14A","EIF2B2"
"BTK","BCL10","EIF2B2"
"BTK","PIK3R6","EIF2B2"
"BTK","MRE11","EIF2B2"
"BTK","HDAC2","EIF2B2"
"BTK","KSR1","EIF2B2"
"BTK","DDX58","EIF2B2"
"BTK","UBXN2B","EIF2B2"
"BTK","MST1R","EIF2B2"
"BTK","ROR2","EIF2B2"
"BTK","ABI1","EIF2B2"
"BTK","IFIH1","EIF2B2"
"BTK","RAD50","EIF2B2"
"BTK","TTI1","EIF2B2"
"BTK","WDFY3","EIF2B2"
"BTK","LRP6","EIF2B2"
"BTK","GRB14","EIF2B2"
"BTK","HOXB7","EIF2B2"
"BTK","PIK3C3","EIF2B2"
"BTK","RND1","EIF2B2"
"BTK","STING1","EIF2B2"
"BTK","SPEN","EIF2B2"
"BTK","NFKB1","EIF2B2"
"BTK","CTDP1","EIF2B2"
"BTK","TELO2","EIF2B2"
"BTK","BLVRA","EIF2B2"
"BTK","CLSPN","EIF2B2"
"BTK","MAPKAP1","EIF2B2"
"BTK","GRB7","EIF2B2"
"BTK","BAZ1B","EIF2B2"
"BTK","PLCG2","EIF2B2"
"BTK","RBL2","EIF2B2"
"BTK","PPP1R14B","EIF2B2"
"BTK","PABIR1","EIF2B2"
"BTK","MAPK3","REM1"
"BTK","AKT3","REM1"
"BTK","CHUK","REM1"
"BTK","AKT2","REM1"
"BTK","PTEN","REM1"
"BTK","PRKCQ","REM1"
"BTK","MTOR","REM1"
"BTK","AKT1","REM1"
"BTK","PRKG1","REM1"
"BTK","CCP110","REM1"
"BTK","RPS6K","REM1"
"BTK","CALM2","REM1"
"BTK","ERK1/2","REM1"
"BTK","Gbeta","REM1"
"BTK","LCK","REM1"
"BTK","CDK9","REM1"
"BTK","ABL1","REM1"
"BTK","RPS6KA5","REM1"
"BTK","WNK1","REM1"
"BTK","PDPK1","REM1"
"BTK","SGK1","REM1"
"BTK","MAP2K1","REM1"
"BTK","PRKCB","REM1"
"BTK","PRKCG","REM1"
"BTK","PRKCZ","REM1"
"BTK","CyclinD/CDK4","REM1"
"BTK","MAP3K1","REM1"
"BTK","MAP3K7","REM1"
"BTK","AKT","REM1"
"BTK","IKBKB","REM1"
"BTK","WWTR1","REM1"
"BTK","DOK1","REM1"
"BTK","MAP3K4","REM1"
"BTK","DAPK1","REM1"
"BTK","PXN","REM1"
"BTK","FGG","REM1"
"BTK","LEPR","REM1"
"BTK","RPS6KA3","REM1"
"BTK","BCL3","REM1"
"BTK","DVL1","REM1"
"BTK","FZR1","REM1"
"BTK","GRB2","REM1"
"BTK","VCPIP1","REM1"
"BTK","ATR","REM1"
"BTK","SGK3","REM1"
"BTK","PTK6","REM1"
"BTK","IKBKE","REM1"
"BTK","CCND1","REM1"
"BTK","ILK","REM1"
"BTK","STAP1","REM1"
"BTK","TBK1","REM1"
"BTK","SPRED1","REM1"
"BTK","MEK1/2","REM1"
"BTK","PTPN7","REM1"
"BTK","CALM1","REM1"
"BTK","FADD","REM1"
"BTK","STK38","REM1"
"BTK","TLK1","REM1"
"BTK","C9orf72","REM1"
"BTK","CDKN2A","REM1"
"BTK","MAP4K1","REM1"
"BTK","RET","REM1"
"BTK","DDX41","REM1"
"BTK","IKK-complex","REM1"
"BTK","SHC1","REM1"
"BTK","RPS6KA4","REM1"
"BTK","NTRK1","REM1"
"BTK","GPSM3","REM1"
"BTK","RELA","REM1"
"BTK","MAPKAPK5","REM1"
"BTK","EPHA2","REM1"
"BTK","MAP3K8","REM1"
"BTK","PTPRR","REM1"
"BTK","CDKN1B","REM1"
"BTK","FBLIM1","REM1"
"BTK","TEC","REM1"
"BTK","VCP","REM1"
"BTK","GRIP1","REM1"
"BTK","TMIGD2","REM1"
"BTK","CCR2","REM1"
"BTK","STIP1","REM1"
"BTK","PSTPIP1","REM1"
"BTK","ARRB2","REM1"
"BTK","TRAF3","REM1"
"BTK","CRTC2","REM1"
"BTK","CD28","REM1"
"BTK","INPP5D","REM1"
"BTK","FRS2","REM1"
"BTK","CCNE1","REM1"
"BTK","IMPDH2","REM1"
"BTK","SET","REM1"
"BTK","PIK3CG","REM1"
"BTK","SH2B2","REM1"
"BTK","TRPV1","REM1"
"BTK","PPP1R14A","REM1"
"BTK","BCL10","REM1"
"BTK","PIK3R6","REM1"
"BTK","MRE11","REM1"
"BTK","HDAC2","REM1"
"BTK","KSR1","REM1"
"BTK","DDX58","REM1"
"BTK","UBXN2B","REM1"
"BTK","MST1R","REM1"
"BTK","ROR2","REM1"
"BTK","ABI1","REM1"
"BTK","IFIH1","REM1"
"BTK","RAD50","REM1"
"BTK","TTI1","REM1"
"BTK","WDFY3","REM1"
"BTK","LRP6","REM1"
"BTK","GRB14","REM1"
"BTK","HOXB7","REM1"
"BTK","PIK3C3","REM1"
"BTK","RND1","REM1"
"BTK","STING1","REM1"
"BTK","SPEN","REM1"
"BTK","NFKB1","REM1"
"BTK","CTDP1","REM1"
"BTK","TELO2","REM1"
"BTK","BLVRA","REM1"
"BTK","CLSPN","REM1"
"BTK","MAPKAP1","REM1"
"BTK","GRB7","REM1"
"BTK","BAZ1B","REM1"
"BTK","PLCG2","REM1"
"BTK","RBL2","REM1"
"BTK","PPP1R14B","REM1"
"BTK","PABIR1","REM1"
"BTK","MAPK3","FEN1"
"BTK","AKT3","FEN1"
"BTK","CHUK","FEN1"
"BTK","AKT2","FEN1"
"BTK","PTEN","FEN1"
"BTK","PRKCQ","FEN1"
"BTK","MTOR","FEN1"
"BTK","AKT1","FEN1"
"BTK","PRKG1","FEN1"
"BTK","CCP110","FEN1"
"BTK","RPS6K","FEN1"
"BTK","CALM2","FEN1"
"BTK","ERK1/2","FEN1"
"BTK","Gbeta","FEN1"
"BTK","LCK","FEN1"
"BTK","CDK9","FEN1"
"BTK","ABL1","FEN1"
"BTK","RPS6KA5","FEN1"
"BTK","WNK1","FEN1"
"BTK","PDPK1","FEN1"
"BTK","SGK1","FEN1"
"BTK","MAP2K1","FEN1"
"BTK","PRKCB","FEN1"
"BTK","PRKCG","FEN1"
"BTK","PRKCZ","FEN1"
"BTK","CyclinD/CDK4","FEN1"
"BTK","MAP3K1","FEN1"
"BTK","MAP3K7","FEN1"
"BTK","AKT","FEN1"
"BTK","IKBKB","FEN1"
"BTK","WWTR1","FEN1"
"BTK","DOK1","FEN1"
"BTK","MAP3K4","FEN1"
"BTK","DAPK1","FEN1"
"BTK","PXN","FEN1"
"BTK","FGG","FEN1"
"BTK","LEPR","FEN1"
"BTK","ITK","FEN1"
"BTK","RPS6KA3","FEN1"
"BTK","BCL3","FEN1"
"BTK","DVL1","FEN1"
"BTK","FZR1","FEN1"
"BTK","GRB2","FEN1"
"BTK","VCPIP1","FEN1"
"BTK","ATR","FEN1"
"BTK","SGK3","FEN1"
"BTK","PTK6","FEN1"
"BTK","IKBKE","FEN1"
"BTK","CCND1","FEN1"
"BTK","ILK","FEN1"
"BTK","STAP1","FEN1"
"BTK","TBK1","FEN1"
"BTK","SPRED1","FEN1"
"BTK","MEK1/2","FEN1"
"BTK","PTPN7","FEN1"
"BTK","CALM1","FEN1"
"BTK","FADD","FEN1"
"BTK","STK38","FEN1"
"BTK","TLK1","FEN1"
"BTK","C9orf72","FEN1"
"BTK","CDKN2A","FEN1"
"BTK","MAP4K1","FEN1"
"BTK","RET","FEN1"
"BTK","DDX41","FEN1"
"BTK","IKK-complex","FEN1"
"BTK","SHC1","FEN1"
"BTK","RPS6KA4","FEN1"
"BTK","NTRK1","FEN1"
"BTK","GPSM3","FEN1"
"BTK","RELA","FEN1"
"BTK","MAPKAPK5","FEN1"
"BTK","EPHA2","FEN1"
"BTK","MAP3K8","FEN1"
"BTK","PTPRR","FEN1"
"BTK","CDKN1B","FEN1"
"BTK","FBLIM1","FEN1"
"BTK","VCP","FEN1"
"BTK","GRIP1","FEN1"
"BTK","TMIGD2","FEN1"
"BTK","CCR2","FEN1"
"BTK","STIP1","FEN1"
"BTK","PSTPIP1","FEN1"
"BTK","ARRB2","FEN1"
"BTK","TRAF3","FEN1"
"BTK","CRTC2","FEN1"
"BTK","CD28","FEN1"
"BTK","INPP5D","FEN1"
"BTK","FRS2","FEN1"
"BTK","CCNE1","FEN1"
"BTK","IMPDH2","FEN1"
"BTK","SET","FEN1"
"BTK","PIK3CG","FEN1"
"BTK","SH2B2","FEN1"
"BTK","TRPV1","FEN1"
"BTK","PPP1R14A","FEN1"
"BTK","BCL10","FEN1"
"BTK","PIK3R6","FEN1"
"BTK","MRE11","FEN1"
"BTK","HDAC2","FEN1"
"BTK","KSR1","FEN1"
"BTK","DDX58","FEN1"
"BTK","UBXN2B","FEN1"
"BTK","MST1R","FEN1"
"BTK","ROR2","FEN1"
"BTK","ABI1","FEN1"
"BTK","IFIH1","FEN1"
"BTK","RAD50","FEN1"
"BTK","TTI1","FEN1"
"BTK","WDFY3","FEN1"
"BTK","LRP6","FEN1"
"BTK","GRB14","FEN1"
"BTK","HOXB7","FEN1"
"BTK","PIK3C3","FEN1"
"BTK","RND1","FEN1"
"BTK","STING1","FEN1"
"BTK","SPEN","FEN1"
"BTK","NFKB1","FEN1"
"BTK","CTDP1","FEN1"
"BTK","TELO2","FEN1"
"BTK","BLVRA","FEN1"
"BTK","CLSPN","FEN1"
"BTK","MAPKAP1","FEN1"
"BTK","GRB7","FEN1"
"BTK","BAZ1B","FEN1"
"BTK","PLCG2","FEN1"
"BTK","RBL2","FEN1"
"BTK","PPP1R14B","FEN1"
"BTK","PABIR1","FEN1"
"BTK","MAPK3","PPP6R2"
"BTK","AKT3","PPP6R2"
"BTK","CHUK","PPP6R2"
"BTK","AKT2","PPP6R2"
"BTK","PTEN","PPP6R2"
"BTK","PRKCQ","PPP6R2"
"BTK","MTOR","PPP6R2"
"BTK","AKT1","PPP6R2"
"BTK","PRKG1","PPP6R2"
"BTK","CCP110","PPP6R2"
"BTK","RPS6K","PPP6R2"
"BTK","CALM2","PPP6R2"
"BTK","ERK1/2","PPP6R2"
"BTK","Gbeta","PPP6R2"
"BTK","LCK","PPP6R2"
"BTK","CDK9","PPP6R2"
"BTK","ABL1","PPP6R2"
"BTK","RPS6KA5","PPP6R2"
"BTK","WNK1","PPP6R2"
"BTK","PDPK1","PPP6R2"
"BTK","SGK1","PPP6R2"
"BTK","MAP2K1","PPP6R2"
"BTK","PRKCB","PPP6R2"
"BTK","PRKCG","PPP6R2"
"BTK","PRKCZ","PPP6R2"
"BTK","CyclinD/CDK4","PPP6R2"
"BTK","MAP3K1","PPP6R2"
"BTK","MAP3K7","PPP6R2"
"BTK","AKT","PPP6R2"
"BTK","IKBKB","PPP6R2"
"BTK","WWTR1","PPP6R2"
"BTK","DOK1","PPP6R2"
"BTK","MAP3K4","PPP6R2"
"BTK","DAPK1","PPP6R2"
"BTK","PXN","PPP6R2"
"BTK","FGG","PPP6R2"
"BTK","LEPR","PPP6R2"
"BTK","ITK","PPP6R2"
"BTK","RPS6KA3","PPP6R2"
"BTK","BCL3","PPP6R2"
"BTK","DVL1","PPP6R2"
"BTK","FZR1","PPP6R2"
"BTK","GRB2","PPP6R2"
"BTK","VCPIP1","PPP6R2"
"BTK","ATR","PPP6R2"
"BTK","SGK3","PPP6R2"
"BTK","PTK6","PPP6R2"
"BTK","IKBKE","PPP6R2"
"BTK","CCND1","PPP6R2"
"BTK","ILK","PPP6R2"
"BTK","STAP1","PPP6R2"
"BTK","TBK1","PPP6R2"
"BTK","SPRED1","PPP6R2"
"BTK","MEK1/2","PPP6R2"
"BTK","PTPN7","PPP6R2"
"BTK","CALM1","PPP6R2"
"BTK","FADD","PPP6R2"
"BTK","STK38","PPP6R2"
"BTK","TLK1","PPP6R2"
"BTK","C9orf72","PPP6R2"
"BTK","CDKN2A","PPP6R2"
"BTK","MAP4K1","PPP6R2"
"BTK","RET","PPP6R2"
"BTK","DDX41","PPP6R2"
"BTK","IKK-complex","PPP6R2"
"BTK","SHC1","PPP6R2"
"BTK","RPS6KA4","PPP6R2"
"BTK","NTRK1","PPP6R2"
"BTK","GPSM3","PPP6R2"
"BTK","RELA","PPP6R2"
"BTK","MAPKAPK5","PPP6R2"
"BTK","EPHA2","PPP6R2"
"BTK","MAP3K8","PPP6R2"
"BTK","PTPRR","PPP6R2"
"BTK","CDKN1B","PPP6R2"
"BTK","FBLIM1","PPP6R2"
"BTK","VCP","PPP6R2"
"BTK","GRIP1","PPP6R2"
"BTK","TMIGD2","PPP6R2"
"BTK","CCR2","PPP6R2"
"BTK","STIP1","PPP6R2"
"BTK","PSTPIP1","PPP6R2"
"BTK","ARRB2","PPP6R2"
"BTK","TRAF3","PPP6R2"
"BTK","CRTC2","PPP6R2"
"BTK","CD28","PPP6R2"
"BTK","INPP5D","PPP6R2"
"BTK","FRS2","PPP6R2"
"BTK","CCNE1","PPP6R2"
"BTK","IMPDH2","PPP6R2"
"BTK","SET","PPP6R2"
"BTK","PIK3CG","PPP6R2"
"BTK","SH2B2","PPP6R2"
"BTK","TRPV1","PPP6R2"
"BTK","PPP1R14A","PPP6R2"
"BTK","BCL10","PPP6R2"
"BTK","PIK3R6","PPP6R2"
"BTK","MRE11","PPP6R2"
"BTK","HDAC2","PPP6R2"
"BTK","KSR1","PPP6R2"
"BTK","DDX58","PPP6R2"
"BTK","UBXN2B","PPP6R2"
"BTK","MST1R","PPP6R2"
"BTK","ROR2","PPP6R2"
"BTK","ABI1","PPP6R2"
"BTK","IFIH1","PPP6R2"
"BTK","RAD50","PPP6R2"
"BTK","TTI1","PPP6R2"
"BTK","WDFY3","PPP6R2"
"BTK","LRP6","PPP6R2"
"BTK","GRB14","PPP6R2"
"BTK","HOXB7","PPP6R2"
"BTK","PIK3C3","PPP6R2"
"BTK","RND1","PPP6R2"
"BTK","STING1","PPP6R2"
"BTK","SPEN","PPP6R2"
"BTK","NFKB1","PPP6R2"
"BTK","CTDP1","PPP6R2"
"BTK","TELO2","PPP6R2"
"BTK","BLVRA","PPP6R2"
"BTK","CLSPN","PPP6R2"
"BTK","MAPKAP1","PPP6R2"
"BTK","GRB7","PPP6R2"
"BTK","BAZ1B","PPP6R2"
"BTK","PLCG2","PPP6R2"
"BTK","RBL2","PPP6R2"
"BTK","PPP1R14B","PPP6R2"
"BTK","PABIR1","PPP6R2"
"BTK","MAPK3","CETN1"
"BTK","AKT3","CETN1"
"BTK","CHUK","CETN1"
"BTK","AKT2","CETN1"
"BTK","PTEN","CETN1"
"BTK","PRKCQ","CETN1"
"BTK","MTOR","CETN1"
"BTK","AKT1","CETN1"
"BTK","PRKG1","CETN1"
"BTK","RPS6K","CETN1"
"BTK","CALM2","CETN1"
"BTK","ERK1/2","CETN1"
"BTK","Gbeta","CETN1"
"BTK","LCK","CETN1"
"BTK","CDK9","CETN1"
"BTK","ABL1","CETN1"
"BTK","RPS6KA5","CETN1"
"BTK","WNK1","CETN1"
"BTK","PDPK1","CETN1"
"BTK","SGK1","CETN1"
"BTK","MAP2K1","CETN1"
"BTK","PRKCB","CETN1"
"BTK","PRKCG","CETN1"
"BTK","PRKCZ","CETN1"
"BTK","CyclinD/CDK4","CETN1"
"BTK","MAP3K1","CETN1"
"BTK","MAP3K7","CETN1"
"BTK","AKT","CETN1"
"BTK","IKBKB","CETN1"
"BTK","WWTR1","CETN1"
"BTK","DOK1","CETN1"
"BTK","MAP3K4","CETN1"
"BTK","DAPK1","CETN1"
"BTK","PXN","CETN1"
"BTK","FGG","CETN1"
"BTK","LEPR","CETN1"
"BTK","ITK","CETN1"
"BTK","RPS6KA3","CETN1"
"BTK","BCL3","CETN1"
"BTK","DVL1","CETN1"
"BTK","FZR1","CETN1"
"BTK","GRB2","CETN1"
"BTK","VCPIP1","CETN1"
"BTK","ATR","CETN1"
"BTK","SGK3","CETN1"
"BTK","PTK6","CETN1"
"BTK","IKBKE","CETN1"
"BTK","CCND1","CETN1"
"BTK","ILK","CETN1"
"BTK","STAP1","CETN1"
"BTK","TBK1","CETN1"
"BTK","SPRED1","CETN1"
"BTK","MEK1/2","CETN1"
"BTK","PTPN7","CETN1"
"BTK","CALM1","CETN1"
"BTK","FADD","CETN1"
"BTK","STK38","CETN1"
"BTK","TLK1","CETN1"
"BTK","C9orf72","CETN1"
"BTK","CDKN2A","CETN1"
"BTK","MAP4K1","CETN1"
"BTK","RET","CETN1"
"BTK","DDX41","CETN1"
"BTK","IKK-complex","CETN1"
"BTK","SHC1","CETN1"
"BTK","RPS6KA4","CETN1"
"BTK","NTRK1","CETN1"
"BTK","GPSM3","CETN1"
"BTK","RELA","CETN1"
"BTK","MAPKAPK5","CETN1"
"BTK","EPHA2","CETN1"
"BTK","MAP3K8","CETN1"
"BTK","PTPRR","CETN1"
"BTK","CDKN1B","CETN1"
"BTK","FBLIM1","CETN1"
"BTK","TEC","CETN1"
"BTK","VCP","CETN1"
"BTK","GRIP1","CETN1"
"BTK","TMIGD2","CETN1"
"BTK","CCR2","CETN1"
"BTK","STIP1","CETN1"
"BTK","PSTPIP1","CETN1"
"BTK","ARRB2","CETN1"
"BTK","TRAF3","CETN1"
"BTK","CRTC2","CETN1"
"BTK","CD28","CETN1"
"BTK","INPP5D","CETN1"
"BTK","FRS2","CETN1"
"BTK","CCNE1","CETN1"
"BTK","IMPDH2","CETN1"
"BTK","SET","CETN1"
"BTK","PIK3CG","CETN1"
"BTK","SH2B2","CETN1"
"BTK","TRPV1","CETN1"
"BTK","PPP1R14A","CETN1"
"BTK","BCL10","CETN1"
"BTK","PIK3R6","CETN1"
"BTK","MRE11","CETN1"
"BTK","HDAC2","CETN1"
"BTK","KSR1","CETN1"
"BTK","DDX58","CETN1"
"BTK","UBXN2B","CETN1"
"BTK","MST1R","CETN1"
"BTK","ROR2","CETN1"
"BTK","ABI1","CETN1"
"BTK","IFIH1","CETN1"
"BTK","RAD50","CETN1"
"BTK","TTI1","CETN1"
"BTK","WDFY3","CETN1"
"BTK","LRP6","CETN1"
"BTK","GRB14","CETN1"
"BTK","HOXB7","CETN1"
"BTK","PIK3C3","CETN1"
"BTK","RND1","CETN1"
"BTK","STING1","CETN1"
"BTK","SPEN","CETN1"
"BTK","NFKB1","CETN1"
"BTK","CTDP1","CETN1"
"BTK","TELO2","CETN1"
"BTK","BLVRA","CETN1"
"BTK","CLSPN","CETN1"
"BTK","MAPKAP1","CETN1"
"BTK","GRB7","CETN1"
"BTK","BAZ1B","CETN1"
"BTK","RBL2","CETN1"
"BTK","PPP1R14B","CETN1"
"BTK","PABIR1","CETN1"
"BTK","AKT3","NCKIPSD"
"BTK","CHUK","NCKIPSD"
"BTK","AKT2","NCKIPSD"
"BTK","PTEN","NCKIPSD"
"BTK","PRKCQ","NCKIPSD"
"BTK","MTOR","NCKIPSD"
"BTK","AKT1","NCKIPSD"
"BTK","PRKG1","NCKIPSD"
"BTK","CCP110","NCKIPSD"
"BTK","RPS6K","NCKIPSD"
"BTK","CALM2","NCKIPSD"
"BTK","ERK1/2","NCKIPSD"
"BTK","Gbeta","NCKIPSD"
"BTK","LCK","NCKIPSD"
"BTK","CDK9","NCKIPSD"
"BTK","ABL1","NCKIPSD"
"BTK","RPS6KA5","NCKIPSD"
"BTK","WNK1","NCKIPSD"
"BTK","PDPK1","NCKIPSD"
"BTK","SGK1","NCKIPSD"
"BTK","MAP2K1","NCKIPSD"
"BTK","PRKCB","NCKIPSD"
"BTK","PRKCG","NCKIPSD"
"BTK","PRKCZ","NCKIPSD"
"BTK","CyclinD/CDK4","NCKIPSD"
"BTK","MAP3K1","NCKIPSD"
"BTK","MAP3K7","NCKIPSD"
"BTK","AKT","NCKIPSD"
"BTK","IKBKB","NCKIPSD"
"BTK","WWTR1","NCKIPSD"
"BTK","DOK1","NCKIPSD"
"BTK","MAP3K4","NCKIPSD"
"BTK","DAPK1","NCKIPSD"
"BTK","PXN","NCKIPSD"
"BTK","FGG","NCKIPSD"
"BTK","LEPR","NCKIPSD"
"BTK","ITK","NCKIPSD"
"BTK","RPS6KA3","NCKIPSD"
"BTK","BCL3","NCKIPSD"
"BTK","DVL1","NCKIPSD"
"BTK","FZR1","NCKIPSD"
"BTK","GRB2","NCKIPSD"
"BTK","VCPIP1","NCKIPSD"
"BTK","ATR","NCKIPSD"
"BTK","SGK3","NCKIPSD"
"BTK","PTK6","NCKIPSD"
"BTK","IKBKE","NCKIPSD"
"BTK","CCND1","NCKIPSD"
"BTK","ILK","NCKIPSD"
"BTK","STAP1","NCKIPSD"
"BTK","TBK1","NCKIPSD"
"BTK","SPRED1","NCKIPSD"
"BTK","MEK1/2","NCKIPSD"
"BTK","PTPN7","NCKIPSD"
"BTK","CALM1","NCKIPSD"
"BTK","FADD","NCKIPSD"
"BTK","STK38","NCKIPSD"
"BTK","TLK1","NCKIPSD"
"BTK","C9orf72","NCKIPSD"
"BTK","CDKN2A","NCKIPSD"
"BTK","MAP4K1","NCKIPSD"
"BTK","DDX41","NCKIPSD"
"BTK","IKK-complex","NCKIPSD"
"BTK","SHC1","NCKIPSD"
"BTK","RPS6KA4","NCKIPSD"
"BTK","NTRK1","NCKIPSD"
"BTK","GPSM3","NCKIPSD"
"BTK","RELA","NCKIPSD"
"BTK","MAPKAPK5","NCKIPSD"
"BTK","EPHA2","NCKIPSD"
"BTK","MAP3K8","NCKIPSD"
"BTK","PTPRR","NCKIPSD"
"BTK","CDKN1B","NCKIPSD"
"BTK","FBLIM1","NCKIPSD"
"BTK","TEC","NCKIPSD"
"BTK","VCP","NCKIPSD"
"BTK","GRIP1","NCKIPSD"
"BTK","TMIGD2","NCKIPSD"
"BTK","CCR2","NCKIPSD"
"BTK","STIP1","NCKIPSD"
"BTK","PSTPIP1","NCKIPSD"
"BTK","ARRB2","NCKIPSD"
"BTK","TRAF3","NCKIPSD"
"BTK","CRTC2","NCKIPSD"
"BTK","CD28","NCKIPSD"
"BTK","INPP5D","NCKIPSD"
"BTK","FRS2","NCKIPSD"
"BTK","CCNE1","NCKIPSD"
"BTK","IMPDH2","NCKIPSD"
"BTK","SET","NCKIPSD"
"BTK","PIK3CG","NCKIPSD"
"BTK","SH2B2","NCKIPSD"
"BTK","TRPV1","NCKIPSD"
"BTK","PPP1R14A","NCKIPSD"
"BTK","BCL10","NCKIPSD"
"BTK","PIK3R6","NCKIPSD"
"BTK","MRE11","NCKIPSD"
"BTK","HDAC2","NCKIPSD"
"BTK","KSR1","NCKIPSD"
"BTK","DDX58","NCKIPSD"
"BTK","UBXN2B","NCKIPSD"
"BTK","MST1R","NCKIPSD"
"BTK","ROR2","NCKIPSD"
"BTK","ABI1","NCKIPSD"
"BTK","IFIH1","NCKIPSD"
"BTK","RAD50","NCKIPSD"
"BTK","TTI1","NCKIPSD"
"BTK","WDFY3","NCKIPSD"
"BTK","LRP6","NCKIPSD"
"BTK","GRB14","NCKIPSD"
"BTK","HOXB7","NCKIPSD"
"BTK","PIK3C3","NCKIPSD"
"BTK","RND1","NCKIPSD"
"BTK","STING1","NCKIPSD"
"BTK","SPEN","NCKIPSD"
"BTK","NFKB1","NCKIPSD"
"BTK","CTDP1","NCKIPSD"
"BTK","TELO2","NCKIPSD"
"BTK","BLVRA","NCKIPSD"
"BTK","CLSPN","NCKIPSD"
"BTK","MAPKAP1","NCKIPSD"
"BTK","GRB7","NCKIPSD"
"BTK","BAZ1B","NCKIPSD"
"BTK","PLCG2","NCKIPSD"
"BTK","RBL2","NCKIPSD"
"BTK","PPP1R14B","NCKIPSD"
"BTK","PABIR1","NCKIPSD"
"BTK","MAPK3","ARHGAP31"
"BTK","AKT3","ARHGAP31"
"BTK","CHUK","ARHGAP31"
"BTK","AKT2","ARHGAP31"
"BTK","PTEN","ARHGAP31"
"BTK","PRKCQ","ARHGAP31"
"BTK","MTOR","ARHGAP31"
"BTK","AKT1","ARHGAP31"
"BTK","PRKG1","ARHGAP31"
"BTK","CCP110","ARHGAP31"
"BTK","RPS6K","ARHGAP31"
"BTK","CALM2","ARHGAP31"
"BTK","Gbeta","ARHGAP31"
"BTK","LCK","ARHGAP31"
"BTK","CDK9","ARHGAP31"
"BTK","ABL1","ARHGAP31"
"BTK","RPS6KA5","ARHGAP31"
"BTK","WNK1","ARHGAP31"
"BTK","PDPK1","ARHGAP31"
"BTK","SGK1","ARHGAP31"
"BTK","MAP2K1","ARHGAP31"
"BTK","PRKCB","ARHGAP31"
"BTK","PRKCG","ARHGAP31"
"BTK","PRKCZ","ARHGAP31"
"BTK","CyclinD/CDK4","ARHGAP31"
"BTK","MAP3K1","ARHGAP31"
"BTK","MAP3K7","ARHGAP31"
"BTK","AKT","ARHGAP31"
"BTK","IKBKB","ARHGAP31"
"BTK","WWTR1","ARHGAP31"
"BTK","DOK1","ARHGAP31"
"BTK","MAP3K4","ARHGAP31"
"BTK","DAPK1","ARHGAP31"
"BTK","PXN","ARHGAP31"
"BTK","FGG","ARHGAP31"
"BTK","LEPR","ARHGAP31"
"BTK","ITK","ARHGAP31"
"BTK","RPS6KA3","ARHGAP31"
"BTK","BCL3","ARHGAP31"
"BTK","DVL1","ARHGAP31"
"BTK","FZR1","ARHGAP31"
"BTK","GRB2","ARHGAP31"
"BTK","VCPIP1","ARHGAP31"
"BTK","ATR","ARHGAP31"
"BTK","SGK3","ARHGAP31"
"BTK","PTK6","ARHGAP31"
"BTK","IKBKE","ARHGAP31"
"BTK","CCND1","ARHGAP31"
"BTK","ILK","ARHGAP31"
"BTK","STAP1","ARHGAP31"
"BTK","TBK1","ARHGAP31"
"BTK","SPRED1","ARHGAP31"
"BTK","MEK1/2","ARHGAP31"
"BTK","PTPN7","ARHGAP31"
"BTK","CALM1","ARHGAP31"
"BTK","FADD","ARHGAP31"
"BTK","STK38","ARHGAP31"
"BTK","TLK1","ARHGAP31"
"BTK","C9orf72","ARHGAP31"
"BTK","CDKN2A","ARHGAP31"
"BTK","MAP4K1","ARHGAP31"
"BTK","DDX41","ARHGAP31"
"BTK","IKK-complex","ARHGAP31"
"BTK","SHC1","ARHGAP31"
"BTK","RPS6KA4","ARHGAP31"
"BTK","NTRK1","ARHGAP31"
"BTK","GPSM3","ARHGAP31"
"BTK","RELA","ARHGAP31"
"BTK","MAPKAPK5","ARHGAP31"
"BTK","EPHA2","ARHGAP31"
"BTK","MAP3K8","ARHGAP31"
"BTK","PTPRR","ARHGAP31"
"BTK","CDKN1B","ARHGAP31"
"BTK","FBLIM1","ARHGAP31"
"BTK","TEC","ARHGAP31"
"BTK","VCP","ARHGAP31"
"BTK","GRIP1","ARHGAP31"
"BTK","TMIGD2","ARHGAP31"
"BTK","CCR2","ARHGAP31"
"BTK","STIP1","ARHGAP31"
"BTK","PSTPIP1","ARHGAP31"
"BTK","ARRB2","ARHGAP31"
"BTK","TRAF3","ARHGAP31"
"BTK","CRTC2","ARHGAP31"
"BTK","CD28","ARHGAP31"
"BTK","INPP5D","ARHGAP31"
"BTK","FRS2","ARHGAP31"
"BTK","CCNE1","ARHGAP31"
"BTK","IMPDH2","ARHGAP31"
"BTK","SET","ARHGAP31"
"BTK","PIK3CG","ARHGAP31"
"BTK","SH2B2","ARHGAP31"
"BTK","TRPV1","ARHGAP31"
"BTK","PPP1R14A","ARHGAP31"
"BTK","BCL10","ARHGAP31"
"BTK","PIK3R6","ARHGAP31"
"BTK","MRE11","ARHGAP31"
"BTK","HDAC2","ARHGAP31"
"BTK","KSR1","ARHGAP31"
"BTK","DDX58","ARHGAP31"
"BTK","UBXN2B","ARHGAP31"
"BTK","MST1R","ARHGAP31"
"BTK","ROR2","ARHGAP31"
"BTK","ABI1","ARHGAP31"
"BTK","IFIH1","ARHGAP31"
"BTK","RAD50","ARHGAP31"
"BTK","TTI1","ARHGAP31"
"BTK","WDFY3","ARHGAP31"
"BTK","LRP6","ARHGAP31"
"BTK","GRB14","ARHGAP31"
"BTK","HOXB7","ARHGAP31"
"BTK","PIK3C3","ARHGAP31"
"BTK","RND1","ARHGAP31"
"BTK","STING1","ARHGAP31"
"BTK","SPEN","ARHGAP31"
"BTK","NFKB1","ARHGAP31"
"BTK","CTDP1","ARHGAP31"
"BTK","TELO2","ARHGAP31"
"BTK","BLVRA","ARHGAP31"
"BTK","CLSPN","ARHGAP31"
"BTK","MAPKAP1","ARHGAP31"
"BTK","GRB7","ARHGAP31"
"BTK","BAZ1B","ARHGAP31"
"BTK","PLCG2","ARHGAP31"
"BTK","RBL2","ARHGAP31"
"BTK","PPP1R14B","ARHGAP31"
"BTK","PABIR1","ARHGAP31"
"BTK","MAPK3","TUBA1C"
"BTK","AKT3","TUBA1C"
"BTK","CHUK","TUBA1C"
"BTK","AKT2","TUBA1C"
"BTK","PTEN","TUBA1C"
"BTK","PRKCQ","TUBA1C"
"BTK","MTOR","TUBA1C"
"BTK","AKT1","TUBA1C"
"BTK","PRKG1","TUBA1C"
"BTK","CCP110","TUBA1C"
"BTK","RPS6K","TUBA1C"
"BTK","CALM2","TUBA1C"
"BTK","ERK1/2","TUBA1C"
"BTK","Gbeta","TUBA1C"
"BTK","LCK","TUBA1C"
"BTK","CDK9","TUBA1C"
"BTK","ABL1","TUBA1C"
"BTK","RPS6KA5","TUBA1C"
"BTK","WNK1","TUBA1C"
"BTK","PDPK1","TUBA1C"
"BTK","SGK1","TUBA1C"
"BTK","MAP2K1","TUBA1C"
"BTK","PRKCB","TUBA1C"
"BTK","PRKCG","TUBA1C"
"BTK","PRKCZ","TUBA1C"
"BTK","CyclinD/CDK4","TUBA1C"
"BTK","MAP3K1","TUBA1C"
"BTK","MAP3K7","TUBA1C"
"BTK","AKT","TUBA1C"
"BTK","IKBKB","TUBA1C"
"BTK","WWTR1","TUBA1C"
"BTK","DOK1","TUBA1C"
"BTK","MAP3K4","TUBA1C"
"BTK","DAPK1","TUBA1C"
"BTK","PXN","TUBA1C"
"BTK","FGG","TUBA1C"
"BTK","LEPR","TUBA1C"
"BTK","ITK","TUBA1C"
"BTK","RPS6KA3","TUBA1C"
"BTK","BCL3","TUBA1C"
"BTK","DVL1","TUBA1C"
"BTK","FZR1","TUBA1C"
"BTK","GRB2","TUBA1C"
"BTK","VCPIP1","TUBA1C"
"BTK","ATR","TUBA1C"
"BTK","SGK3","TUBA1C"
"BTK","PTK6","TUBA1C"
"BTK","IKBKE","TUBA1C"
"BTK","CCND1","TUBA1C"
"BTK","ILK","TUBA1C"
"BTK","STAP1","TUBA1C"
"BTK","TBK1","TUBA1C"
"BTK","SPRED1","TUBA1C"
"BTK","MEK1/2","TUBA1C"
"BTK","PTPN7","TUBA1C"
"BTK","CALM1","TUBA1C"
"BTK","FADD","TUBA1C"
"BTK","STK38","TUBA1C"
"BTK","TLK1","TUBA1C"
"BTK","C9orf72","TUBA1C"
"BTK","CDKN2A","TUBA1C"
"BTK","MAP4K1","TUBA1C"
"BTK","RET","TUBA1C"
"BTK","DDX41","TUBA1C"
"BTK","IKK-complex","TUBA1C"
"BTK","SHC1","TUBA1C"
"BTK","RPS6KA4","TUBA1C"
"BTK","NTRK1","TUBA1C"
"BTK","GPSM3","TUBA1C"
"BTK","RELA","TUBA1C"
"BTK","MAPKAPK5","TUBA1C"
"BTK","EPHA2","TUBA1C"
"BTK","MAP3K8","TUBA1C"
"BTK","PTPRR","TUBA1C"
"BTK","CDKN1B","TUBA1C"
"BTK","FBLIM1","TUBA1C"
"BTK","TEC","TUBA1C"
"BTK","VCP","TUBA1C"
"BTK","GRIP1","TUBA1C"
"BTK","TMIGD2","TUBA1C"
"BTK","CCR2","TUBA1C"
"BTK","STIP1","TUBA1C"
"BTK","PSTPIP1","TUBA1C"
"BTK","ARRB2","TUBA1C"
"BTK","TRAF3","TUBA1C"
"BTK","CRTC2","TUBA1C"
"BTK","CD28","TUBA1C"
"BTK","INPP5D","TUBA1C"
"BTK","FRS2","TUBA1C"
"BTK","CCNE1","TUBA1C"
"BTK","IMPDH2","TUBA1C"
"BTK","SET","TUBA1C"
"BTK","PIK3CG","TUBA1C"
"BTK","SH2B2","TUBA1C"
"BTK","TRPV1","TUBA1C"
"BTK","PPP1R14A","TUBA1C"
"BTK","BCL10","TUBA1C"
"BTK","PIK3R6","TUBA1C"
"BTK","MRE11","TUBA1C"
"BTK","HDAC2","TUBA1C"
"BTK","KSR1","TUBA1C"
"BTK","DDX58","TUBA1C"
"BTK","UBXN2B","TUBA1C"
"BTK","MST1R","TUBA1C"
"BTK","ROR2","TUBA1C"
"BTK","ABI1","TUBA1C"
"BTK","IFIH1","TUBA1C"
"BTK","RAD50","TUBA1C"
"BTK","TTI1","TUBA1C"
"BTK","WDFY3","TUBA1C"
"BTK","LRP6","TUBA1C"
"BTK","GRB14","TUBA1C"
"BTK","HOXB7","TUBA1C"
"BTK","PIK3C3","TUBA1C"
"BTK","RND1","TUBA1C"
"BTK","STING1","TUBA1C"
"BTK","SPEN","TUBA1C"
"BTK","NFKB1","TUBA1C"
"BTK","CTDP1","TUBA1C"
"BTK","TELO2","TUBA1C"
"BTK","BLVRA","TUBA1C"
"BTK","CLSPN","TUBA1C"
"BTK","MAPKAP1","TUBA1C"
"BTK","GRB7","TUBA1C"
"BTK","BAZ1B","TUBA1C"
"BTK","RBL2","TUBA1C"
"BTK","PPP1R14B","TUBA1C"
"BTK","PABIR1","TUBA1C"
"BTK","MAPK3","ZNF692"
"BTK","AKT3","ZNF692"
"BTK","CHUK","ZNF692"
"BTK","AKT2","ZNF692"
"BTK","PTEN","ZNF692"
"BTK","PRKCQ","ZNF692"
"BTK","MTOR","ZNF692"
"BTK","AKT1","ZNF692"
"BTK","PRKG1","ZNF692"
"BTK","CCP110","ZNF692"
"BTK","RPS6K","ZNF692"
"BTK","CALM2","ZNF692"
"BTK","ERK1/2","ZNF692"
"BTK","Gbeta","ZNF692"
"BTK","LCK","ZNF692"
"BTK","CDK9","ZNF692"
"BTK","ABL1","ZNF692"
"BTK","RPS6KA5","ZNF692"
"BTK","WNK1","ZNF692"
"BTK","PDPK1","ZNF692"
"BTK","SGK1","ZNF692"
"BTK","MAP2K1","ZNF692"
"BTK","PRKCB","ZNF692"
"BTK","PRKCG","ZNF692"
"BTK","PRKCZ","ZNF692"
"BTK","CyclinD/CDK4","ZNF692"
"BTK","MAP3K1","ZNF692"
"BTK","MAP3K7","ZNF692"
"BTK","AKT","ZNF692"
"BTK","IKBKB","ZNF692"
"BTK","WWTR1","ZNF692"
"BTK","DOK1","ZNF692"
"BTK","MAP3K4","ZNF692"
"BTK","DAPK1","ZNF692"
"BTK","PXN","ZNF692"
"BTK","FGG","ZNF692"
"BTK","LEPR","ZNF692"
"BTK","RPS6KA3","ZNF692"
"BTK","BCL3","ZNF692"
"BTK","DVL1","ZNF692"
"BTK","FZR1","ZNF692"
"BTK","GRB2","ZNF692"
"BTK","VCPIP1","ZNF692"
"BTK","ATR","ZNF692"
"BTK","SGK3","ZNF692"
"BTK","PTK6","ZNF692"
"BTK","IKBKE","ZNF692"
"BTK","CCND1","ZNF692"
"BTK","ILK","ZNF692"
"BTK","STAP1","ZNF692"
"BTK","TBK1","ZNF692"
"BTK","SPRED1","ZNF692"
"BTK","MEK1/2","ZNF692"
"BTK","PTPN7","ZNF692"
"BTK","CALM1","ZNF692"
"BTK","FADD","ZNF692"
"BTK","STK38","ZNF692"
"BTK","TLK1","ZNF692"
"BTK","C9orf72","ZNF692"
"BTK","CDKN2A","ZNF692"
"BTK","MAP4K1","ZNF692"
"BTK","RET","ZNF692"
"BTK","DDX41","ZNF692"
"BTK","IKK-complex","ZNF692"
"BTK","SHC1","ZNF692"
"BTK","RPS6KA4","ZNF692"
"BTK","NTRK1","ZNF692"
"BTK","GPSM3","ZNF692"
"BTK","RELA","ZNF692"
"BTK","MAPKAPK5","ZNF692"
"BTK","EPHA2","ZNF692"
"BTK","MAP3K8","ZNF692"
"BTK","PTPRR","ZNF692"
"BTK","CDKN1B","ZNF692"
"BTK","FBLIM1","ZNF692"
"BTK","TEC","ZNF692"
"BTK","VCP","ZNF692"
"BTK","GRIP1","ZNF692"
"BTK","TMIGD2","ZNF692"
"BTK","CCR2","ZNF692"
"BTK","STIP1","ZNF692"
"BTK","PSTPIP1","ZNF692"
"BTK","ARRB2","ZNF692"
"BTK","TRAF3","ZNF692"
"BTK","CRTC2","ZNF692"
"BTK","CD28","ZNF692"
"BTK","INPP5D","ZNF692"
"BTK","FRS2","ZNF692"
"BTK","CCNE1","ZNF692"
"BTK","IMPDH2","ZNF692"
"BTK","SET","ZNF692"
"BTK","PIK3CG","ZNF692"
"BTK","SH2B2","ZNF692"
"BTK","TRPV1","ZNF692"
"BTK","PPP1R14A","ZNF692"
"BTK","BCL10","ZNF692"
"BTK","PIK3R6","ZNF692"
"BTK","MRE11","ZNF692"
"BTK","HDAC2","ZNF692"
"BTK","KSR1","ZNF692"
"BTK","DDX58","ZNF692"
"BTK","UBXN2B","ZNF692"
"BTK","MST1R","ZNF692"
"BTK","ROR2","ZNF692"
"BTK","ABI1","ZNF692"
"BTK","IFIH1","ZNF692"
"BTK","RAD50","ZNF692"
"BTK","TTI1","ZNF692"
"BTK","WDFY3","ZNF692"
"BTK","LRP6","ZNF692"
"BTK","GRB14","ZNF692"
"BTK","HOXB7","ZNF692"
"BTK","PIK3C3","ZNF692"
"BTK","RND1","ZNF692"
"BTK","STING1","ZNF692"
"BTK","SPEN","ZNF692"
"BTK","NFKB1","ZNF692"
"BTK","CTDP1","ZNF692"
"BTK","TELO2","ZNF692"
"BTK","BLVRA","ZNF692"
"BTK","CLSPN","ZNF692"
"BTK","MAPKAP1","ZNF692"
"BTK","GRB7","ZNF692"
"BTK","BAZ1B","ZNF692"
"BTK","PLCG2","ZNF692"
"BTK","RBL2","ZNF692"
"BTK","PPP1R14B","ZNF692"
"BTK","PABIR1","ZNF692"
"BTK","MAPK3","REPS2"
"BTK","AKT3","REPS2"
"BTK","CHUK","REPS2"
"BTK","AKT2","REPS2"
"BTK","PTEN","REPS2"
"BTK","PRKCQ","REPS2"
"BTK","MTOR","REPS2"
"BTK","AKT1","REPS2"
"BTK","PRKG1","REPS2"
"BTK","CCP110","REPS2"
"BTK","RPS6K","REPS2"
"BTK","CALM2","REPS2"
"BTK","ERK1/2","REPS2"
"BTK","Gbeta","REPS2"
"BTK","LCK","REPS2"
"BTK","CDK9","REPS2"
"BTK","ABL1","REPS2"
"BTK","RPS6KA5","REPS2"
"BTK","WNK1","REPS2"
"BTK","PDPK1","REPS2"
"BTK","SGK1","REPS2"
"BTK","MAP2K1","REPS2"
"BTK","PRKCB","REPS2"
"BTK","PRKCG","REPS2"
"BTK","PRKCZ","REPS2"
"BTK","CyclinD/CDK4","REPS2"
"BTK","MAP3K1","REPS2"
"BTK","MAP3K7","REPS2"
"BTK","AKT","REPS2"
"BTK","IKBKB","REPS2"
"BTK","WWTR1","REPS2"
"BTK","DOK1","REPS2"
"BTK","MAP3K4","REPS2"
"BTK","DAPK1","REPS2"
"BTK","PXN","REPS2"
"BTK","FGG","REPS2"
"BTK","LEPR","REPS2"
"BTK","ITK","REPS2"
"BTK","RPS6KA3","REPS2"
"BTK","BCL3","REPS2"
"BTK","DVL1","REPS2"
"BTK","FZR1","REPS2"
"BTK","GRB2","REPS2"
"BTK","VCPIP1","REPS2"
"BTK","ATR","REPS2"
"BTK","SGK3","REPS2"
"BTK","PTK6","REPS2"
"BTK","IKBKE","REPS2"
"BTK","CCND1","REPS2"
"BTK","ILK","REPS2"
"BTK","STAP1","REPS2"
"BTK","TBK1","REPS2"
"BTK","SPRED1","REPS2"
"BTK","MEK1/2","REPS2"
"BTK","PTPN7","REPS2"
"BTK","CALM1","REPS2"
"BTK","FADD","REPS2"
"BTK","STK38","REPS2"
"BTK","TLK1","REPS2"
"BTK","C9orf72","REPS2"
"BTK","CDKN2A","REPS2"
"BTK","MAP4K1","REPS2"
"BTK","RET","REPS2"
"BTK","DDX41","REPS2"
"BTK","IKK-complex","REPS2"
"BTK","SHC1","REPS2"
"BTK","RPS6KA4","REPS2"
"BTK","NTRK1","REPS2"
"BTK","GPSM3","REPS2"
"BTK","RELA","REPS2"
"BTK","MAPKAPK5","REPS2"
"BTK","EPHA2","REPS2"
"BTK","MAP3K8","REPS2"
"BTK","PTPRR","REPS2"
"BTK","CDKN1B","REPS2"
"BTK","FBLIM1","REPS2"
"BTK","VCP","REPS2"
"BTK","GRIP1","REPS2"
"BTK","TMIGD2","REPS2"
"BTK","CCR2","REPS2"
"BTK","STIP1","REPS2"
"BTK","PSTPIP1","REPS2"
"BTK","ARRB2","REPS2"
"BTK","TRAF3","REPS2"
"BTK","CRTC2","REPS2"
"BTK","CD28","REPS2"
"BTK","INPP5D","REPS2"
"BTK","FRS2","REPS2"
"BTK","CCNE1","REPS2"
"BTK","IMPDH2","REPS2"
"BTK","SET","REPS2"
"BTK","PIK3CG","REPS2"
"BTK","SH2B2","REPS2"
"BTK","TRPV1","REPS2"
"BTK","PPP1R14A","REPS2"
"BTK","BCL10","REPS2"
"BTK","PIK3R6","REPS2"
"BTK","MRE11","REPS2"
"BTK","HDAC2","REPS2"
"BTK","KSR1","REPS2"
"BTK","DDX58","REPS2"
"BTK","UBXN2B","REPS2"
"BTK","MST1R","REPS2"
"BTK","ROR2","REPS2"
"BTK","ABI1","REPS2"
"BTK","IFIH1","REPS2"
"BTK","RAD50","REPS2"
"BTK","TTI1","REPS2"
"BTK","WDFY3","REPS2"
"BTK","LRP6","REPS2"
"BTK","GRB14","REPS2"
"BTK","HOXB7","REPS2"
"BTK","PIK3C3","REPS2"
"BTK","RND1","REPS2"
"BTK","STING1","REPS2"
"BTK","SPEN","REPS2"
"BTK","NFKB1","REPS2"
"BTK","CTDP1","REPS2"
"BTK","TELO2","REPS2"
"BTK","BLVRA","REPS2"
"BTK","CLSPN","REPS2"
"BTK","MAPKAP1","REPS2"
"BTK","GRB7","REPS2"
"BTK","BAZ1B","REPS2"
"BTK","PLCG2","REPS2"
"BTK","RBL2","REPS2"
"BTK","PPP1R14B","REPS2"
"BTK","PABIR1","REPS2"
"BTK","MAPK3","HECTD3"
"BTK","AKT3","HECTD3"
"BTK","CHUK","HECTD3"
"BTK","AKT2","HECTD3"
"BTK","PTEN","HECTD3"
"BTK","PRKCQ","HECTD3"
"BTK","MTOR","HECTD3"
"BTK","AKT1","HECTD3"
"BTK","PRKG1","HECTD3"
"BTK","CCP110","HECTD3"
"BTK","RPS6K","HECTD3"
"BTK","CALM2","HECTD3"
"BTK","Gbeta","HECTD3"
"BTK","LCK","HECTD3"
"BTK","CDK9","HECTD3"
"BTK","ABL1","HECTD3"
"BTK","RPS6KA5","HECTD3"
"BTK","WNK1","HECTD3"
"BTK","PDPK1","HECTD3"
"BTK","SGK1","HECTD3"
"BTK","MAP2K1","HECTD3"
"BTK","PRKCB","HECTD3"
"BTK","PRKCG","HECTD3"
"BTK","PRKCZ","HECTD3"
"BTK","CyclinD/CDK4","HECTD3"
"BTK","MAP3K1","HECTD3"
"BTK","MAP3K7","HECTD3"
"BTK","AKT","HECTD3"
"BTK","IKBKB","HECTD3"
"BTK","WWTR1","HECTD3"
"BTK","DOK1","HECTD3"
"BTK","MAP3K4","HECTD3"
"BTK","DAPK1","HECTD3"
"BTK","PXN","HECTD3"
"BTK","FGG","HECTD3"
"BTK","LEPR","HECTD3"
"BTK","ITK","HECTD3"
"BTK","RPS6KA3","HECTD3"
"BTK","BCL3","HECTD3"
"BTK","DVL1","HECTD3"
"BTK","FZR1","HECTD3"
"BTK","GRB2","HECTD3"
"BTK","VCPIP1","HECTD3"
"BTK","ATR","HECTD3"
"BTK","SGK3","HECTD3"
"BTK","PTK6","HECTD3"
"BTK","IKBKE","HECTD3"
"BTK","CCND1","HECTD3"
"BTK","ILK","HECTD3"
"BTK","STAP1","HECTD3"
"BTK","TBK1","HECTD3"
"BTK","SPRED1","HECTD3"
"BTK","MEK1/2","HECTD3"
"BTK","PTPN7","HECTD3"
"BTK","CALM1","HECTD3"
"BTK","FADD","HECTD3"
"BTK","STK38","HECTD3"
"BTK","TLK1","HECTD3"
"BTK","C9orf72","HECTD3"
"BTK","CDKN2A","HECTD3"
"BTK","MAP4K1","HECTD3"
"BTK","DDX41","HECTD3"
"BTK","IKK-complex","HECTD3"
"BTK","SHC1","HECTD3"
"BTK","RPS6KA4","HECTD3"
"BTK","NTRK1","HECTD3"
"BTK","GPSM3","HECTD3"
"BTK","RELA","HECTD3"
"BTK","MAPKAPK5","HECTD3"
"BTK","EPHA2","HECTD3"
"BTK","MAP3K8","HECTD3"
"BTK","PTPRR","HECTD3"
"BTK","CDKN1B","HECTD3"
"BTK","FBLIM1","HECTD3"
"BTK","TEC","HECTD3"
"BTK","VCP","HECTD3"
"BTK","GRIP1","HECTD3"
"BTK","TMIGD2","HECTD3"
"BTK","CCR2","HECTD3"
"BTK","STIP1","HECTD3"
"BTK","PSTPIP1","HECTD3"
"BTK","ARRB2","HECTD3"
"BTK","TRAF3","HECTD3"
"BTK","CRTC2","HECTD3"
"BTK","CD28","HECTD3"
"BTK","INPP5D","HECTD3"
"BTK","FRS2","HECTD3"
"BTK","CCNE1","HECTD3"
"BTK","IMPDH2","HECTD3"
"BTK","SET","HECTD3"
"BTK","PIK3CG","HECTD3"
"BTK","SH2B2","HECTD3"
"BTK","TRPV1","HECTD3"
"BTK","PPP1R14A","HECTD3"
"BTK","BCL10","HECTD3"
"BTK","PIK3R6","HECTD3"
"BTK","MRE11","HECTD3"
"BTK","HDAC2","HECTD3"
"BTK","KSR1","HECTD3"
"BTK","DDX58","HECTD3"
"BTK","UBXN2B","HECTD3"
"BTK","MST1R","HECTD3"
"BTK","ROR2","HECTD3"
"BTK","ABI1","HECTD3"
"BTK","IFIH1","HECTD3"
"BTK","RAD50","HECTD3"
"BTK","TTI1","HECTD3"
"BTK","WDFY3","HECTD3"
"BTK","LRP6","HECTD3"
"BTK","GRB14","HECTD3"
"BTK","HOXB7","HECTD3"
"BTK","PIK3C3","HECTD3"
"BTK","RND1","HECTD3"
"BTK","STING1","HECTD3"
"BTK","SPEN","HECTD3"
"BTK","NFKB1","HECTD3"
"BTK","CTDP1","HECTD3"
"BTK","TELO2","HECTD3"
"BTK","BLVRA","HECTD3"
"BTK","CLSPN","HECTD3"
"BTK","MAPKAP1","HECTD3"
"BTK","GRB7","HECTD3"
"BTK","BAZ1B","HECTD3"
"BTK","PLCG2","HECTD3"
"BTK","RBL2","HECTD3"
"BTK","PPP1R14B","HECTD3"
"BTK","PABIR1","HECTD3"
"BTK","ITK","JAK1/STAT1/STAT3"
"BTK","MAPK3","RBM38"
"BTK","AKT3","RBM38"
"BTK","CHUK","RBM38"
"BTK","AKT2","RBM38"
"BTK","PTEN","RBM38"
"BTK","PRKCQ","RBM38"
"BTK","MTOR","RBM38"
"BTK","AKT1","RBM38"
"BTK","PRKG1","RBM38"
"BTK","CCP110","RBM38"
"BTK","RPS6K","RBM38"
"BTK","CALM2","RBM38"
"BTK","ERK1/2","RBM38"
"BTK","Gbeta","RBM38"
"BTK","LCK","RBM38"
"BTK","CDK9","RBM38"
"BTK","ABL1","RBM38"
"BTK","RPS6KA5","RBM38"
"BTK","WNK1","RBM38"
"BTK","PDPK1","RBM38"
"BTK","SGK1","RBM38"
"BTK","MAP2K1","RBM38"
"BTK","PRKCB","RBM38"
"BTK","PRKCG","RBM38"
"BTK","PRKCZ","RBM38"
"BTK","CyclinD/CDK4","RBM38"
"BTK","MAP3K1","RBM38"
"BTK","MAP3K7","RBM38"
"BTK","AKT","RBM38"
"BTK","IKBKB","RBM38"
"BTK","WWTR1","RBM38"
"BTK","DOK1","RBM38"
"BTK","MAP3K4","RBM38"
"BTK","DAPK1","RBM38"
"BTK","PXN","RBM38"
"BTK","FGG","RBM38"
"BTK","LEPR","RBM38"
"BTK","ITK","RBM38"
"BTK","RPS6KA3","RBM38"
"BTK","BCL3","RBM38"
"BTK","DVL1","RBM38"
"BTK","FZR1","RBM38"
"BTK","GRB2","RBM38"
"BTK","VCPIP1","RBM38"
"BTK","ATR","RBM38"
"BTK","SGK3","RBM38"
"BTK","PTK6","RBM38"
"BTK","IKBKE","RBM38"
"BTK","CCND1","RBM38"
"BTK","ILK","RBM38"
"BTK","STAP1","RBM38"
"BTK","TBK1","RBM38"
"BTK","SPRED1","RBM38"
"BTK","MEK1/2","RBM38"
"BTK","PTPN7","RBM38"
"BTK","CALM1","RBM38"
"BTK","FADD","RBM38"
"BTK","STK38","RBM38"
"BTK","TLK1","RBM38"
"BTK","C9orf72","RBM38"
"BTK","CDKN2A","RBM38"
"BTK","MAP4K1","RBM38"
"BTK","RET","RBM38"
"BTK","DDX41","RBM38"
"BTK","IKK-complex","RBM38"
"BTK","SHC1","RBM38"
"BTK","RPS6KA4","RBM38"
"BTK","NTRK1","RBM38"
"BTK","GPSM3","RBM38"
"BTK","RELA","RBM38"
"BTK","MAPKAPK5","RBM38"
"BTK","EPHA2","RBM38"
"BTK","MAP3K8","RBM38"
"BTK","PTPRR","RBM38"
"BTK","CDKN1B","RBM38"
"BTK","FBLIM1","RBM38"
"BTK","TEC","RBM38"
"BTK","VCP","RBM38"
"BTK","GRIP1","RBM38"
"BTK","TMIGD2","RBM38"
"BTK","CCR2","RBM38"
"BTK","STIP1","RBM38"
"BTK","PSTPIP1","RBM38"
"BTK","ARRB2","RBM38"
"BTK","TRAF3","RBM38"
"BTK","CRTC2","RBM38"
"BTK","CD28","RBM38"
"BTK","INPP5D","RBM38"
"BTK","FRS2","RBM38"
"BTK","CCNE1","RBM38"
"BTK","IMPDH2","RBM38"
"BTK","SET","RBM38"
"BTK","PIK3CG","RBM38"
"BTK","SH2B2","RBM38"
"BTK","TRPV1","RBM38"
"BTK","PPP1R14A","RBM38"
"BTK","BCL10","RBM38"
"BTK","PIK3R6","RBM38"
"BTK","MRE11","RBM38"
"BTK","HDAC2","RBM38"
"BTK","KSR1","RBM38"
"BTK","DDX58","RBM38"
"BTK","UBXN2B","RBM38"
"BTK","MST1R","RBM38"
"BTK","ROR2","RBM38"
"BTK","ABI1","RBM38"
"BTK","IFIH1","RBM38"
"BTK","RAD50","RBM38"
"BTK","TTI1","RBM38"
"BTK","WDFY3","RBM38"
"BTK","LRP6","RBM38"
"BTK","GRB14","RBM38"
"BTK","HOXB7","RBM38"
"BTK","PIK3C3","RBM38"
"BTK","RND1","RBM38"
"BTK","STING1","RBM38"
"BTK","SPEN","RBM38"
"BTK","NFKB1","RBM38"
"BTK","CTDP1","RBM38"
"BTK","TELO2","RBM38"
"BTK","BLVRA","RBM38"
"BTK","CLSPN","RBM38"
"BTK","MAPKAP1","RBM38"
"BTK","GRB7","RBM38"
"BTK","BAZ1B","RBM38"
"BTK","PLCG2","RBM38"
"BTK","RBL2","RBM38"
"BTK","PPP1R14B","RBM38"
"BTK","PABIR1","RBM38"
"BTK","MAPK3","FOXG1"
"BTK","AKT3","FOXG1"
"BTK","CHUK","FOXG1"
"BTK","AKT2","FOXG1"
"BTK","PTEN","FOXG1"
"BTK","PRKCQ","FOXG1"
"BTK","MTOR","FOXG1"
"BTK","AKT1","FOXG1"
"BTK","PRKG1","FOXG1"
"BTK","CCP110","FOXG1"
"BTK","RPS6K","FOXG1"
"BTK","CALM2","FOXG1"
"BTK","ERK1/2","FOXG1"
"BTK","Gbeta","FOXG1"
"BTK","LCK","FOXG1"
"BTK","CDK9","FOXG1"
"BTK","ABL1","FOXG1"
"BTK","RPS6KA5","FOXG1"
"BTK","WNK1","FOXG1"
"BTK","PDPK1","FOXG1"
"BTK","SGK1","FOXG1"
"BTK","MAP2K1","FOXG1"
"BTK","PRKCB","FOXG1"
"BTK","PRKCG","FOXG1"
"BTK","PRKCZ","FOXG1"
"BTK","CyclinD/CDK4","FOXG1"
"BTK","MAP3K1","FOXG1"
"BTK","MAP3K7","FOXG1"
"BTK","AKT","FOXG1"
"BTK","IKBKB","FOXG1"
"BTK","WWTR1","FOXG1"
"BTK","DOK1","FOXG1"
"BTK","MAP3K4","FOXG1"
"BTK","DAPK1","FOXG1"
"BTK","PXN","FOXG1"
"BTK","FGG","FOXG1"
"BTK","LEPR","FOXG1"
"BTK","ITK","FOXG1"
"BTK","RPS6KA3","FOXG1"
"BTK","BCL3","FOXG1"
"BTK","DVL1","FOXG1"
"BTK","FZR1","FOXG1"
"BTK","GRB2","FOXG1"
"BTK","VCPIP1","FOXG1"
"BTK","ATR","FOXG1"
"BTK","SGK3","FOXG1"
"BTK","PTK6","FOXG1"
"BTK","IKBKE","FOXG1"
"BTK","CCND1","FOXG1"
"BTK","ILK","FOXG1"
"BTK","STAP1","FOXG1"
"BTK","TBK1","FOXG1"
"BTK","SPRED1","FOXG1"
"BTK","MEK1/2","FOXG1"
"BTK","PTPN7","FOXG1"
"BTK","CALM1","FOXG1"
"BTK","FADD","FOXG1"
"BTK","STK38","FOXG1"
"BTK","TLK1","FOXG1"
"BTK","C9orf72","FOXG1"
"BTK","CDKN2A","FOXG1"
"BTK","MAP4K1","FOXG1"
"BTK","RET","FOXG1"
"BTK","DDX41","FOXG1"
"BTK","IKK-complex","FOXG1"
"BTK","SHC1","FOXG1"
"BTK","RPS6KA4","FOXG1"
"BTK","NTRK1","FOXG1"
"BTK","GPSM3","FOXG1"
"BTK","RELA","FOXG1"
"BTK","MAPKAPK5","FOXG1"
"BTK","EPHA2","FOXG1"
"BTK","MAP3K8","FOXG1"
"BTK","PTPRR","FOXG1"
"BTK","CDKN1B","FOXG1"
"BTK","FBLIM1","FOXG1"
"BTK","TEC","FOXG1"
"BTK","VCP","FOXG1"
"BTK","GRIP1","FOXG1"
"BTK","TMIGD2","FOXG1"
"BTK","CCR2","FOXG1"
"BTK","STIP1","FOXG1"
"BTK","PSTPIP1","FOXG1"
"BTK","ARRB2","FOXG1"
"BTK","TRAF3","FOXG1"
"BTK","CRTC2","FOXG1"
"BTK","CD28","FOXG1"
"BTK","INPP5D","FOXG1"
"BTK","FRS2","FOXG1"
"BTK","CCNE1","FOXG1"
"BTK","IMPDH2","FOXG1"
"BTK","SET","FOXG1"
"BTK","PIK3CG","FOXG1"
"BTK","SH2B2","FOXG1"
"BTK","TRPV1","FOXG1"
"BTK","PPP1R14A","FOXG1"
"BTK","BCL10","FOXG1"
"BTK","PIK3R6","FOXG1"
"BTK","MRE11","FOXG1"
"BTK","HDAC2","FOXG1"
"BTK","KSR1","FOXG1"
"BTK","DDX58","FOXG1"
"BTK","UBXN2B","FOXG1"
"BTK","MST1R","FOXG1"
"BTK","ROR2","FOXG1"
"BTK","ABI1","FOXG1"
"BTK","IFIH1","FOXG1"
"BTK","RAD50","FOXG1"
"BTK","TTI1","FOXG1"
"BTK","WDFY3","FOXG1"
"BTK","LRP6","FOXG1"
"BTK","GRB14","FOXG1"
"BTK","HOXB7","FOXG1"
"BTK","PIK3C3","FOXG1"
"BTK","RND1","FOXG1"
"BTK","STING1","FOXG1"
"BTK","SPEN","FOXG1"
"BTK","NFKB1","FOXG1"
"BTK","CTDP1","FOXG1"
"BTK","TELO2","FOXG1"
"BTK","BLVRA","FOXG1"
"BTK","CLSPN","FOXG1"
"BTK","MAPKAP1","FOXG1"
"BTK","GRB7","FOXG1"
"BTK","BAZ1B","FOXG1"
"BTK","RBL2","FOXG1"
"BTK","PPP1R14B","FOXG1"
"BTK","PABIR1","FOXG1"
"BTK","MAPK3","ATOH1"
"BTK","AKT3","ATOH1"
"BTK","CHUK","ATOH1"
"BTK","AKT2","ATOH1"
"BTK","PTEN","ATOH1"
"BTK","PRKCQ","ATOH1"
"BTK","MTOR","ATOH1"
"BTK","AKT1","ATOH1"
"BTK","PRKG1","ATOH1"
"BTK","CCP110","ATOH1"
"BTK","RPS6K","ATOH1"
"BTK","CALM2","ATOH1"
"BTK","ERK1/2","ATOH1"
"BTK","Gbeta","ATOH1"
"BTK","LCK","ATOH1"
"BTK","CDK9","ATOH1"
"BTK","ABL1","ATOH1"
"BTK","RPS6KA5","ATOH1"
"BTK","WNK1","ATOH1"
"BTK","PDPK1","ATOH1"
"BTK","SGK1","ATOH1"
"BTK","MAP2K1","ATOH1"
"BTK","PRKCB","ATOH1"
"BTK","PRKCG","ATOH1"
"BTK","PRKCZ","ATOH1"
"BTK","CyclinD/CDK4","ATOH1"
"BTK","MAP3K1","ATOH1"
"BTK","MAP3K7","ATOH1"
"BTK","AKT","ATOH1"
"BTK","IKBKB","ATOH1"
"BTK","WWTR1","ATOH1"
"BTK","DOK1","ATOH1"
"BTK","MAP3K4","ATOH1"
"BTK","DAPK1","ATOH1"
"BTK","PXN","ATOH1"
"BTK","FGG","ATOH1"
"BTK","LEPR","ATOH1"
"BTK","ITK","ATOH1"
"BTK","RPS6KA3","ATOH1"
"BTK","BCL3","ATOH1"
"BTK","DVL1","ATOH1"
"BTK","FZR1","ATOH1"
"BTK","GRB2","ATOH1"
"BTK","VCPIP1","ATOH1"
"BTK","ATR","ATOH1"
"BTK","SGK3","ATOH1"
"BTK","PTK6","ATOH1"
"BTK","IKBKE","ATOH1"
"BTK","CCND1","ATOH1"
"BTK","ILK","ATOH1"
"BTK","TBK1","ATOH1"
"BTK","SPRED1","ATOH1"
"BTK","MEK1/2","ATOH1"
"BTK","PTPN7","ATOH1"
"BTK","CALM1","ATOH1"
"BTK","FADD","ATOH1"
"BTK","STK38","ATOH1"
"BTK","TLK1","ATOH1"
"BTK","C9orf72","ATOH1"
"BTK","CDKN2A","ATOH1"
"BTK","MAP4K1","ATOH1"
"BTK","RET","ATOH1"
"BTK","DDX41","ATOH1"
"BTK","IKK-complex","ATOH1"
"BTK","SHC1","ATOH1"
"BTK","RPS6KA4","ATOH1"
"BTK","NTRK1","ATOH1"
"BTK","GPSM3","ATOH1"
"BTK","RELA","ATOH1"
"BTK","MAPKAPK5","ATOH1"
"BTK","EPHA2","ATOH1"
"BTK","MAP3K8","ATOH1"
"BTK","PTPRR","ATOH1"
"BTK","CDKN1B","ATOH1"
"BTK","FBLIM1","ATOH1"
"BTK","VCP","ATOH1"
"BTK","GRIP1","ATOH1"
"BTK","TMIGD2","ATOH1"
"BTK","CCR2","ATOH1"
"BTK","STIP1","ATOH1"
"BTK","PSTPIP1","ATOH1"
"BTK","ARRB2","ATOH1"
"BTK","TRAF3","ATOH1"
"BTK","CRTC2","ATOH1"
"BTK","CD28","ATOH1"
"BTK","INPP5D","ATOH1"
"BTK","FRS2","ATOH1"
"BTK","CCNE1","ATOH1"
"BTK","IMPDH2","ATOH1"
"BTK","SET","ATOH1"
"BTK","PIK3CG","ATOH1"
"BTK","SH2B2","ATOH1"
"BTK","TRPV1","ATOH1"
"BTK","PPP1R14A","ATOH1"
"BTK","BCL10","ATOH1"
"BTK","PIK3R6","ATOH1"
"BTK","MRE11","ATOH1"
"BTK","HDAC2","ATOH1"
"BTK","KSR1","ATOH1"
"BTK","DDX58","ATOH1"
"BTK","UBXN2B","ATOH1"
"BTK","MST1R","ATOH1"
"BTK","ROR2","ATOH1"
"BTK","ABI1","ATOH1"
"BTK","IFIH1","ATOH1"
"BTK","RAD50","ATOH1"
"BTK","TTI1","ATOH1"
"BTK","WDFY3","ATOH1"
"BTK","LRP6","ATOH1"
"BTK","GRB14","ATOH1"
"BTK","HOXB7","ATOH1"
"BTK","PIK3C3","ATOH1"
"BTK","RND1","ATOH1"
"BTK","STING1","ATOH1"
"BTK","SPEN","ATOH1"
"BTK","NFKB1","ATOH1"
"BTK","CTDP1","ATOH1"
"BTK","TELO2","ATOH1"
"BTK","BLVRA","ATOH1"
"BTK","CLSPN","ATOH1"
"BTK","MAPKAP1","ATOH1"
"BTK","GRB7","ATOH1"
"BTK","BAZ1B","ATOH1"
"BTK","PLCG2","ATOH1"
"BTK","RBL2","ATOH1"
"BTK","PPP1R14B","ATOH1"
"BTK","PABIR1","ATOH1"
"BTK","MAPK3","EIF2B3"
"BTK","AKT3","EIF2B3"
"BTK","CHUK","EIF2B3"
"BTK","AKT2","EIF2B3"
"BTK","PTEN","EIF2B3"
"BTK","PRKCQ","EIF2B3"
"BTK","MTOR","EIF2B3"
"BTK","AKT1","EIF2B3"
"BTK","PRKG1","EIF2B3"
"BTK","CCP110","EIF2B3"
"BTK","RPS6K","EIF2B3"
"BTK","CALM2","EIF2B3"
"BTK","ERK1/2","EIF2B3"
"BTK","Gbeta","EIF2B3"
"BTK","LCK","EIF2B3"
"BTK","CDK9","EIF2B3"
"BTK","ABL1","EIF2B3"
"BTK","RPS6KA5","EIF2B3"
"BTK","WNK1","EIF2B3"
"BTK","PDPK1","EIF2B3"
"BTK","SGK1","EIF2B3"
"BTK","MAP2K1","EIF2B3"
"BTK","PRKCB","EIF2B3"
"BTK","PRKCG","EIF2B3"
"BTK","PRKCZ","EIF2B3"
"BTK","CyclinD/CDK4","EIF2B3"
"BTK","MAP3K1","EIF2B3"
"BTK","MAP3K7","EIF2B3"
"BTK","AKT","EIF2B3"
"BTK","IKBKB","EIF2B3"
"BTK","WWTR1","EIF2B3"
"BTK","DOK1","EIF2B3"
"BTK","MAP3K4","EIF2B3"
"BTK","DAPK1","EIF2B3"
"BTK","PXN","EIF2B3"
"BTK","FGG","EIF2B3"
"BTK","LEPR","EIF2B3"
"BTK","RPS6KA3","EIF2B3"
"BTK","BCL3","EIF2B3"
"BTK","DVL1","EIF2B3"
"BTK","FZR1","EIF2B3"
"BTK","GRB2","EIF2B3"
"BTK","VCPIP1","EIF2B3"
"BTK","ATR","EIF2B3"
"BTK","SGK3","EIF2B3"
"BTK","PTK6","EIF2B3"
"BTK","IKBKE","EIF2B3"
"BTK","CCND1","EIF2B3"
"BTK","ILK","EIF2B3"
"BTK","STAP1","EIF2B3"
"BTK","TBK1","EIF2B3"
"BTK","SPRED1","EIF2B3"
"BTK","MEK1/2","EIF2B3"
"BTK","PTPN7","EIF2B3"
"BTK","CALM1","EIF2B3"
"BTK","FADD","EIF2B3"
"BTK","STK38","EIF2B3"
"BTK","TLK1","EIF2B3"
"BTK","C9orf72","EIF2B3"
"BTK","CDKN2A","EIF2B3"
"BTK","MAP4K1","EIF2B3"
"BTK","RET","EIF2B3"
"BTK","DDX41","EIF2B3"
"BTK","IKK-complex","EIF2B3"
"BTK","SHC1","EIF2B3"
"BTK","RPS6KA4","EIF2B3"
"BTK","NTRK1","EIF2B3"
"BTK","GPSM3","EIF2B3"
"BTK","RELA","EIF2B3"
"BTK","MAPKAPK5","EIF2B3"
"BTK","EPHA2","EIF2B3"
"BTK","MAP3K8","EIF2B3"
"BTK","PTPRR","EIF2B3"
"BTK","CDKN1B","EIF2B3"
"BTK","FBLIM1","EIF2B3"
"BTK","TEC","EIF2B3"
"BTK","VCP","EIF2B3"
"BTK","GRIP1","EIF2B3"
"BTK","TMIGD2","EIF2B3"
"BTK","CCR2","EIF2B3"
"BTK","STIP1","EIF2B3"
"BTK","PSTPIP1","EIF2B3"
"BTK","ARRB2","EIF2B3"
"BTK","TRAF3","EIF2B3"
"BTK","CRTC2","EIF2B3"
"BTK","CD28","EIF2B3"
"BTK","INPP5D","EIF2B3"
"BTK","FRS2","EIF2B3"
"BTK","CCNE1","EIF2B3"
"BTK","IMPDH2","EIF2B3"
"BTK","SET","EIF2B3"
"BTK","PIK3CG","EIF2B3"
"BTK","SH2B2","EIF2B3"
"BTK","TRPV1","EIF2B3"
"BTK","PPP1R14A","EIF2B3"
"BTK","BCL10","EIF2B3"
"BTK","PIK3R6","EIF2B3"
"BTK","MRE11","EIF2B3"
"BTK","HDAC2","EIF2B3"
"BTK","KSR1","EIF2B3"
"BTK","DDX58","EIF2B3"
"BTK","UBXN2B","EIF2B3"
"BTK","MST1R","EIF2B3"
"BTK","ROR2","EIF2B3"
"BTK","ABI1","EIF2B3"
"BTK","IFIH1","EIF2B3"
"BTK","RAD50","EIF2B3"
"BTK","TTI1","EIF2B3"
"BTK","WDFY3","EIF2B3"
"BTK","LRP6","EIF2B3"
"BTK","GRB14","EIF2B3"
"BTK","HOXB7","EIF2B3"
"BTK","PIK3C3","EIF2B3"
"BTK","RND1","EIF2B3"
"BTK","STING1","EIF2B3"
"BTK","SPEN","EIF2B3"
"BTK","NFKB1","EIF2B3"
"BTK","CTDP1","EIF2B3"
"BTK","TELO2","EIF2B3"
"BTK","BLVRA","EIF2B3"
"BTK","CLSPN","EIF2B3"
"BTK","MAPKAP1","EIF2B3"
"BTK","GRB7","EIF2B3"
"BTK","BAZ1B","EIF2B3"
"BTK","PLCG2","EIF2B3"
"BTK","RBL2","EIF2B3"
"BTK","PPP1R14B","EIF2B3"
"BTK","PABIR1","EIF2B3"
"BTK","MAPK3","PPP1R17"
"BTK","AKT3","PPP1R17"
"BTK","CHUK","PPP1R17"
"BTK","AKT2","PPP1R17"
"BTK","PTEN","PPP1R17"
"BTK","PRKCQ","PPP1R17"
"BTK","MTOR","PPP1R17"
"BTK","AKT1","PPP1R17"
"BTK","CCP110","PPP1R17"
"BTK","RPS6K","PPP1R17"
"BTK","CALM2","PPP1R17"
"BTK","ERK1/2","PPP1R17"
"BTK","Gbeta","PPP1R17"
"BTK","LCK","PPP1R17"
"BTK","CDK9","PPP1R17"
"BTK","ABL1","PPP1R17"
"BTK","RPS6KA5","PPP1R17"
"BTK","WNK1","PPP1R17"
"BTK","PDPK1","PPP1R17"
"BTK","SGK1","PPP1R17"
"BTK","MAP2K1","PPP1R17"
"BTK","PRKCB","PPP1R17"
"BTK","PRKCG","PPP1R17"
"BTK","PRKCZ","PPP1R17"
"BTK","CyclinD/CDK4","PPP1R17"
"BTK","MAP3K1","PPP1R17"
"BTK","MAP3K7","PPP1R17"
"BTK","AKT","PPP1R17"
"BTK","IKBKB","PPP1R17"
"BTK","WWTR1","PPP1R17"
"BTK","DOK1","PPP1R17"
"BTK","MAP3K4","PPP1R17"
"BTK","DAPK1","PPP1R17"
"BTK","PXN","PPP1R17"
"BTK","FGG","PPP1R17"
"BTK","LEPR","PPP1R17"
"BTK","RPS6KA3","PPP1R17"
"BTK","BCL3","PPP1R17"
"BTK","DVL1","PPP1R17"
"BTK","FZR1","PPP1R17"
"BTK","GRB2","PPP1R17"
"BTK","VCPIP1","PPP1R17"
"BTK","ATR","PPP1R17"
"BTK","SGK3","PPP1R17"
"BTK","PTK6","PPP1R17"
"BTK","IKBKE","PPP1R17"
"BTK","CCND1","PPP1R17"
"BTK","ILK","PPP1R17"
"BTK","STAP1","PPP1R17"
"BTK","TBK1","PPP1R17"
"BTK","SPRED1","PPP1R17"
"BTK","MEK1/2","PPP1R17"
"BTK","PTPN7","PPP1R17"
"BTK","CALM1","PPP1R17"
"BTK","FADD","PPP1R17"
"BTK","STK38","PPP1R17"
"BTK","TLK1","PPP1R17"
"BTK","C9orf72","PPP1R17"
"BTK","CDKN2A","PPP1R17"
"BTK","MAP4K1","PPP1R17"
"BTK","RET","PPP1R17"
"BTK","DDX41","PPP1R17"
"BTK","IKK-complex","PPP1R17"
"BTK","SHC1","PPP1R17"
"BTK","RPS6KA4","PPP1R17"
"BTK","NTRK1","PPP1R17"
"BTK","GPSM3","PPP1R17"
"BTK","RELA","PPP1R17"
"BTK","MAPKAPK5","PPP1R17"
"BTK","EPHA2","PPP1R17"
"BTK","MAP3K8","PPP1R17"
"BTK","PTPRR","PPP1R17"
"BTK","CDKN1B","PPP1R17"
"BTK","FBLIM1","PPP1R17"
"BTK","TEC","PPP1R17"
"BTK","VCP","PPP1R17"
"BTK","GRIP1","PPP1R17"
"BTK","TMIGD2","PPP1R17"
"BTK","CCR2","PPP1R17"
"BTK","STIP1","PPP1R17"
"BTK","PSTPIP1","PPP1R17"
"BTK","ARRB2","PPP1R17"
"BTK","TRAF3","PPP1R17"
"BTK","CRTC2","PPP1R17"
"BTK","CD28","PPP1R17"
"BTK","INPP5D","PPP1R17"
"BTK","FRS2","PPP1R17"
"BTK","CCNE1","PPP1R17"
"BTK","IMPDH2","PPP1R17"
"BTK","SET","PPP1R17"
"BTK","PIK3CG","PPP1R17"
"BTK","SH2B2","PPP1R17"
"BTK","TRPV1","PPP1R17"
"BTK","PPP1R14A","PPP1R17"
"BTK","BCL10","PPP1R17"
"BTK","PIK3R6","PPP1R17"
"BTK","MRE11","PPP1R17"
"BTK","HDAC2","PPP1R17"
"BTK","KSR1","PPP1R17"
"BTK","DDX58","PPP1R17"
"BTK","UBXN2B","PPP1R17"
"BTK","MST1R","PPP1R17"
"BTK","ROR2","PPP1R17"
"BTK","ABI1","PPP1R17"
"BTK","IFIH1","PPP1R17"
"BTK","RAD50","PPP1R17"
"BTK","TTI1","PPP1R17"
"BTK","WDFY3","PPP1R17"
"BTK","LRP6","PPP1R17"
"BTK","GRB14","PPP1R17"
"BTK","HOXB7","PPP1R17"
"BTK","PIK3C3","PPP1R17"
"BTK","RND1","PPP1R17"
"BTK","STING1","PPP1R17"
"BTK","SPEN","PPP1R17"
"BTK","NFKB1","PPP1R17"
"BTK","CTDP1","PPP1R17"
"BTK","TELO2","PPP1R17"
"BTK","BLVRA","PPP1R17"
"BTK","CLSPN","PPP1R17"
"BTK","MAPKAP1","PPP1R17"
"BTK","GRB7","PPP1R17"
"BTK","BAZ1B","PPP1R17"
"BTK","PLCG2","PPP1R17"
"BTK","RBL2","PPP1R17"
"BTK","PPP1R14B","PPP1R17"
"BTK","PABIR1","PPP1R17"
"BTK","MAPK3","TUBB2A"
"BTK","AKT3","TUBB2A"
"BTK","CHUK","TUBB2A"
"BTK","AKT2","TUBB2A"
"BTK","PTEN","TUBB2A"
"BTK","PRKCQ","TUBB2A"
"BTK","MTOR","TUBB2A"
"BTK","AKT1","TUBB2A"
"BTK","PRKG1","TUBB2A"
"BTK","CCP110","TUBB2A"
"BTK","RPS6K","TUBB2A"
"BTK","CALM2","TUBB2A"
"BTK","ERK1/2","TUBB2A"
"BTK","Gbeta","TUBB2A"
"BTK","LCK","TUBB2A"
"BTK","CDK9","TUBB2A"
"BTK","ABL1","TUBB2A"
"BTK","RPS6KA5","TUBB2A"
"BTK","WNK1","TUBB2A"
"BTK","PDPK1","TUBB2A"
"BTK","SGK1","TUBB2A"
"BTK","MAP2K1","TUBB2A"
"BTK","PRKCB","TUBB2A"
"BTK","PRKCG","TUBB2A"
"BTK","PRKCZ","TUBB2A"
"BTK","CyclinD/CDK4","TUBB2A"
"BTK","MAP3K1","TUBB2A"
"BTK","MAP3K7","TUBB2A"
"BTK","AKT","TUBB2A"
"BTK","IKBKB","TUBB2A"
"BTK","WWTR1","TUBB2A"
"BTK","DOK1","TUBB2A"
"BTK","MAP3K4","TUBB2A"
"BTK","DAPK1","TUBB2A"
"BTK","PXN","TUBB2A"
"BTK","FGG","TUBB2A"
"BTK","LEPR","TUBB2A"
"BTK","ITK","TUBB2A"
"BTK","RPS6KA3","TUBB2A"
"BTK","BCL3","TUBB2A"
"BTK","DVL1","TUBB2A"
"BTK","FZR1","TUBB2A"
"BTK","GRB2","TUBB2A"
"BTK","VCPIP1","TUBB2A"
"BTK","ATR","TUBB2A"
"BTK","SGK3","TUBB2A"
"BTK","PTK6","TUBB2A"
"BTK","IKBKE","TUBB2A"
"BTK","CCND1","TUBB2A"
"BTK","ILK","TUBB2A"
"BTK","STAP1","TUBB2A"
"BTK","TBK1","TUBB2A"
"BTK","SPRED1","TUBB2A"
"BTK","MEK1/2","TUBB2A"
"BTK","PTPN7","TUBB2A"
"BTK","CALM1","TUBB2A"
"BTK","FADD","TUBB2A"
"BTK","STK38","TUBB2A"
"BTK","TLK1","TUBB2A"
"BTK","C9orf72","TUBB2A"
"BTK","CDKN2A","TUBB2A"
"BTK","MAP4K1","TUBB2A"
"BTK","RET","TUBB2A"
"BTK","DDX41","TUBB2A"
"BTK","IKK-complex","TUBB2A"
"BTK","SHC1","TUBB2A"
"BTK","RPS6KA4","TUBB2A"
"BTK","NTRK1","TUBB2A"
"BTK","GPSM3","TUBB2A"
"BTK","RELA","TUBB2A"
"BTK","MAPKAPK5","TUBB2A"
"BTK","EPHA2","TUBB2A"
"BTK","MAP3K8","TUBB2A"
"BTK","PTPRR","TUBB2A"
"BTK","CDKN1B","TUBB2A"
"BTK","FBLIM1","TUBB2A"
"BTK","TEC","TUBB2A"
"BTK","VCP","TUBB2A"
"BTK","GRIP1","TUBB2A"
"BTK","TMIGD2","TUBB2A"
"BTK","CCR2","TUBB2A"
"BTK","STIP1","TUBB2A"
"BTK","PSTPIP1","TUBB2A"
"BTK","ARRB2","TUBB2A"
"BTK","TRAF3","TUBB2A"
"BTK","CRTC2","TUBB2A"
"BTK","CD28","TUBB2A"
"BTK","INPP5D","TUBB2A"
"BTK","FRS2","TUBB2A"
"BTK","CCNE1","TUBB2A"
"BTK","IMPDH2","TUBB2A"
"BTK","SET","TUBB2A"
"BTK","PIK3CG","TUBB2A"
"BTK","SH2B2","TUBB2A"
"BTK","TRPV1","TUBB2A"
"BTK","PPP1R14A","TUBB2A"
"BTK","BCL10","TUBB2A"
"BTK","PIK3R6","TUBB2A"
"BTK","MRE11","TUBB2A"
"BTK","HDAC2","TUBB2A"
"BTK","KSR1","TUBB2A"
"BTK","DDX58","TUBB2A"
"BTK","UBXN2B","TUBB2A"
"BTK","MST1R","TUBB2A"
"BTK","ROR2","TUBB2A"
"BTK","ABI1","TUBB2A"
"BTK","IFIH1","TUBB2A"
"BTK","RAD50","TUBB2A"
"BTK","TTI1","TUBB2A"
"BTK","WDFY3","TUBB2A"
"BTK","LRP6","TUBB2A"
"BTK","GRB14","TUBB2A"
"BTK","HOXB7","TUBB2A"
"BTK","PIK3C3","TUBB2A"
"BTK","RND1","TUBB2A"
"BTK","STING1","TUBB2A"
"BTK","SPEN","TUBB2A"
"BTK","NFKB1","TUBB2A"
"BTK","CTDP1","TUBB2A"
"BTK","TELO2","TUBB2A"
"BTK","BLVRA","TUBB2A"
"BTK","CLSPN","TUBB2A"
"BTK","MAPKAP1","TUBB2A"
"BTK","GRB7","TUBB2A"
"BTK","BAZ1B","TUBB2A"
"BTK","RBL2","TUBB2A"
"BTK","PPP1R14B","TUBB2A"
"BTK","PABIR1","TUBB2A"
"BTK","MAPK3","E2F6"
"BTK","AKT3","E2F6"
"BTK","CHUK","E2F6"
"BTK","AKT2","E2F6"
"BTK","PTEN","E2F6"
"BTK","PRKCQ","E2F6"
"BTK","MTOR","E2F6"
"BTK","AKT1","E2F6"
"BTK","PRKG1","E2F6"
"BTK","CCP110","E2F6"
"BTK","RPS6K","E2F6"
"BTK","CALM2","E2F6"
"BTK","ERK1/2","E2F6"
"BTK","Gbeta","E2F6"
"BTK","LCK","E2F6"
"BTK","CDK9","E2F6"
"BTK","ABL1","E2F6"
"BTK","RPS6KA5","E2F6"
"BTK","WNK1","E2F6"
"BTK","PDPK1","E2F6"
"BTK","SGK1","E2F6"
"BTK","MAP2K1","E2F6"
"BTK","PRKCB","E2F6"
"BTK","PRKCG","E2F6"
"BTK","PRKCZ","E2F6"
"BTK","CyclinD/CDK4","E2F6"
"BTK","MAP3K1","E2F6"
"BTK","MAP3K7","E2F6"
"BTK","AKT","E2F6"
"BTK","IKBKB","E2F6"
"BTK","WWTR1","E2F6"
"BTK","DOK1","E2F6"
"BTK","MAP3K4","E2F6"
"BTK","DAPK1","E2F6"
"BTK","PXN","E2F6"
"BTK","FGG","E2F6"
"BTK","LEPR","E2F6"
"BTK","ITK","E2F6"
"BTK","RPS6KA3","E2F6"
"BTK","BCL3","E2F6"
"BTK","DVL1","E2F6"
"BTK","FZR1","E2F6"
"BTK","GRB2","E2F6"
"BTK","VCPIP1","E2F6"
"BTK","ATR","E2F6"
"BTK","SGK3","E2F6"
"BTK","PTK6","E2F6"
"BTK","IKBKE","E2F6"
"BTK","CCND1","E2F6"
"BTK","ILK","E2F6"
"BTK","STAP1","E2F6"
"BTK","TBK1","E2F6"
"BTK","SPRED1","E2F6"
"BTK","MEK1/2","E2F6"
"BTK","PTPN7","E2F6"
"BTK","CALM1","E2F6"
"BTK","FADD","E2F6"
"BTK","STK38","E2F6"
"BTK","TLK1","E2F6"
"BTK","C9orf72","E2F6"
"BTK","CDKN2A","E2F6"
"BTK","MAP4K1","E2F6"
"BTK","RET","E2F6"
"BTK","DDX41","E2F6"
"BTK","IKK-complex","E2F6"
"BTK","SHC1","E2F6"
"BTK","RPS6KA4","E2F6"
"BTK","NTRK1","E2F6"
"BTK","GPSM3","E2F6"
"BTK","RELA","E2F6"
"BTK","MAPKAPK5","E2F6"
"BTK","EPHA2","E2F6"
"BTK","MAP3K8","E2F6"
"BTK","PTPRR","E2F6"
"BTK","CDKN1B","E2F6"
"BTK","FBLIM1","E2F6"
"BTK","TEC","E2F6"
"BTK","VCP","E2F6"
"BTK","GRIP1","E2F6"
"BTK","TMIGD2","E2F6"
"BTK","CCR2","E2F6"
"BTK","STIP1","E2F6"
"BTK","PSTPIP1","E2F6"
"BTK","ARRB2","E2F6"
"BTK","TRAF3","E2F6"
"BTK","CRTC2","E2F6"
"BTK","CD28","E2F6"
"BTK","INPP5D","E2F6"
"BTK","FRS2","E2F6"
"BTK","CCNE1","E2F6"
"BTK","IMPDH2","E2F6"
"BTK","SET","E2F6"
"BTK","PIK3CG","E2F6"
"BTK","SH2B2","E2F6"
"BTK","TRPV1","E2F6"
"BTK","PPP1R14A","E2F6"
"BTK","BCL10","E2F6"
"BTK","PIK3R6","E2F6"
"BTK","MRE11","E2F6"
"BTK","HDAC2","E2F6"
"BTK","KSR1","E2F6"
"BTK","DDX58","E2F6"
"BTK","UBXN2B","E2F6"
"BTK","MST1R","E2F6"
"BTK","ROR2","E2F6"
"BTK","ABI1","E2F6"
"BTK","IFIH1","E2F6"
"BTK","RAD50","E2F6"
"BTK","TTI1","E2F6"
"BTK","WDFY3","E2F6"
"BTK","LRP6","E2F6"
"BTK","GRB14","E2F6"
"BTK","HOXB7","E2F6"
"BTK","PIK3C3","E2F6"
"BTK","RND1","E2F6"
"BTK","STING1","E2F6"
"BTK","SPEN","E2F6"
"BTK","NFKB1","E2F6"
"BTK","CTDP1","E2F6"
"BTK","TELO2","E2F6"
"BTK","BLVRA","E2F6"
"BTK","CLSPN","E2F6"
"BTK","MAPKAP1","E2F6"
"BTK","GRB7","E2F6"
"BTK","BAZ1B","E2F6"
"BTK","RBL2","E2F6"
"BTK","PPP1R14B","E2F6"
"BTK","PABIR1","E2F6"
"BTK","MAPK3","DGCR8"
"BTK","AKT3","DGCR8"
"BTK","CHUK","DGCR8"
"BTK","AKT2","DGCR8"
"BTK","PTEN","DGCR8"
"BTK","PRKCQ","DGCR8"
"BTK","MTOR","DGCR8"
"BTK","AKT1","DGCR8"
"BTK","PRKG1","DGCR8"
"BTK","CCP110","DGCR8"
"BTK","RPS6K","DGCR8"
"BTK","CALM2","DGCR8"
"BTK","ERK1/2","DGCR8"
"BTK","Gbeta","DGCR8"
"BTK","LCK","DGCR8"
"BTK","CDK9","DGCR8"
"BTK","RPS6KA5","DGCR8"
"BTK","WNK1","DGCR8"
"BTK","PDPK1","DGCR8"
"BTK","SGK1","DGCR8"
"BTK","MAP2K1","DGCR8"
"BTK","PRKCB","DGCR8"
"BTK","PRKCG","DGCR8"
"BTK","PRKCZ","DGCR8"
"BTK","CyclinD/CDK4","DGCR8"
"BTK","MAP3K1","DGCR8"
"BTK","MAP3K7","DGCR8"
"BTK","AKT","DGCR8"
"BTK","IKBKB","DGCR8"
"BTK","WWTR1","DGCR8"
"BTK","DOK1","DGCR8"
"BTK","MAP3K4","DGCR8"
"BTK","DAPK1","DGCR8"
"BTK","PXN","DGCR8"
"BTK","FGG","DGCR8"
"BTK","LEPR","DGCR8"
"BTK","ITK","DGCR8"
"BTK","RPS6KA3","DGCR8"
"BTK","BCL3","DGCR8"
"BTK","DVL1","DGCR8"
"BTK","FZR1","DGCR8"
"BTK","VCPIP1","DGCR8"
"BTK","ATR","DGCR8"
"BTK","SGK3","DGCR8"
"BTK","PTK6","DGCR8"
"BTK","IKBKE","DGCR8"
"BTK","CCND1","DGCR8"
"BTK","ILK","DGCR8"
"BTK","STAP1","DGCR8"
"BTK","TBK1","DGCR8"
"BTK","SPRED1","DGCR8"
"BTK","MEK1/2","DGCR8"
"BTK","PTPN7","DGCR8"
"BTK","CALM1","DGCR8"
"BTK","FADD","DGCR8"
"BTK","STK38","DGCR8"
"BTK","TLK1","DGCR8"
"BTK","C9orf72","DGCR8"
"BTK","CDKN2A","DGCR8"
"BTK","MAP4K1","DGCR8"
"BTK","RET","DGCR8"
"BTK","DDX41","DGCR8"
"BTK","IKK-complex","DGCR8"
"BTK","SHC1","DGCR8"
"BTK","RPS6KA4","DGCR8"
"BTK","NTRK1","DGCR8"
"BTK","GPSM3","DGCR8"
"BTK","RELA","DGCR8"
"BTK","MAPKAPK5","DGCR8"
"BTK","EPHA2","DGCR8"
"BTK","MAP3K8","DGCR8"
"BTK","PTPRR","DGCR8"
"BTK","CDKN1B","DGCR8"
"BTK","FBLIM1","DGCR8"
"BTK","TEC","DGCR8"
"BTK","VCP","DGCR8"
"BTK","GRIP1","DGCR8"
"BTK","TMIGD2","DGCR8"
"BTK","CCR2","DGCR8"
"BTK","STIP1","DGCR8"
"BTK","PSTPIP1","DGCR8"
"BTK","ARRB2","DGCR8"
"BTK","TRAF3","DGCR8"
"BTK","CRTC2","DGCR8"
"BTK","CD28","DGCR8"
"BTK","INPP5D","DGCR8"
"BTK","FRS2","DGCR8"
"BTK","CCNE1","DGCR8"
"BTK","IMPDH2","DGCR8"
"BTK","SET","DGCR8"
"BTK","PIK3CG","DGCR8"
"BTK","SH2B2","DGCR8"
"BTK","TRPV1","DGCR8"
"BTK","PPP1R14A","DGCR8"
"BTK","BCL10","DGCR8"
"BTK","PIK3R6","DGCR8"
"BTK","MRE11","DGCR8"
"BTK","HDAC2","DGCR8"
"BTK","KSR1","DGCR8"
"BTK","DDX58","DGCR8"
"BTK","UBXN2B","DGCR8"
"BTK","MST1R","DGCR8"
"BTK","ROR2","DGCR8"
"BTK","ABI1","DGCR8"
"BTK","IFIH1","DGCR8"
"BTK","RAD50","DGCR8"
"BTK","TTI1","DGCR8"
"BTK","WDFY3","DGCR8"
"BTK","LRP6","DGCR8"
"BTK","GRB14","DGCR8"
"BTK","HOXB7","DGCR8"
"BTK","PIK3C3","DGCR8"
"BTK","RND1","DGCR8"
"BTK","STING1","DGCR8"
"BTK","SPEN","DGCR8"
"BTK","NFKB1","DGCR8"
"BTK","CTDP1","DGCR8"
"BTK","TELO2","DGCR8"
"BTK","BLVRA","DGCR8"
"BTK","CLSPN","DGCR8"
"BTK","MAPKAP1","DGCR8"
"BTK","GRB7","DGCR8"
"BTK","BAZ1B","DGCR8"
"BTK","PLCG2","DGCR8"
"BTK","RBL2","DGCR8"
"BTK","PPP1R14B","DGCR8"
"BTK","PABIR1","DGCR8"
"BTK","MAPK3","CBX4"
"BTK","AKT3","CBX4"
"BTK","CHUK","CBX4"
"BTK","AKT2","CBX4"
"BTK","PTEN","CBX4"
"BTK","PRKCQ","CBX4"
"BTK","MTOR","CBX4"
"BTK","AKT1","CBX4"
"BTK","PRKG1","CBX4"
"BTK","CCP110","CBX4"
"BTK","RPS6K","CBX4"
"BTK","CALM2","CBX4"
"BTK","ERK1/2","CBX4"
"BTK","Gbeta","CBX4"
"BTK","LCK","CBX4"
"BTK","CDK9","CBX4"
"BTK","ABL1","CBX4"
"BTK","RPS6KA5","CBX4"
"BTK","WNK1","CBX4"
"BTK","PDPK1","CBX4"
"BTK","SGK1","CBX4"
"BTK","MAP2K1","CBX4"
"BTK","PRKCB","CBX4"
"BTK","PRKCG","CBX4"
"BTK","PRKCZ","CBX4"
"BTK","CyclinD/CDK4","CBX4"
"BTK","MAP3K1","CBX4"
"BTK","MAP3K7","CBX4"
"BTK","AKT","CBX4"
"BTK","IKBKB","CBX4"
"BTK","WWTR1","CBX4"
"BTK","DOK1","CBX4"
"BTK","MAP3K4","CBX4"
"BTK","DAPK1","CBX4"
"BTK","PXN","CBX4"
"BTK","FGG","CBX4"
"BTK","LEPR","CBX4"
"BTK","ITK","CBX4"
"BTK","RPS6KA3","CBX4"
"BTK","BCL3","CBX4"
"BTK","DVL1","CBX4"
"BTK","FZR1","CBX4"
"BTK","GRB2","CBX4"
"BTK","VCPIP1","CBX4"
"BTK","ATR","CBX4"
"BTK","SGK3","CBX4"
"BTK","PTK6","CBX4"
"BTK","IKBKE","CBX4"
"BTK","CCND1","CBX4"
"BTK","ILK","CBX4"
"BTK","STAP1","CBX4"
"BTK","TBK1","CBX4"
"BTK","SPRED1","CBX4"
"BTK","MEK1/2","CBX4"
"BTK","PTPN7","CBX4"
"BTK","CALM1","CBX4"
"BTK","FADD","CBX4"
"BTK","STK38","CBX4"
"BTK","TLK1","CBX4"
"BTK","C9orf72","CBX4"
"BTK","CDKN2A","CBX4"
"BTK","MAP4K1","CBX4"
"BTK","RET","CBX4"
"BTK","DDX41","CBX4"
"BTK","IKK-complex","CBX4"
"BTK","SHC1","CBX4"
"BTK","RPS6KA4","CBX4"
"BTK","NTRK1","CBX4"
"BTK","GPSM3","CBX4"
"BTK","RELA","CBX4"
"BTK","MAPKAPK5","CBX4"
"BTK","EPHA2","CBX4"
"BTK","MAP3K8","CBX4"
"BTK","PTPRR","CBX4"
"BTK","CDKN1B","CBX4"
"BTK","FBLIM1","CBX4"
"BTK","TEC","CBX4"
"BTK","VCP","CBX4"
"BTK","GRIP1","CBX4"
"BTK","TMIGD2","CBX4"
"BTK","CCR2","CBX4"
"BTK","STIP1","CBX4"
"BTK","PSTPIP1","CBX4"
"BTK","ARRB2","CBX4"
"BTK","TRAF3","CBX4"
"BTK","CRTC2","CBX4"
"BTK","CD28","CBX4"
"BTK","INPP5D","CBX4"
"BTK","FRS2","CBX4"
"BTK","CCNE1","CBX4"
"BTK","IMPDH2","CBX4"
"BTK","SET","CBX4"
"BTK","PIK3CG","CBX4"
"BTK","SH2B2","CBX4"
"BTK","TRPV1","CBX4"
"BTK","PPP1R14A","CBX4"
"BTK","BCL10","CBX4"
"BTK","PIK3R6","CBX4"
"BTK","MRE11","CBX4"
"BTK","HDAC2","CBX4"
"BTK","KSR1","CBX4"
"BTK","DDX58","CBX4"
"BTK","UBXN2B","CBX4"
"BTK","MST1R","CBX4"
"BTK","ROR2","CBX4"
"BTK","ABI1","CBX4"
"BTK","IFIH1","CBX4"
"BTK","RAD50","CBX4"
"BTK","TTI1","CBX4"
"BTK","WDFY3","CBX4"
"BTK","LRP6","CBX4"
"BTK","GRB14","CBX4"
"BTK","HOXB7","CBX4"
"BTK","PIK3C3","CBX4"
"BTK","RND1","CBX4"
"BTK","STING1","CBX4"
"BTK","SPEN","CBX4"
"BTK","NFKB1","CBX4"
"BTK","CTDP1","CBX4"
"BTK","TELO2","CBX4"
"BTK","BLVRA","CBX4"
"BTK","CLSPN","CBX4"
"BTK","MAPKAP1","CBX4"
"BTK","GRB7","CBX4"
"BTK","BAZ1B","CBX4"
"BTK","RBL2","CBX4"
"BTK","PPP1R14B","CBX4"
"BTK","PABIR1","CBX4"
"BTK","MAPK3","PRDX6"
"BTK","AKT3","PRDX6"
"BTK","CHUK","PRDX6"
"BTK","AKT2","PRDX6"
"BTK","PTEN","PRDX6"
"BTK","PRKCQ","PRDX6"
"BTK","MTOR","PRDX6"
"BTK","AKT1","PRDX6"
"BTK","PRKG1","PRDX6"
"BTK","CCP110","PRDX6"
"BTK","RPS6K","PRDX6"
"BTK","CALM2","PRDX6"
"BTK","ERK1/2","PRDX6"
"BTK","Gbeta","PRDX6"
"BTK","LCK","PRDX6"
"BTK","CDK9","PRDX6"
"BTK","ABL1","PRDX6"
"BTK","RPS6KA5","PRDX6"
"BTK","WNK1","PRDX6"
"BTK","PDPK1","PRDX6"
"BTK","SGK1","PRDX6"
"BTK","MAP2K1","PRDX6"
"BTK","PRKCB","PRDX6"
"BTK","PRKCG","PRDX6"
"BTK","PRKCZ","PRDX6"
"BTK","CyclinD/CDK4","PRDX6"
"BTK","MAP3K1","PRDX6"
"BTK","MAP3K7","PRDX6"
"BTK","AKT","PRDX6"
"BTK","IKBKB","PRDX6"
"BTK","WWTR1","PRDX6"
"BTK","DOK1","PRDX6"
"BTK","MAP3K4","PRDX6"
"BTK","DAPK1","PRDX6"
"BTK","PXN","PRDX6"
"BTK","FGG","PRDX6"
"BTK","LEPR","PRDX6"
"BTK","ITK","PRDX6"
"BTK","RPS6KA3","PRDX6"
"BTK","BCL3","PRDX6"
"BTK","DVL1","PRDX6"
"BTK","FZR1","PRDX6"
"BTK","GRB2","PRDX6"
"BTK","VCPIP1","PRDX6"
"BTK","ATR","PRDX6"
"BTK","SGK3","PRDX6"
"BTK","PTK6","PRDX6"
"BTK","IKBKE","PRDX6"
"BTK","CCND1","PRDX6"
"BTK","ILK","PRDX6"
"BTK","STAP1","PRDX6"
"BTK","TBK1","PRDX6"
"BTK","SPRED1","PRDX6"
"BTK","MEK1/2","PRDX6"
"BTK","PTPN7","PRDX6"
"BTK","CALM1","PRDX6"
"BTK","FADD","PRDX6"
"BTK","STK38","PRDX6"
"BTK","TLK1","PRDX6"
"BTK","C9orf72","PRDX6"
"BTK","CDKN2A","PRDX6"
"BTK","MAP4K1","PRDX6"
"BTK","DDX41","PRDX6"
"BTK","IKK-complex","PRDX6"
"BTK","SHC1","PRDX6"
"BTK","RPS6KA4","PRDX6"
"BTK","NTRK1","PRDX6"
"BTK","GPSM3","PRDX6"
"BTK","RELA","PRDX6"
"BTK","MAPKAPK5","PRDX6"
"BTK","EPHA2","PRDX6"
"BTK","MAP3K8","PRDX6"
"BTK","PTPRR","PRDX6"
"BTK","CDKN1B","PRDX6"
"BTK","FBLIM1","PRDX6"
"BTK","TEC","PRDX6"
"BTK","VCP","PRDX6"
"BTK","GRIP1","PRDX6"
"BTK","TMIGD2","PRDX6"
"BTK","CCR2","PRDX6"
"BTK","STIP1","PRDX6"
"BTK","PSTPIP1","PRDX6"
"BTK","ARRB2","PRDX6"
"BTK","TRAF3","PRDX6"
"BTK","CRTC2","PRDX6"
"BTK","CD28","PRDX6"
"BTK","INPP5D","PRDX6"
"BTK","FRS2","PRDX6"
"BTK","CCNE1","PRDX6"
"BTK","IMPDH2","PRDX6"
"BTK","SET","PRDX6"
"BTK","PIK3CG","PRDX6"
"BTK","SH2B2","PRDX6"
"BTK","TRPV1","PRDX6"
"BTK","PPP1R14A","PRDX6"
"BTK","BCL10","PRDX6"
"BTK","PIK3R6","PRDX6"
"BTK","MRE11","PRDX6"
"BTK","HDAC2","PRDX6"
"BTK","KSR1","PRDX6"
"BTK","DDX58","PRDX6"
"BTK","UBXN2B","PRDX6"
"BTK","MST1R","PRDX6"
"BTK","ROR2","PRDX6"
"BTK","ABI1","PRDX6"
"BTK","IFIH1","PRDX6"
"BTK","RAD50","PRDX6"
"BTK","TTI1","PRDX6"
"BTK","WDFY3","PRDX6"
"BTK","LRP6","PRDX6"
"BTK","GRB14","PRDX6"
"BTK","HOXB7","PRDX6"
"BTK","PIK3C3","PRDX6"
"BTK","RND1","PRDX6"
"BTK","STING1","PRDX6"
"BTK","SPEN","PRDX6"
"BTK","NFKB1","PRDX6"
"BTK","CTDP1","PRDX6"
"BTK","TELO2","PRDX6"
"BTK","BLVRA","PRDX6"
"BTK","CLSPN","PRDX6"
"BTK","MAPKAP1","PRDX6"
"BTK","GRB7","PRDX6"
"BTK","BAZ1B","PRDX6"
"BTK","PLCG2","PRDX6"
"BTK","RBL2","PRDX6"
"BTK","PPP1R14B","PRDX6"
"BTK","PABIR1","PRDX6"
"BTK","MAPK3","KCNMA1"
"BTK","AKT3","KCNMA1"
"BTK","CHUK","KCNMA1"
"BTK","AKT2","KCNMA1"
"BTK","PTEN","KCNMA1"
"BTK","PRKCQ","KCNMA1"
"BTK","MTOR","KCNMA1"
"BTK","AKT1","KCNMA1"
"BTK","PRKG1","KCNMA1"
"BTK","CCP110","KCNMA1"
"BTK","RPS6K","KCNMA1"
"BTK","CALM2","KCNMA1"
"BTK","ERK1/2","KCNMA1"
"BTK","Gbeta","KCNMA1"
"BTK","LCK","KCNMA1"
"BTK","CDK9","KCNMA1"
"BTK","ABL1","KCNMA1"
"BTK","RPS6KA5","KCNMA1"
"BTK","WNK1","KCNMA1"
"BTK","PDPK1","KCNMA1"
"BTK","SGK1","KCNMA1"
"BTK","MAP2K1","KCNMA1"
"BTK","PRKCB","KCNMA1"
"BTK","PRKCG","KCNMA1"
"BTK","PRKCZ","KCNMA1"
"BTK","CyclinD/CDK4","KCNMA1"
"BTK","MAP3K1","KCNMA1"
"BTK","MAP3K7","KCNMA1"
"BTK","AKT","KCNMA1"
"BTK","IKBKB","KCNMA1"
"BTK","WWTR1","KCNMA1"
"BTK","DOK1","KCNMA1"
"BTK","MAP3K4","KCNMA1"
"BTK","DAPK1","KCNMA1"
"BTK","PXN","KCNMA1"
"BTK","FGG","KCNMA1"
"BTK","LEPR","KCNMA1"
"BTK","RPS6KA3","KCNMA1"
"BTK","BCL3","KCNMA1"
"BTK","DVL1","KCNMA1"
"BTK","FZR1","KCNMA1"
"BTK","GRB2","KCNMA1"
"BTK","VCPIP1","KCNMA1"
"BTK","ATR","KCNMA1"
"BTK","SGK3","KCNMA1"
"BTK","PTK6","KCNMA1"
"BTK","IKBKE","KCNMA1"
"BTK","CCND1","KCNMA1"
"BTK","ILK","KCNMA1"
"BTK","STAP1","KCNMA1"
"BTK","TBK1","KCNMA1"
"BTK","SPRED1","KCNMA1"
"BTK","MEK1/2","KCNMA1"
"BTK","PTPN7","KCNMA1"
"BTK","CALM1","KCNMA1"
"BTK","FADD","KCNMA1"
"BTK","STK38","KCNMA1"
"BTK","TLK1","KCNMA1"
"BTK","C9orf72","KCNMA1"
"BTK","CDKN2A","KCNMA1"
"BTK","MAP4K1","KCNMA1"
"BTK","RET","KCNMA1"
"BTK","DDX41","KCNMA1"
"BTK","IKK-complex","KCNMA1"
"BTK","SHC1","KCNMA1"
"BTK","RPS6KA4","KCNMA1"
"BTK","NTRK1","KCNMA1"
"BTK","GPSM3","KCNMA1"
"BTK","RELA","KCNMA1"
"BTK","MAPKAPK5","KCNMA1"
"BTK","EPHA2","KCNMA1"
"BTK","MAP3K8","KCNMA1"
"BTK","PTPRR","KCNMA1"
"BTK","CDKN1B","KCNMA1"
"BTK","FBLIM1","KCNMA1"
"BTK","VCP","KCNMA1"
"BTK","GRIP1","KCNMA1"
"BTK","TMIGD2","KCNMA1"
"BTK","CCR2","KCNMA1"
"BTK","STIP1","KCNMA1"
"BTK","PSTPIP1","KCNMA1"
"BTK","ARRB2","KCNMA1"
"BTK","TRAF3","KCNMA1"
"BTK","CRTC2","KCNMA1"
"BTK","CD28","KCNMA1"
"BTK","INPP5D","KCNMA1"
"BTK","FRS2","KCNMA1"
"BTK","CCNE1","KCNMA1"
"BTK","IMPDH2","KCNMA1"
"BTK","SET","KCNMA1"
"BTK","PIK3CG","KCNMA1"
"BTK","SH2B2","KCNMA1"
"BTK","TRPV1","KCNMA1"
"BTK","PPP1R14A","KCNMA1"
"BTK","BCL10","KCNMA1"
"BTK","PIK3R6","KCNMA1"
"BTK","MRE11","KCNMA1"
"BTK","HDAC2","KCNMA1"
"BTK","KSR1","KCNMA1"
"BTK","DDX58","KCNMA1"
"BTK","UBXN2B","KCNMA1"
"BTK","MST1R","KCNMA1"
"BTK","ROR2","KCNMA1"
"BTK","ABI1","KCNMA1"
"BTK","IFIH1","KCNMA1"
"BTK","RAD50","KCNMA1"
"BTK","TTI1","KCNMA1"
"BTK","WDFY3","KCNMA1"
"BTK","LRP6","KCNMA1"
"BTK","GRB14","KCNMA1"
"BTK","HOXB7","KCNMA1"
"BTK","PIK3C3","KCNMA1"
"BTK","RND1","KCNMA1"
"BTK","STING1","KCNMA1"
"BTK","SPEN","KCNMA1"
"BTK","NFKB1","KCNMA1"
"BTK","CTDP1","KCNMA1"
"BTK","TELO2","KCNMA1"
"BTK","BLVRA","KCNMA1"
"BTK","CLSPN","KCNMA1"
"BTK","MAPKAP1","KCNMA1"
"BTK","GRB7","KCNMA1"
"BTK","BAZ1B","KCNMA1"
"BTK","PLCG2","KCNMA1"
"BTK","RBL2","KCNMA1"
"BTK","PPP1R14B","KCNMA1"
"BTK","PABIR1","KCNMA1"
"BTK","MAPK3","TTF1"
"BTK","AKT3","TTF1"
"BTK","CHUK","TTF1"
"BTK","AKT2","TTF1"
"BTK","PTEN","TTF1"
"BTK","PRKCQ","TTF1"
"BTK","MTOR","TTF1"
"BTK","AKT1","TTF1"
"BTK","PRKG1","TTF1"
"BTK","CCP110","TTF1"
"BTK","RPS6K","TTF1"
"BTK","CALM2","TTF1"
"BTK","ERK1/2","TTF1"
"BTK","Gbeta","TTF1"
"BTK","LCK","TTF1"
"BTK","CDK9","TTF1"
"BTK","ABL1","TTF1"
"BTK","RPS6KA5","TTF1"
"BTK","WNK1","TTF1"
"BTK","PDPK1","TTF1"
"BTK","SGK1","TTF1"
"BTK","MAP2K1","TTF1"
"BTK","PRKCB","TTF1"
"BTK","PRKCG","TTF1"
"BTK","PRKCZ","TTF1"
"BTK","CyclinD/CDK4","TTF1"
"BTK","MAP3K1","TTF1"
"BTK","MAP3K7","TTF1"
"BTK","AKT","TTF1"
"BTK","IKBKB","TTF1"
"BTK","DOK1","TTF1"
"BTK","MAP3K4","TTF1"
"BTK","DAPK1","TTF1"
"BTK","PXN","TTF1"
"BTK","FGG","TTF1"
"BTK","LEPR","TTF1"
"BTK","ITK","TTF1"
"BTK","RPS6KA3","TTF1"
"BTK","BCL3","TTF1"
"BTK","DVL1","TTF1"
"BTK","FZR1","TTF1"
"BTK","GRB2","TTF1"
"BTK","VCPIP1","TTF1"
"BTK","ATR","TTF1"
"BTK","SGK3","TTF1"
"BTK","PTK6","TTF1"
"BTK","IKBKE","TTF1"
"BTK","CCND1","TTF1"
"BTK","ILK","TTF1"
"BTK","STAP1","TTF1"
"BTK","TBK1","TTF1"
"BTK","SPRED1","TTF1"
"BTK","MEK1/2","TTF1"
"BTK","PTPN7","TTF1"
"BTK","CALM1","TTF1"
"BTK","FADD","TTF1"
"BTK","STK38","TTF1"
"BTK","TLK1","TTF1"
"BTK","C9orf72","TTF1"
"BTK","CDKN2A","TTF1"
"BTK","MAP4K1","TTF1"
"BTK","RET","TTF1"
"BTK","DDX41","TTF1"
"BTK","IKK-complex","TTF1"
"BTK","SHC1","TTF1"
"BTK","RPS6KA4","TTF1"
"BTK","NTRK1","TTF1"
"BTK","GPSM3","TTF1"
"BTK","RELA","TTF1"
"BTK","MAPKAPK5","TTF1"
"BTK","EPHA2","TTF1"
"BTK","MAP3K8","TTF1"
"BTK","PTPRR","TTF1"
"BTK","CDKN1B","TTF1"
"BTK","FBLIM1","TTF1"
"BTK","TEC","TTF1"
"BTK","VCP","TTF1"
"BTK","GRIP1","TTF1"
"BTK","TMIGD2","TTF1"
"BTK","CCR2","TTF1"
"BTK","STIP1","TTF1"
"BTK","PSTPIP1","TTF1"
"BTK","ARRB2","TTF1"
"BTK","TRAF3","TTF1"
"BTK","CRTC2","TTF1"
"BTK","CD28","TTF1"
"BTK","INPP5D","TTF1"
"BTK","FRS2","TTF1"
"BTK","CCNE1","TTF1"
"BTK","IMPDH2","TTF1"
"BTK","SET","TTF1"
"BTK","PIK3CG","TTF1"
"BTK","SH2B2","TTF1"
"BTK","TRPV1","TTF1"
"BTK","PPP1R14A","TTF1"
"BTK","BCL10","TTF1"
"BTK","PIK3R6","TTF1"
"BTK","MRE11","TTF1"
"BTK","HDAC2","TTF1"
"BTK","KSR1","TTF1"
"BTK","DDX58","TTF1"
"BTK","UBXN2B","TTF1"
"BTK","MST1R","TTF1"
"BTK","ROR2","TTF1"
"BTK","ABI1","TTF1"
"BTK","IFIH1","TTF1"
"BTK","RAD50","TTF1"
"BTK","TTI1","TTF1"
"BTK","WDFY3","TTF1"
"BTK","LRP6","TTF1"
"BTK","GRB14","TTF1"
"BTK","HOXB7","TTF1"
"BTK","PIK3C3","TTF1"
"BTK","RND1","TTF1"
"BTK","STING1","TTF1"
"BTK","SPEN","TTF1"
"BTK","NFKB1","TTF1"
"BTK","CTDP1","TTF1"
"BTK","TELO2","TTF1"
"BTK","BLVRA","TTF1"
"BTK","CLSPN","TTF1"
"BTK","MAPKAP1","TTF1"
"BTK","GRB7","TTF1"
"BTK","BAZ1B","TTF1"
"BTK","RBL2","TTF1"
"BTK","PPP1R14B","TTF1"
"BTK","PABIR1","TTF1"
"BTK","MAPK3","GPM6A"
"BTK","AKT3","GPM6A"
"BTK","CHUK","GPM6A"
"BTK","AKT2","GPM6A"
"BTK","PTEN","GPM6A"
"BTK","PRKCQ","GPM6A"
"BTK","MTOR","GPM6A"
"BTK","AKT1","GPM6A"
"BTK","PRKG1","GPM6A"
"BTK","CCP110","GPM6A"
"BTK","RPS6K","GPM6A"
"BTK","CALM2","GPM6A"
"BTK","ERK1/2","GPM6A"
"BTK","Gbeta","GPM6A"
"BTK","LCK","GPM6A"
"BTK","CDK9","GPM6A"
"BTK","ABL1","GPM6A"
"BTK","RPS6KA5","GPM6A"
"BTK","WNK1","GPM6A"
"BTK","PDPK1","GPM6A"
"BTK","SGK1","GPM6A"
"BTK","MAP2K1","GPM6A"
"BTK","PRKCB","GPM6A"
"BTK","PRKCG","GPM6A"
"BTK","PRKCZ","GPM6A"
"BTK","CyclinD/CDK4","GPM6A"
"BTK","MAP3K1","GPM6A"
"BTK","MAP3K7","GPM6A"
"BTK","AKT","GPM6A"
"BTK","IKBKB","GPM6A"
"BTK","WWTR1","GPM6A"
"BTK","DOK1","GPM6A"
"BTK","MAP3K4","GPM6A"
"BTK","DAPK1","GPM6A"
"BTK","PXN","GPM6A"
"BTK","FGG","GPM6A"
"BTK","LEPR","GPM6A"
"BTK","RPS6KA3","GPM6A"
"BTK","BCL3","GPM6A"
"BTK","DVL1","GPM6A"
"BTK","FZR1","GPM6A"
"BTK","GRB2","GPM6A"
"BTK","VCPIP1","GPM6A"
"BTK","ATR","GPM6A"
"BTK","SGK3","GPM6A"
"BTK","PTK6","GPM6A"
"BTK","IKBKE","GPM6A"
"BTK","CCND1","GPM6A"
"BTK","ILK","GPM6A"
"BTK","STAP1","GPM6A"
"BTK","TBK1","GPM6A"
"BTK","SPRED1","GPM6A"
"BTK","MEK1/2","GPM6A"
"BTK","PTPN7","GPM6A"
"BTK","CALM1","GPM6A"
"BTK","FADD","GPM6A"
"BTK","STK38","GPM6A"
"BTK","TLK1","GPM6A"
"BTK","C9orf72","GPM6A"
"BTK","CDKN2A","GPM6A"
"BTK","MAP4K1","GPM6A"
"BTK","RET","GPM6A"
"BTK","DDX41","GPM6A"
"BTK","IKK-complex","GPM6A"
"BTK","SHC1","GPM6A"
"BTK","RPS6KA4","GPM6A"
"BTK","NTRK1","GPM6A"
"BTK","GPSM3","GPM6A"
"BTK","RELA","GPM6A"
"BTK","MAPKAPK5","GPM6A"
"BTK","EPHA2","GPM6A"
"BTK","MAP3K8","GPM6A"
"BTK","PTPRR","GPM6A"
"BTK","CDKN1B","GPM6A"
"BTK","FBLIM1","GPM6A"
"BTK","VCP","GPM6A"
"BTK","GRIP1","GPM6A"
"BTK","TMIGD2","GPM6A"
"BTK","CCR2","GPM6A"
"BTK","STIP1","GPM6A"
"BTK","PSTPIP1","GPM6A"
"BTK","ARRB2","GPM6A"
"BTK","TRAF3","GPM6A"
"BTK","CRTC2","GPM6A"
"BTK","CD28","GPM6A"
"BTK","INPP5D","GPM6A"
"BTK","FRS2","GPM6A"
"BTK","CCNE1","GPM6A"
"BTK","IMPDH2","GPM6A"
"BTK","SET","GPM6A"
"BTK","PIK3CG","GPM6A"
"BTK","SH2B2","GPM6A"
"BTK","TRPV1","GPM6A"
"BTK","PPP1R14A","GPM6A"
"BTK","BCL10","GPM6A"
"BTK","PIK3R6","GPM6A"
"BTK","MRE11","GPM6A"
"BTK","HDAC2","GPM6A"
"BTK","KSR1","GPM6A"
"BTK","DDX58","GPM6A"
"BTK","UBXN2B","GPM6A"
"BTK","MST1R","GPM6A"
"BTK","ROR2","GPM6A"
"BTK","ABI1","GPM6A"
"BTK","IFIH1","GPM6A"
"BTK","RAD50","GPM6A"
"BTK","TTI1","GPM6A"
"BTK","WDFY3","GPM6A"
"BTK","LRP6","GPM6A"
"BTK","GRB14","GPM6A"
"BTK","HOXB7","GPM6A"
"BTK","PIK3C3","GPM6A"
"BTK","RND1","GPM6A"
"BTK","STING1","GPM6A"
"BTK","SPEN","GPM6A"
"BTK","NFKB1","GPM6A"
"BTK","CTDP1","GPM6A"
"BTK","TELO2","GPM6A"
"BTK","BLVRA","GPM6A"
"BTK","CLSPN","GPM6A"
"BTK","MAPKAP1","GPM6A"
"BTK","GRB7","GPM6A"
"BTK","BAZ1B","GPM6A"
"BTK","PLCG2","GPM6A"
"BTK","RBL2","GPM6A"
"BTK","PPP1R14B","GPM6A"
"BTK","PABIR1","GPM6A"
"BTK","MAPK3","APBB1"
"BTK","AKT3","APBB1"
"BTK","CHUK","APBB1"
"BTK","AKT2","APBB1"
"BTK","PTEN","APBB1"
"BTK","PRKCQ","APBB1"
"BTK","MTOR","APBB1"
"BTK","AKT1","APBB1"
"BTK","PRKG1","APBB1"
"BTK","CCP110","APBB1"
"BTK","RPS6K","APBB1"
"BTK","CALM2","APBB1"
"BTK","ERK1/2","APBB1"
"BTK","Gbeta","APBB1"
"BTK","LCK","APBB1"
"BTK","CDK9","APBB1"
"BTK","RPS6KA5","APBB1"
"BTK","WNK1","APBB1"
"BTK","PDPK1","APBB1"
"BTK","SGK1","APBB1"
"BTK","MAP2K1","APBB1"
"BTK","PRKCB","APBB1"
"BTK","PRKCG","APBB1"
"BTK","PRKCZ","APBB1"
"BTK","CyclinD/CDK4","APBB1"
"BTK","MAP3K1","APBB1"
"BTK","MAP3K7","APBB1"
"BTK","AKT","APBB1"
"BTK","IKBKB","APBB1"
"BTK","WWTR1","APBB1"
"BTK","DOK1","APBB1"
"BTK","MAP3K4","APBB1"
"BTK","DAPK1","APBB1"
"BTK","PXN","APBB1"
"BTK","FGG","APBB1"
"BTK","LEPR","APBB1"
"BTK","ITK","APBB1"
"BTK","RPS6KA3","APBB1"
"BTK","BCL3","APBB1"
"BTK","DVL1","APBB1"
"BTK","FZR1","APBB1"
"BTK","VCPIP1","APBB1"
"BTK","ATR","APBB1"
"BTK","SGK3","APBB1"
"BTK","PTK6","APBB1"
"BTK","IKBKE","APBB1"
"BTK","CCND1","APBB1"
"BTK","ILK","APBB1"
"BTK","STAP1","APBB1"
"BTK","TBK1","APBB1"
"BTK","SPRED1","APBB1"
"BTK","MEK1/2","APBB1"
"BTK","PTPN7","APBB1"
"BTK","CALM1","APBB1"
"BTK","FADD","APBB1"
"BTK","STK38","APBB1"
"BTK","TLK1","APBB1"
"BTK","C9orf72","APBB1"
"BTK","CDKN2A","APBB1"
"BTK","MAP4K1","APBB1"
"BTK","RET","APBB1"
"BTK","DDX41","APBB1"
"BTK","IKK-complex","APBB1"
"BTK","SHC1","APBB1"
"BTK","RPS6KA4","APBB1"
"BTK","NTRK1","APBB1"
"BTK","GPSM3","APBB1"
"BTK","RELA","APBB1"
"BTK","MAPKAPK5","APBB1"
"BTK","EPHA2","APBB1"
"BTK","MAP3K8","APBB1"
"BTK","PTPRR","APBB1"
"BTK","CDKN1B","APBB1"
"BTK","FBLIM1","APBB1"
"BTK","TEC","APBB1"
"BTK","VCP","APBB1"
"BTK","GRIP1","APBB1"
"BTK","TMIGD2","APBB1"
"BTK","CCR2","APBB1"
"BTK","STIP1","APBB1"
"BTK","PSTPIP1","APBB1"
"BTK","ARRB2","APBB1"
"BTK","TRAF3","APBB1"
"BTK","CRTC2","APBB1"
"BTK","CD28","APBB1"
"BTK","INPP5D","APBB1"
"BTK","FRS2","APBB1"
"BTK","CCNE1","APBB1"
"BTK","IMPDH2","APBB1"
"BTK","SET","APBB1"
"BTK","PIK3CG","APBB1"
"BTK","SH2B2","APBB1"
"BTK","TRPV1","APBB1"
"BTK","PPP1R14A","APBB1"
"BTK","BCL10","APBB1"
"BTK","PIK3R6","APBB1"
"BTK","MRE11","APBB1"
"BTK","HDAC2","APBB1"
"BTK","KSR1","APBB1"
"BTK","DDX58","APBB1"
"BTK","UBXN2B","APBB1"
"BTK","MST1R","APBB1"
"BTK","ROR2","APBB1"
"BTK","ABI1","APBB1"
"BTK","IFIH1","APBB1"
"BTK","RAD50","APBB1"
"BTK","TTI1","APBB1"
"BTK","WDFY3","APBB1"
"BTK","LRP6","APBB1"
"BTK","GRB14","APBB1"
"BTK","HOXB7","APBB1"
"BTK","PIK3C3","APBB1"
"BTK","RND1","APBB1"
"BTK","STING1","APBB1"
"BTK","SPEN","APBB1"
"BTK","NFKB1","APBB1"
"BTK","CTDP1","APBB1"
"BTK","TELO2","APBB1"
"BTK","BLVRA","APBB1"
"BTK","CLSPN","APBB1"
"BTK","MAPKAP1","APBB1"
"BTK","GRB7","APBB1"
"BTK","BAZ1B","APBB1"
"BTK","PLCG2","APBB1"
"BTK","RBL2","APBB1"
"BTK","PPP1R14B","APBB1"
"BTK","PABIR1","APBB1"
"BTK","MAPK3","ATP2B4"
"BTK","AKT3","ATP2B4"
"BTK","CHUK","ATP2B4"
"BTK","AKT2","ATP2B4"
"BTK","PTEN","ATP2B4"
"BTK","PRKCQ","ATP2B4"
"BTK","MTOR","ATP2B4"
"BTK","AKT1","ATP2B4"
"BTK","PRKG1","ATP2B4"
"BTK","CCP110","ATP2B4"
"BTK","RPS6K","ATP2B4"
"BTK","CALM2","ATP2B4"
"BTK","ERK1/2","ATP2B4"
"BTK","Gbeta","ATP2B4"
"BTK","LCK","ATP2B4"
"BTK","CDK9","ATP2B4"
"BTK","ABL1","ATP2B4"
"BTK","RPS6KA5","ATP2B4"
"BTK","WNK1","ATP2B4"
"BTK","PDPK1","ATP2B4"
"BTK","SGK1","ATP2B4"
"BTK","MAP2K1","ATP2B4"
"BTK","PRKCB","ATP2B4"
"BTK","PRKCG","ATP2B4"
"BTK","PRKCZ","ATP2B4"
"BTK","CyclinD/CDK4","ATP2B4"
"BTK","MAP3K1","ATP2B4"
"BTK","MAP3K7","ATP2B4"
"BTK","AKT","ATP2B4"
"BTK","IKBKB","ATP2B4"
"BTK","WWTR1","ATP2B4"
"BTK","DOK1","ATP2B4"
"BTK","MAP3K4","ATP2B4"
"BTK","DAPK1","ATP2B4"
"BTK","PXN","ATP2B4"
"BTK","FGG","ATP2B4"
"BTK","LEPR","ATP2B4"
"BTK","ITK","ATP2B4"
"BTK","RPS6KA3","ATP2B4"
"BTK","BCL3","ATP2B4"
"BTK","DVL1","ATP2B4"
"BTK","FZR1","ATP2B4"
"BTK","GRB2","ATP2B4"
"BTK","VCPIP1","ATP2B4"
"BTK","ATR","ATP2B4"
"BTK","SGK3","ATP2B4"
"BTK","PTK6","ATP2B4"
"BTK","IKBKE","ATP2B4"
"BTK","CCND1","ATP2B4"
"BTK","ILK","ATP2B4"
"BTK","STAP1","ATP2B4"
"BTK","TBK1","ATP2B4"
"BTK","SPRED1","ATP2B4"
"BTK","MEK1/2","ATP2B4"
"BTK","PTPN7","ATP2B4"
"BTK","CALM1","ATP2B4"
"BTK","FADD","ATP2B4"
"BTK","STK38","ATP2B4"
"BTK","TLK1","ATP2B4"
"BTK","C9orf72","ATP2B4"
"BTK","CDKN2A","ATP2B4"
"BTK","MAP4K1","ATP2B4"
"BTK","RET","ATP2B4"
"BTK","DDX41","ATP2B4"
"BTK","IKK-complex","ATP2B4"
"BTK","SHC1","ATP2B4"
"BTK","RPS6KA4","ATP2B4"
"BTK","NTRK1","ATP2B4"
"BTK","GPSM3","ATP2B4"
"BTK","RELA","ATP2B4"
"BTK","MAPKAPK5","ATP2B4"
"BTK","EPHA2","ATP2B4"
"BTK","MAP3K8","ATP2B4"
"BTK","PTPRR","ATP2B4"
"BTK","CDKN1B","ATP2B4"
"BTK","FBLIM1","ATP2B4"
"BTK","TEC","ATP2B4"
"BTK","VCP","ATP2B4"
"BTK","GRIP1","ATP2B4"
"BTK","TMIGD2","ATP2B4"
"BTK","CCR2","ATP2B4"
"BTK","STIP1","ATP2B4"
"BTK","PSTPIP1","ATP2B4"
"BTK","ARRB2","ATP2B4"
"BTK","TRAF3","ATP2B4"
"BTK","CRTC2","ATP2B4"
"BTK","CD28","ATP2B4"
"BTK","INPP5D","ATP2B4"
"BTK","FRS2","ATP2B4"
"BTK","CCNE1","ATP2B4"
"BTK","IMPDH2","ATP2B4"
"BTK","SET","ATP2B4"
"BTK","PIK3CG","ATP2B4"
"BTK","SH2B2","ATP2B4"
"BTK","TRPV1","ATP2B4"
"BTK","PPP1R14A","ATP2B4"
"BTK","BCL10","ATP2B4"
"BTK","PIK3R6","ATP2B4"
"BTK","MRE11","ATP2B4"
"BTK","HDAC2","ATP2B4"
"BTK","KSR1","ATP2B4"
"BTK","DDX58","ATP2B4"
"BTK","UBXN2B","ATP2B4"
"BTK","MST1R","ATP2B4"
"BTK","ROR2","ATP2B4"
"BTK","ABI1","ATP2B4"
"BTK","IFIH1","ATP2B4"
"BTK","RAD50","ATP2B4"
"BTK","TTI1","ATP2B4"
"BTK","WDFY3","ATP2B4"
"BTK","LRP6","ATP2B4"
"BTK","GRB14","ATP2B4"
"BTK","HOXB7","ATP2B4"
"BTK","PIK3C3","ATP2B4"
"BTK","RND1","ATP2B4"
"BTK","STING1","ATP2B4"
"BTK","SPEN","ATP2B4"
"BTK","NFKB1","ATP2B4"
"BTK","CTDP1","ATP2B4"
"BTK","TELO2","ATP2B4"
"BTK","CLSPN","ATP2B4"
"BTK","MAPKAP1","ATP2B4"
"BTK","GRB7","ATP2B4"
"BTK","BAZ1B","ATP2B4"
"BTK","PLCG2","ATP2B4"
"BTK","RBL2","ATP2B4"
"BTK","PPP1R14B","ATP2B4"
"BTK","PABIR1","ATP2B4"
"BTK","MAPK3","TUBB3"
"BTK","AKT3","TUBB3"
"BTK","CHUK","TUBB3"
"BTK","AKT2","TUBB3"
"BTK","PTEN","TUBB3"
"BTK","PRKCQ","TUBB3"
"BTK","MTOR","TUBB3"
"BTK","AKT1","TUBB3"
"BTK","PRKG1","TUBB3"
"BTK","CCP110","TUBB3"
"BTK","RPS6K","TUBB3"
"BTK","CALM2","TUBB3"
"BTK","ERK1/2","TUBB3"
"BTK","Gbeta","TUBB3"
"BTK","LCK","TUBB3"
"BTK","CDK9","TUBB3"
"BTK","ABL1","TUBB3"
"BTK","RPS6KA5","TUBB3"
"BTK","WNK1","TUBB3"
"BTK","PDPK1","TUBB3"
"BTK","SGK1","TUBB3"
"BTK","MAP2K1","TUBB3"
"BTK","PRKCB","TUBB3"
"BTK","PRKCG","TUBB3"
"BTK","PRKCZ","TUBB3"
"BTK","CyclinD/CDK4","TUBB3"
"BTK","MAP3K1","TUBB3"
"BTK","MAP3K7","TUBB3"
"BTK","AKT","TUBB3"
"BTK","IKBKB","TUBB3"
"BTK","WWTR1","TUBB3"
"BTK","DOK1","TUBB3"
"BTK","MAP3K4","TUBB3"
"BTK","DAPK1","TUBB3"
"BTK","PXN","TUBB3"
"BTK","FGG","TUBB3"
"BTK","LEPR","TUBB3"
"BTK","ITK","TUBB3"
"BTK","RPS6KA3","TUBB3"
"BTK","BCL3","TUBB3"
"BTK","DVL1","TUBB3"
"BTK","FZR1","TUBB3"
"BTK","GRB2","TUBB3"
"BTK","VCPIP1","TUBB3"
"BTK","ATR","TUBB3"
"BTK","SGK3","TUBB3"
"BTK","PTK6","TUBB3"
"BTK","IKBKE","TUBB3"
"BTK","CCND1","TUBB3"
"BTK","ILK","TUBB3"
"BTK","STAP1","TUBB3"
"BTK","TBK1","TUBB3"
"BTK","SPRED1","TUBB3"
"BTK","MEK1/2","TUBB3"
"BTK","PTPN7","TUBB3"
"BTK","CALM1","TUBB3"
"BTK","FADD","TUBB3"
"BTK","STK38","TUBB3"
"BTK","TLK1","TUBB3"
"BTK","C9orf72","TUBB3"
"BTK","CDKN2A","TUBB3"
"BTK","MAP4K1","TUBB3"
"BTK","RET","TUBB3"
"BTK","DDX41","TUBB3"
"BTK","IKK-complex","TUBB3"
"BTK","SHC1","TUBB3"
"BTK","RPS6KA4","TUBB3"
"BTK","NTRK1","TUBB3"
"BTK","GPSM3","TUBB3"
"BTK","RELA","TUBB3"
"BTK","MAPKAPK5","TUBB3"
"BTK","EPHA2","TUBB3"
"BTK","MAP3K8","TUBB3"
"BTK","PTPRR","TUBB3"
"BTK","CDKN1B","TUBB3"
"BTK","FBLIM1","TUBB3"
"BTK","TEC","TUBB3"
"BTK","VCP","TUBB3"
"BTK","GRIP1","TUBB3"
"BTK","TMIGD2","TUBB3"
"BTK","CCR2","TUBB3"
"BTK","STIP1","TUBB3"
"BTK","PSTPIP1","TUBB3"
"BTK","ARRB2","TUBB3"
"BTK","TRAF3","TUBB3"
"BTK","CRTC2","TUBB3"
"BTK","CD28","TUBB3"
"BTK","INPP5D","TUBB3"
"BTK","FRS2","TUBB3"
"BTK","CCNE1","TUBB3"
"BTK","IMPDH2","TUBB3"
"BTK","SET","TUBB3"
"BTK","PIK3CG","TUBB3"
"BTK","SH2B2","TUBB3"
"BTK","TRPV1","TUBB3"
"BTK","PPP1R14A","TUBB3"
"BTK","BCL10","TUBB3"
"BTK","PIK3R6","TUBB3"
"BTK","MRE11","TUBB3"
"BTK","HDAC2","TUBB3"
"BTK","KSR1","TUBB3"
"BTK","DDX58","TUBB3"
"BTK","UBXN2B","TUBB3"
"BTK","MST1R","TUBB3"
"BTK","ROR2","TUBB3"
"BTK","ABI1","TUBB3"
"BTK","IFIH1","TUBB3"
"BTK","RAD50","TUBB3"
"BTK","TTI1","TUBB3"
"BTK","WDFY3","TUBB3"
"BTK","LRP6","TUBB3"
"BTK","GRB14","TUBB3"
"BTK","HOXB7","TUBB3"
"BTK","PIK3C3","TUBB3"
"BTK","RND1","TUBB3"
"BTK","STING1","TUBB3"
"BTK","SPEN","TUBB3"
"BTK","NFKB1","TUBB3"
"BTK","CTDP1","TUBB3"
"BTK","TELO2","TUBB3"
"BTK","BLVRA","TUBB3"
"BTK","CLSPN","TUBB3"
"BTK","MAPKAP1","TUBB3"
"BTK","GRB7","TUBB3"
"BTK","BAZ1B","TUBB3"
"BTK","RBL2","TUBB3"
"BTK","PPP1R14B","TUBB3"
"BTK","PABIR1","TUBB3"
"BTK","MAPK3","TKT"
"BTK","AKT3","TKT"
"BTK","CHUK","TKT"
"BTK","AKT2","TKT"
"BTK","PTEN","TKT"
"BTK","PRKCQ","TKT"
"BTK","MTOR","TKT"
"BTK","AKT1","TKT"
"BTK","PRKG1","TKT"
"BTK","CCP110","TKT"
"BTK","RPS6K","TKT"
"BTK","CALM2","TKT"
"BTK","ERK1/2","TKT"
"BTK","Gbeta","TKT"
"BTK","LCK","TKT"
"BTK","CDK9","TKT"
"BTK","ABL1","TKT"
"BTK","RPS6KA5","TKT"
"BTK","WNK1","TKT"
"BTK","PDPK1","TKT"
"BTK","SGK1","TKT"
"BTK","MAP2K1","TKT"
"BTK","PRKCB","TKT"
"BTK","PRKCG","TKT"
"BTK","PRKCZ","TKT"
"BTK","CyclinD/CDK4","TKT"
"BTK","MAP3K1","TKT"
"BTK","MAP3K7","TKT"
"BTK","AKT","TKT"
"BTK","IKBKB","TKT"
"BTK","WWTR1","TKT"
"BTK","DOK1","TKT"
"BTK","MAP3K4","TKT"
"BTK","DAPK1","TKT"
"BTK","PXN","TKT"
"BTK","FGG","TKT"
"BTK","LEPR","TKT"
"BTK","ITK","TKT"
"BTK","RPS6KA3","TKT"
"BTK","BCL3","TKT"
"BTK","DVL1","TKT"
"BTK","FZR1","TKT"
"BTK","GRB2","TKT"
"BTK","VCPIP1","TKT"
"BTK","ATR","TKT"
"BTK","SGK3","TKT"
"BTK","PTK6","TKT"
"BTK","IKBKE","TKT"
"BTK","CCND1","TKT"
"BTK","ILK","TKT"
"BTK","STAP1","TKT"
"BTK","TBK1","TKT"
"BTK","SPRED1","TKT"
"BTK","MEK1/2","TKT"
"BTK","PTPN7","TKT"
"BTK","CALM1","TKT"
"BTK","FADD","TKT"
"BTK","STK38","TKT"
"BTK","TLK1","TKT"
"BTK","C9orf72","TKT"
"BTK","CDKN2A","TKT"
"BTK","MAP4K1","TKT"
"BTK","RET","TKT"
"BTK","DDX41","TKT"
"BTK","IKK-complex","TKT"
"BTK","SHC1","TKT"
"BTK","RPS6KA4","TKT"
"BTK","NTRK1","TKT"
"BTK","GPSM3","TKT"
"BTK","RELA","TKT"
"BTK","MAPKAPK5","TKT"
"BTK","EPHA2","TKT"
"BTK","MAP3K8","TKT"
"BTK","PTPRR","TKT"
"BTK","CDKN1B","TKT"
"BTK","FBLIM1","TKT"
"BTK","TEC","TKT"
"BTK","VCP","TKT"
"BTK","GRIP1","TKT"
"BTK","TMIGD2","TKT"
"BTK","CCR2","TKT"
"BTK","STIP1","TKT"
"BTK","PSTPIP1","TKT"
"BTK","ARRB2","TKT"
"BTK","TRAF3","TKT"
"BTK","CRTC2","TKT"
"BTK","CD28","TKT"
"BTK","INPP5D","TKT"
"BTK","FRS2","TKT"
"BTK","CCNE1","TKT"
"BTK","IMPDH2","TKT"
"BTK","SET","TKT"
"BTK","PIK3CG","TKT"
"BTK","SH2B2","TKT"
"BTK","TRPV1","TKT"
"BTK","PPP1R14A","TKT"
"BTK","BCL10","TKT"
"BTK","PIK3R6","TKT"
"BTK","MRE11","TKT"
"BTK","HDAC2","TKT"
"BTK","KSR1","TKT"
"BTK","DDX58","TKT"
"BTK","UBXN2B","TKT"
"BTK","MST1R","TKT"
"BTK","ROR2","TKT"
"BTK","ABI1","TKT"
"BTK","IFIH1","TKT"
"BTK","RAD50","TKT"
"BTK","TTI1","TKT"
"BTK","WDFY3","TKT"
"BTK","LRP6","TKT"
"BTK","GRB14","TKT"
"BTK","HOXB7","TKT"
"BTK","PIK3C3","TKT"
"BTK","RND1","TKT"
"BTK","STING1","TKT"
"BTK","SPEN","TKT"
"BTK","NFKB1","TKT"
"BTK","CTDP1","TKT"
"BTK","TELO2","TKT"
"BTK","BLVRA","TKT"
"BTK","CLSPN","TKT"
"BTK","MAPKAP1","TKT"
"BTK","GRB7","TKT"
"BTK","BAZ1B","TKT"
"BTK","PLCG2","TKT"
"BTK","RBL2","TKT"
"BTK","PPP1R14B","TKT"
"BTK","PABIR1","TKT"
"BTK","MAPK3","FHOD3"
"BTK","AKT3","FHOD3"
"BTK","CHUK","FHOD3"
"BTK","AKT2","FHOD3"
"BTK","PTEN","FHOD3"
"BTK","PRKCQ","FHOD3"
"BTK","MTOR","FHOD3"
"BTK","AKT1","FHOD3"
"BTK","PRKG1","FHOD3"
"BTK","CCP110","FHOD3"
"BTK","RPS6K","FHOD3"
"BTK","CALM2","FHOD3"
"BTK","ERK1/2","FHOD3"
"BTK","Gbeta","FHOD3"
"BTK","LCK","FHOD3"
"BTK","CDK9","FHOD3"
"BTK","ABL1","FHOD3"
"BTK","RPS6KA5","FHOD3"
"BTK","WNK1","FHOD3"
"BTK","PDPK1","FHOD3"
"BTK","SGK1","FHOD3"
"BTK","MAP2K1","FHOD3"
"BTK","PRKCB","FHOD3"
"BTK","PRKCG","FHOD3"
"BTK","PRKCZ","FHOD3"
"BTK","CyclinD/CDK4","FHOD3"
"BTK","MAP3K1","FHOD3"
"BTK","MAP3K7","FHOD3"
"BTK","AKT","FHOD3"
"BTK","IKBKB","FHOD3"
"BTK","WWTR1","FHOD3"
"BTK","DOK1","FHOD3"
"BTK","MAP3K4","FHOD3"
"BTK","DAPK1","FHOD3"
"BTK","PXN","FHOD3"
"BTK","FGG","FHOD3"
"BTK","LEPR","FHOD3"
"BTK","ITK","FHOD3"
"BTK","RPS6KA3","FHOD3"
"BTK","BCL3","FHOD3"
"BTK","DVL1","FHOD3"
"BTK","FZR1","FHOD3"
"BTK","GRB2","FHOD3"
"BTK","VCPIP1","FHOD3"
"BTK","ATR","FHOD3"
"BTK","SGK3","FHOD3"
"BTK","PTK6","FHOD3"
"BTK","IKBKE","FHOD3"
"BTK","CCND1","FHOD3"
"BTK","ILK","FHOD3"
"BTK","STAP1","FHOD3"
"BTK","TBK1","FHOD3"
"BTK","SPRED1","FHOD3"
"BTK","MEK1/2","FHOD3"
"BTK","PTPN7","FHOD3"
"BTK","CALM1","FHOD3"
"BTK","FADD","FHOD3"
"BTK","STK38","FHOD3"
"BTK","TLK1","FHOD3"
"BTK","C9orf72","FHOD3"
"BTK","CDKN2A","FHOD3"
"BTK","MAP4K1","FHOD3"
"BTK","RET","FHOD3"
"BTK","DDX41","FHOD3"
"BTK","IKK-complex","FHOD3"
"BTK","SHC1","FHOD3"
"BTK","RPS6KA4","FHOD3"
"BTK","NTRK1","FHOD3"
"BTK","GPSM3","FHOD3"
"BTK","RELA","FHOD3"
"BTK","MAPKAPK5","FHOD3"
"BTK","EPHA2","FHOD3"
"BTK","MAP3K8","FHOD3"
"BTK","PTPRR","FHOD3"
"BTK","CDKN1B","FHOD3"
"BTK","FBLIM1","FHOD3"
"BTK","TEC","FHOD3"
"BTK","VCP","FHOD3"
"BTK","GRIP1","FHOD3"
"BTK","TMIGD2","FHOD3"
"BTK","CCR2","FHOD3"
"BTK","STIP1","FHOD3"
"BTK","PSTPIP1","FHOD3"
"BTK","ARRB2","FHOD3"
"BTK","TRAF3","FHOD3"
"BTK","CRTC2","FHOD3"
"BTK","CD28","FHOD3"
"BTK","INPP5D","FHOD3"
"BTK","FRS2","FHOD3"
"BTK","CCNE1","FHOD3"
"BTK","IMPDH2","FHOD3"
"BTK","SET","FHOD3"
"BTK","PIK3CG","FHOD3"
"BTK","SH2B2","FHOD3"
"BTK","TRPV1","FHOD3"
"BTK","PPP1R14A","FHOD3"
"BTK","BCL10","FHOD3"
"BTK","PIK3R6","FHOD3"
"BTK","MRE11","FHOD3"
"BTK","HDAC2","FHOD3"
"BTK","KSR1","FHOD3"
"BTK","DDX58","FHOD3"
"BTK","UBXN2B","FHOD3"
"BTK","MST1R","FHOD3"
"BTK","ROR2","FHOD3"
"BTK","ABI1","FHOD3"
"BTK","IFIH1","FHOD3"
"BTK","RAD50","FHOD3"
"BTK","TTI1","FHOD3"
"BTK","WDFY3","FHOD3"
"BTK","LRP6","FHOD3"
"BTK","GRB14","FHOD3"
"BTK","HOXB7","FHOD3"
"BTK","PIK3C3","FHOD3"
"BTK","RND1","FHOD3"
"BTK","STING1","FHOD3"
"BTK","SPEN","FHOD3"
"BTK","NFKB1","FHOD3"
"BTK","CTDP1","FHOD3"
"BTK","TELO2","FHOD3"
"BTK","BLVRA","FHOD3"
"BTK","CLSPN","FHOD3"
"BTK","MAPKAP1","FHOD3"
"BTK","GRB7","FHOD3"
"BTK","BAZ1B","FHOD3"
"BTK","RBL2","FHOD3"
"BTK","PPP1R14B","FHOD3"
"BTK","PABIR1","FHOD3"
"BTK","MAPK3","DIAPH1"
"BTK","AKT3","DIAPH1"
"BTK","CHUK","DIAPH1"
"BTK","AKT2","DIAPH1"
"BTK","PTEN","DIAPH1"
"BTK","PRKCQ","DIAPH1"
"BTK","MTOR","DIAPH1"
"BTK","AKT1","DIAPH1"
"BTK","PRKG1","DIAPH1"
"BTK","CCP110","DIAPH1"
"BTK","RPS6K","DIAPH1"
"BTK","CALM2","DIAPH1"
"BTK","Gbeta","DIAPH1"
"BTK","LCK","DIAPH1"
"BTK","CDK9","DIAPH1"
"BTK","ABL1","DIAPH1"
"BTK","RPS6KA5","DIAPH1"
"BTK","WNK1","DIAPH1"
"BTK","PDPK1","DIAPH1"
"BTK","SGK1","DIAPH1"
"BTK","MAP2K1","DIAPH1"
"BTK","PRKCB","DIAPH1"
"BTK","PRKCG","DIAPH1"
"BTK","PRKCZ","DIAPH1"
"BTK","CyclinD/CDK4","DIAPH1"
"BTK","MAP3K1","DIAPH1"
"BTK","MAP3K7","DIAPH1"
"BTK","AKT","DIAPH1"
"BTK","IKBKB","DIAPH1"
"BTK","WWTR1","DIAPH1"
"BTK","DOK1","DIAPH1"
"BTK","MAP3K4","DIAPH1"
"BTK","DAPK1","DIAPH1"
"BTK","PXN","DIAPH1"
"BTK","FGG","DIAPH1"
"BTK","LEPR","DIAPH1"
"BTK","ITK","DIAPH1"
"BTK","RPS6KA3","DIAPH1"
"BTK","BCL3","DIAPH1"
"BTK","DVL1","DIAPH1"
"BTK","FZR1","DIAPH1"
"BTK","GRB2","DIAPH1"
"BTK","VCPIP1","DIAPH1"
"BTK","ATR","DIAPH1"
"BTK","SGK3","DIAPH1"
"BTK","PTK6","DIAPH1"
"BTK","IKBKE","DIAPH1"
"BTK","CCND1","DIAPH1"
"BTK","ILK","DIAPH1"
"BTK","STAP1","DIAPH1"
"BTK","TBK1","DIAPH1"
"BTK","SPRED1","DIAPH1"
"BTK","MEK1/2","DIAPH1"
"BTK","PTPN7","DIAPH1"
"BTK","CALM1","DIAPH1"
"BTK","FADD","DIAPH1"
"BTK","STK38","DIAPH1"
"BTK","TLK1","DIAPH1"
"BTK","C9orf72","DIAPH1"
"BTK","CDKN2A","DIAPH1"
"BTK","MAP4K1","DIAPH1"
"BTK","DDX41","DIAPH1"
"BTK","IKK-complex","DIAPH1"
"BTK","SHC1","DIAPH1"
"BTK","RPS6KA4","DIAPH1"
"BTK","NTRK1","DIAPH1"
"BTK","GPSM3","DIAPH1"
"BTK","RELA","DIAPH1"
"BTK","MAPKAPK5","DIAPH1"
"BTK","EPHA2","DIAPH1"
"BTK","MAP3K8","DIAPH1"
"BTK","PTPRR","DIAPH1"
"BTK","CDKN1B","DIAPH1"
"BTK","FBLIM1","DIAPH1"
"BTK","TEC","DIAPH1"
"BTK","VCP","DIAPH1"
"BTK","GRIP1","DIAPH1"
"BTK","TMIGD2","DIAPH1"
"BTK","CCR2","DIAPH1"
"BTK","STIP1","DIAPH1"
"BTK","PSTPIP1","DIAPH1"
"BTK","ARRB2","DIAPH1"
"BTK","TRAF3","DIAPH1"
"BTK","CRTC2","DIAPH1"
"BTK","CD28","DIAPH1"
"BTK","INPP5D","DIAPH1"
"BTK","FRS2","DIAPH1"
"BTK","CCNE1","DIAPH1"
"BTK","IMPDH2","DIAPH1"
"BTK","SET","DIAPH1"
"BTK","PIK3CG","DIAPH1"
"BTK","SH2B2","DIAPH1"
"BTK","TRPV1","DIAPH1"
"BTK","PPP1R14A","DIAPH1"
"BTK","BCL10","DIAPH1"
"BTK","PIK3R6","DIAPH1"
"BTK","MRE11","DIAPH1"
"BTK","HDAC2","DIAPH1"
"BTK","KSR1","DIAPH1"
"BTK","DDX58","DIAPH1"
"BTK","UBXN2B","DIAPH1"
"BTK","MST1R","DIAPH1"
"BTK","ROR2","DIAPH1"
"BTK","ABI1","DIAPH1"
"BTK","IFIH1","DIAPH1"
"BTK","RAD50","DIAPH1"
"BTK","TTI1","DIAPH1"
"BTK","WDFY3","DIAPH1"
"BTK","LRP6","DIAPH1"
"BTK","GRB14","DIAPH1"
"BTK","HOXB7","DIAPH1"
"BTK","PIK3C3","DIAPH1"
"BTK","RND1","DIAPH1"
"BTK","STING1","DIAPH1"
"BTK","SPEN","DIAPH1"
"BTK","NFKB1","DIAPH1"
"BTK","CTDP1","DIAPH1"
"BTK","TELO2","DIAPH1"
"BTK","BLVRA","DIAPH1"
"BTK","CLSPN","DIAPH1"
"BTK","MAPKAP1","DIAPH1"
"BTK","GRB7","DIAPH1"
"BTK","BAZ1B","DIAPH1"
"BTK","PLCG2","DIAPH1"
"BTK","RBL2","DIAPH1"
"BTK","PPP1R14B","DIAPH1"
"BTK","PABIR1","DIAPH1"
"BTK","ITK","KCNN1"
"BTK","MAPK3","TUBD1"
"BTK","AKT3","TUBD1"
"BTK","CHUK","TUBD1"
"BTK","AKT2","TUBD1"
"BTK","PTEN","TUBD1"
"BTK","PRKCQ","TUBD1"
"BTK","MTOR","TUBD1"
"BTK","AKT1","TUBD1"
"BTK","PRKG1","TUBD1"
"BTK","CCP110","TUBD1"
"BTK","RPS6K","TUBD1"
"BTK","CALM2","TUBD1"
"BTK","ERK1/2","TUBD1"
"BTK","Gbeta","TUBD1"
"BTK","LCK","TUBD1"
"BTK","CDK9","TUBD1"
"BTK","ABL1","TUBD1"
"BTK","RPS6KA5","TUBD1"
"BTK","WNK1","TUBD1"
"BTK","PDPK1","TUBD1"
"BTK","SGK1","TUBD1"
"BTK","MAP2K1","TUBD1"
"BTK","PRKCB","TUBD1"
"BTK","PRKCG","TUBD1"
"BTK","PRKCZ","TUBD1"
"BTK","CyclinD/CDK4","TUBD1"
"BTK","MAP3K1","TUBD1"
"BTK","MAP3K7","TUBD1"
"BTK","AKT","TUBD1"
"BTK","IKBKB","TUBD1"
"BTK","WWTR1","TUBD1"
"BTK","DOK1","TUBD1"
"BTK","MAP3K4","TUBD1"
"BTK","DAPK1","TUBD1"
"BTK","PXN","TUBD1"
"BTK","FGG","TUBD1"
"BTK","LEPR","TUBD1"
"BTK","ITK","TUBD1"
"BTK","RPS6KA3","TUBD1"
"BTK","BCL3","TUBD1"
"BTK","DVL1","TUBD1"
"BTK","FZR1","TUBD1"
"BTK","GRB2","TUBD1"
"BTK","VCPIP1","TUBD1"
"BTK","ATR","TUBD1"
"BTK","SGK3","TUBD1"
"BTK","PTK6","TUBD1"
"BTK","IKBKE","TUBD1"
"BTK","CCND1","TUBD1"
"BTK","ILK","TUBD1"
"BTK","STAP1","TUBD1"
"BTK","TBK1","TUBD1"
"BTK","SPRED1","TUBD1"
"BTK","MEK1/2","TUBD1"
"BTK","PTPN7","TUBD1"
"BTK","CALM1","TUBD1"
"BTK","FADD","TUBD1"
"BTK","STK38","TUBD1"
"BTK","TLK1","TUBD1"
"BTK","C9orf72","TUBD1"
"BTK","CDKN2A","TUBD1"
"BTK","MAP4K1","TUBD1"
"BTK","RET","TUBD1"
"BTK","DDX41","TUBD1"
"BTK","IKK-complex","TUBD1"
"BTK","SHC1","TUBD1"
"BTK","RPS6KA4","TUBD1"
"BTK","NTRK1","TUBD1"
"BTK","GPSM3","TUBD1"
"BTK","RELA","TUBD1"
"BTK","MAPKAPK5","TUBD1"
"BTK","EPHA2","TUBD1"
"BTK","MAP3K8","TUBD1"
"BTK","PTPRR","TUBD1"
"BTK","CDKN1B","TUBD1"
"BTK","FBLIM1","TUBD1"
"BTK","TEC","TUBD1"
"BTK","VCP","TUBD1"
"BTK","GRIP1","TUBD1"
"BTK","TMIGD2","TUBD1"
"BTK","CCR2","TUBD1"
"BTK","STIP1","TUBD1"
"BTK","PSTPIP1","TUBD1"
"BTK","ARRB2","TUBD1"
"BTK","TRAF3","TUBD1"
"BTK","CRTC2","TUBD1"
"BTK","CD28","TUBD1"
"BTK","INPP5D","TUBD1"
"BTK","FRS2","TUBD1"
"BTK","CCNE1","TUBD1"
"BTK","IMPDH2","TUBD1"
"BTK","SET","TUBD1"
"BTK","PIK3CG","TUBD1"
"BTK","SH2B2","TUBD1"
"BTK","TRPV1","TUBD1"
"BTK","PPP1R14A","TUBD1"
"BTK","BCL10","TUBD1"
"BTK","PIK3R6","TUBD1"
"BTK","MRE11","TUBD1"
"BTK","HDAC2","TUBD1"
"BTK","KSR1","TUBD1"
"BTK","DDX58","TUBD1"
"BTK","UBXN2B","TUBD1"
"BTK","MST1R","TUBD1"
"BTK","ROR2","TUBD1"
"BTK","ABI1","TUBD1"
"BTK","IFIH1","TUBD1"
"BTK","RAD50","TUBD1"
"BTK","TTI1","TUBD1"
"BTK","WDFY3","TUBD1"
"BTK","LRP6","TUBD1"
"BTK","GRB14","TUBD1"
"BTK","HOXB7","TUBD1"
"BTK","PIK3C3","TUBD1"
"BTK","RND1","TUBD1"
"BTK","STING1","TUBD1"
"BTK","SPEN","TUBD1"
"BTK","NFKB1","TUBD1"
"BTK","CTDP1","TUBD1"
"BTK","TELO2","TUBD1"
"BTK","BLVRA","TUBD1"
"BTK","CLSPN","TUBD1"
"BTK","MAPKAP1","TUBD1"
"BTK","GRB7","TUBD1"
"BTK","BAZ1B","TUBD1"
"BTK","RBL2","TUBD1"
"BTK","PPP1R14B","TUBD1"
"BTK","PABIR1","TUBD1"
"BTK","MAPK3","GGA1"
"BTK","AKT3","GGA1"
"BTK","CHUK","GGA1"
"BTK","AKT2","GGA1"
"BTK","PTEN","GGA1"
"BTK","PRKCQ","GGA1"
"BTK","MTOR","GGA1"
"BTK","AKT1","GGA1"
"BTK","PRKG1","GGA1"
"BTK","CCP110","GGA1"
"BTK","RPS6K","GGA1"
"BTK","CALM2","GGA1"
"BTK","ERK1/2","GGA1"
"BTK","Gbeta","GGA1"
"BTK","LCK","GGA1"
"BTK","CDK9","GGA1"
"BTK","ABL1","GGA1"
"BTK","RPS6KA5","GGA1"
"BTK","WNK1","GGA1"
"BTK","PDPK1","GGA1"
"BTK","SGK1","GGA1"
"BTK","MAP2K1","GGA1"
"BTK","PRKCB","GGA1"
"BTK","PRKCG","GGA1"
"BTK","PRKCZ","GGA1"
"BTK","CyclinD/CDK4","GGA1"
"BTK","MAP3K1","GGA1"
"BTK","MAP3K7","GGA1"
"BTK","AKT","GGA1"
"BTK","IKBKB","GGA1"
"BTK","WWTR1","GGA1"
"BTK","DOK1","GGA1"
"BTK","MAP3K4","GGA1"
"BTK","DAPK1","GGA1"
"BTK","PXN","GGA1"
"BTK","FGG","GGA1"
"BTK","LEPR","GGA1"
"BTK","ITK","GGA1"
"BTK","RPS6KA3","GGA1"
"BTK","BCL3","GGA1"
"BTK","DVL1","GGA1"
"BTK","FZR1","GGA1"
"BTK","GRB2","GGA1"
"BTK","VCPIP1","GGA1"
"BTK","ATR","GGA1"
"BTK","SGK3","GGA1"
"BTK","PTK6","GGA1"
"BTK","IKBKE","GGA1"
"BTK","CCND1","GGA1"
"BTK","ILK","GGA1"
"BTK","STAP1","GGA1"
"BTK","TBK1","GGA1"
"BTK","SPRED1","GGA1"
"BTK","MEK1/2","GGA1"
"BTK","PTPN7","GGA1"
"BTK","CALM1","GGA1"
"BTK","FADD","GGA1"
"BTK","STK38","GGA1"
"BTK","TLK1","GGA1"
"BTK","C9orf72","GGA1"
"BTK","CDKN2A","GGA1"
"BTK","MAP4K1","GGA1"
"BTK","RET","GGA1"
"BTK","DDX41","GGA1"
"BTK","IKK-complex","GGA1"
"BTK","SHC1","GGA1"
"BTK","RPS6KA4","GGA1"
"BTK","NTRK1","GGA1"
"BTK","GPSM3","GGA1"
"BTK","RELA","GGA1"
"BTK","MAPKAPK5","GGA1"
"BTK","EPHA2","GGA1"
"BTK","MAP3K8","GGA1"
"BTK","PTPRR","GGA1"
"BTK","CDKN1B","GGA1"
"BTK","FBLIM1","GGA1"
"BTK","TEC","GGA1"
"BTK","VCP","GGA1"
"BTK","GRIP1","GGA1"
"BTK","TMIGD2","GGA1"
"BTK","CCR2","GGA1"
"BTK","STIP1","GGA1"
"BTK","PSTPIP1","GGA1"
"BTK","ARRB2","GGA1"
"BTK","TRAF3","GGA1"
"BTK","CRTC2","GGA1"
"BTK","CD28","GGA1"
"BTK","INPP5D","GGA1"
"BTK","FRS2","GGA1"
"BTK","CCNE1","GGA1"
"BTK","IMPDH2","GGA1"
"BTK","SET","GGA1"
"BTK","PIK3CG","GGA1"
"BTK","SH2B2","GGA1"
"BTK","TRPV1","GGA1"
"BTK","PPP1R14A","GGA1"
"BTK","BCL10","GGA1"
"BTK","PIK3R6","GGA1"
"BTK","MRE11","GGA1"
"BTK","HDAC2","GGA1"
"BTK","KSR1","GGA1"
"BTK","DDX58","GGA1"
"BTK","UBXN2B","GGA1"
"BTK","MST1R","GGA1"
"BTK","ROR2","GGA1"
"BTK","ABI1","GGA1"
"BTK","IFIH1","GGA1"
"BTK","RAD50","GGA1"
"BTK","TTI1","GGA1"
"BTK","WDFY3","GGA1"
"BTK","LRP6","GGA1"
"BTK","GRB14","GGA1"
"BTK","HOXB7","GGA1"
"BTK","PIK3C3","GGA1"
"BTK","RND1","GGA1"
"BTK","STING1","GGA1"
"BTK","SPEN","GGA1"
"BTK","NFKB1","GGA1"
"BTK","CTDP1","GGA1"
"BTK","TELO2","GGA1"
"BTK","BLVRA","GGA1"
"BTK","CLSPN","GGA1"
"BTK","MAPKAP1","GGA1"
"BTK","GRB7","GGA1"
"BTK","BAZ1B","GGA1"
"BTK","RBL2","GGA1"
"BTK","PPP1R14B","GGA1"
"BTK","PABIR1","GGA1"
"BTK","AKT3","TRPV3"
"BTK","CHUK","TRPV3"
"BTK","AKT2","TRPV3"
"BTK","PTEN","TRPV3"
"BTK","PRKCQ","TRPV3"
"BTK","MTOR","TRPV3"
"BTK","AKT1","TRPV3"
"BTK","PRKG1","TRPV3"
"BTK","CCP110","TRPV3"
"BTK","RPS6K","TRPV3"
"BTK","CALM2","TRPV3"
"BTK","ERK1/2","TRPV3"
"BTK","Gbeta","TRPV3"
"BTK","LCK","TRPV3"
"BTK","CDK9","TRPV3"
"BTK","ABL1","TRPV3"
"BTK","RPS6KA5","TRPV3"
"BTK","WNK1","TRPV3"
"BTK","PDPK1","TRPV3"
"BTK","SGK1","TRPV3"
"BTK","MAP2K1","TRPV3"
"BTK","PRKCB","TRPV3"
"BTK","PRKCG","TRPV3"
"BTK","PRKCZ","TRPV3"
"BTK","CyclinD/CDK4","TRPV3"
"BTK","MAP3K1","TRPV3"
"BTK","MAP3K7","TRPV3"
"BTK","AKT","TRPV3"
"BTK","IKBKB","TRPV3"
"BTK","WWTR1","TRPV3"
"BTK","DOK1","TRPV3"
"BTK","MAP3K4","TRPV3"
"BTK","DAPK1","TRPV3"
"BTK","PXN","TRPV3"
"BTK","FGG","TRPV3"
"BTK","LEPR","TRPV3"
"BTK","ITK","TRPV3"
"BTK","RPS6KA3","TRPV3"
"BTK","BCL3","TRPV3"
"BTK","DVL1","TRPV3"
"BTK","FZR1","TRPV3"
"BTK","GRB2","TRPV3"
"BTK","VCPIP1","TRPV3"
"BTK","ATR","TRPV3"
"BTK","SGK3","TRPV3"
"BTK","PTK6","TRPV3"
"BTK","IKBKE","TRPV3"
"BTK","CCND1","TRPV3"
"BTK","ILK","TRPV3"
"BTK","STAP1","TRPV3"
"BTK","TBK1","TRPV3"
"BTK","SPRED1","TRPV3"
"BTK","MEK1/2","TRPV3"
"BTK","PTPN7","TRPV3"
"BTK","CALM1","TRPV3"
"BTK","FADD","TRPV3"
"BTK","STK38","TRPV3"
"BTK","TLK1","TRPV3"
"BTK","C9orf72","TRPV3"
"BTK","CDKN2A","TRPV3"
"BTK","MAP4K1","TRPV3"
"BTK","DDX41","TRPV3"
"BTK","IKK-complex","TRPV3"
"BTK","SHC1","TRPV3"
"BTK","RPS6KA4","TRPV3"
"BTK","NTRK1","TRPV3"
"BTK","GPSM3","TRPV3"
"BTK","RELA","TRPV3"
"BTK","MAPKAPK5","TRPV3"
"BTK","EPHA2","TRPV3"
"BTK","MAP3K8","TRPV3"
"BTK","PTPRR","TRPV3"
"BTK","CDKN1B","TRPV3"
"BTK","FBLIM1","TRPV3"
"BTK","TEC","TRPV3"
"BTK","VCP","TRPV3"
"BTK","GRIP1","TRPV3"
"BTK","TMIGD2","TRPV3"
"BTK","CCR2","TRPV3"
"BTK","STIP1","TRPV3"
"BTK","PSTPIP1","TRPV3"
"BTK","ARRB2","TRPV3"
"BTK","TRAF3","TRPV3"
"BTK","CRTC2","TRPV3"
"BTK","CD28","TRPV3"
"BTK","INPP5D","TRPV3"
"BTK","FRS2","TRPV3"
"BTK","CCNE1","TRPV3"
"BTK","IMPDH2","TRPV3"
"BTK","SET","TRPV3"
"BTK","PIK3CG","TRPV3"
"BTK","SH2B2","TRPV3"
"BTK","TRPV1","TRPV3"
"BTK","PPP1R14A","TRPV3"
"BTK","BCL10","TRPV3"
"BTK","PIK3R6","TRPV3"
"BTK","MRE11","TRPV3"
"BTK","HDAC2","TRPV3"
"BTK","KSR1","TRPV3"
"BTK","DDX58","TRPV3"
"BTK","UBXN2B","TRPV3"
"BTK","MST1R","TRPV3"
"BTK","ROR2","TRPV3"
"BTK","ABI1","TRPV3"
"BTK","IFIH1","TRPV3"
"BTK","RAD50","TRPV3"
"BTK","TTI1","TRPV3"
"BTK","WDFY3","TRPV3"
"BTK","LRP6","TRPV3"
"BTK","GRB14","TRPV3"
"BTK","HOXB7","TRPV3"
"BTK","PIK3C3","TRPV3"
"BTK","RND1","TRPV3"
"BTK","STING1","TRPV3"
"BTK","SPEN","TRPV3"
"BTK","NFKB1","TRPV3"
"BTK","CTDP1","TRPV3"
"BTK","TELO2","TRPV3"
"BTK","BLVRA","TRPV3"
"BTK","CLSPN","TRPV3"
"BTK","MAPKAP1","TRPV3"
"BTK","GRB7","TRPV3"
"BTK","BAZ1B","TRPV3"
"BTK","PLCG2","TRPV3"
"BTK","RBL2","TRPV3"
"BTK","PPP1R14B","TRPV3"
"BTK","PABIR1","TRPV3"
"BTK","MAPK3","FCAR"
"BTK","AKT3","FCAR"
"BTK","CHUK","FCAR"
"BTK","AKT2","FCAR"
"BTK","PTEN","FCAR"
"BTK","PRKCQ","FCAR"
"BTK","MTOR","FCAR"
"BTK","AKT1","FCAR"
"BTK","PRKG1","FCAR"
"BTK","CCP110","FCAR"
"BTK","RPS6K","FCAR"
"BTK","CALM2","FCAR"
"BTK","ERK1/2","FCAR"
"BTK","Gbeta","FCAR"
"BTK","LCK","FCAR"
"BTK","CDK9","FCAR"
"BTK","ABL1","FCAR"
"BTK","RPS6KA5","FCAR"
"BTK","WNK1","FCAR"
"BTK","PDPK1","FCAR"
"BTK","SGK1","FCAR"
"BTK","MAP2K1","FCAR"
"BTK","PRKCB","FCAR"
"BTK","PRKCG","FCAR"
"BTK","PRKCZ","FCAR"
"BTK","CyclinD/CDK4","FCAR"
"BTK","MAP3K1","FCAR"
"BTK","MAP3K7","FCAR"
"BTK","AKT","FCAR"
"BTK","IKBKB","FCAR"
"BTK","WWTR1","FCAR"
"BTK","DOK1","FCAR"
"BTK","MAP3K4","FCAR"
"BTK","DAPK1","FCAR"
"BTK","PXN","FCAR"
"BTK","FGG","FCAR"
"BTK","LEPR","FCAR"
"BTK","RPS6KA3","FCAR"
"BTK","BCL3","FCAR"
"BTK","DVL1","FCAR"
"BTK","FZR1","FCAR"
"BTK","GRB2","FCAR"
"BTK","VCPIP1","FCAR"
"BTK","ATR","FCAR"
"BTK","SGK3","FCAR"
"BTK","PTK6","FCAR"
"BTK","IKBKE","FCAR"
"BTK","CCND1","FCAR"
"BTK","ILK","FCAR"
"BTK","STAP1","FCAR"
"BTK","TBK1","FCAR"
"BTK","SPRED1","FCAR"
"BTK","MEK1/2","FCAR"
"BTK","PTPN7","FCAR"
"BTK","CALM1","FCAR"
"BTK","FADD","FCAR"
"BTK","STK38","FCAR"
"BTK","TLK1","FCAR"
"BTK","C9orf72","FCAR"
"BTK","CDKN2A","FCAR"
"BTK","MAP4K1","FCAR"
"BTK","RET","FCAR"
"BTK","DDX41","FCAR"
"BTK","IKK-complex","FCAR"
"BTK","SHC1","FCAR"
"BTK","RPS6KA4","FCAR"
"BTK","NTRK1","FCAR"
"BTK","GPSM3","FCAR"
"BTK","RELA","FCAR"
"BTK","MAPKAPK5","FCAR"
"BTK","EPHA2","FCAR"
"BTK","MAP3K8","FCAR"
"BTK","PTPRR","FCAR"
"BTK","CDKN1B","FCAR"
"BTK","FBLIM1","FCAR"
"BTK","TEC","FCAR"
"BTK","VCP","FCAR"
"BTK","GRIP1","FCAR"
"BTK","TMIGD2","FCAR"
"BTK","CCR2","FCAR"
"BTK","STIP1","FCAR"
"BTK","PSTPIP1","FCAR"
"BTK","ARRB2","FCAR"
"BTK","TRAF3","FCAR"
"BTK","CRTC2","FCAR"
"BTK","CD28","FCAR"
"BTK","INPP5D","FCAR"
"BTK","FRS2","FCAR"
"BTK","CCNE1","FCAR"
"BTK","IMPDH2","FCAR"
"BTK","SET","FCAR"
"BTK","PIK3CG","FCAR"
"BTK","SH2B2","FCAR"
"BTK","TRPV1","FCAR"
"BTK","PPP1R14A","FCAR"
"BTK","BCL10","FCAR"
"BTK","PIK3R6","FCAR"
"BTK","MRE11","FCAR"
"BTK","HDAC2","FCAR"
"BTK","KSR1","FCAR"
"BTK","DDX58","FCAR"
"BTK","UBXN2B","FCAR"
"BTK","MST1R","FCAR"
"BTK","ROR2","FCAR"
"BTK","ABI1","FCAR"
"BTK","IFIH1","FCAR"
"BTK","RAD50","FCAR"
"BTK","TTI1","FCAR"
"BTK","WDFY3","FCAR"
"BTK","LRP6","FCAR"
"BTK","GRB14","FCAR"
"BTK","HOXB7","FCAR"
"BTK","PIK3C3","FCAR"
"BTK","RND1","FCAR"
"BTK","STING1","FCAR"
"BTK","SPEN","FCAR"
"BTK","NFKB1","FCAR"
"BTK","CTDP1","FCAR"
"BTK","TELO2","FCAR"
"BTK","BLVRA","FCAR"
"BTK","CLSPN","FCAR"
"BTK","MAPKAP1","FCAR"
"BTK","GRB7","FCAR"
"BTK","BAZ1B","FCAR"
"BTK","PLCG2","FCAR"
"BTK","RBL2","FCAR"
"BTK","PPP1R14B","FCAR"
"BTK","PABIR1","FCAR"
"BTK","MAPK3","NFE2L1"
"BTK","AKT3","NFE2L1"
"BTK","CHUK","NFE2L1"
"BTK","AKT2","NFE2L1"
"BTK","PTEN","NFE2L1"
"BTK","PRKCQ","NFE2L1"
"BTK","MTOR","NFE2L1"
"BTK","AKT1","NFE2L1"
"BTK","PRKG1","NFE2L1"
"BTK","CCP110","NFE2L1"
"BTK","RPS6K","NFE2L1"
"BTK","CALM2","NFE2L1"
"BTK","ERK1/2","NFE2L1"
"BTK","Gbeta","NFE2L1"
"BTK","LCK","NFE2L1"
"BTK","CDK9","NFE2L1"
"BTK","ABL1","NFE2L1"
"BTK","RPS6KA5","NFE2L1"
"BTK","WNK1","NFE2L1"
"BTK","PDPK1","NFE2L1"
"BTK","SGK1","NFE2L1"
"BTK","MAP2K1","NFE2L1"
"BTK","PRKCB","NFE2L1"
"BTK","PRKCG","NFE2L1"
"BTK","PRKCZ","NFE2L1"
"BTK","CyclinD/CDK4","NFE2L1"
"BTK","MAP3K1","NFE2L1"
"BTK","MAP3K7","NFE2L1"
"BTK","AKT","NFE2L1"
"BTK","IKBKB","NFE2L1"
"BTK","WWTR1","NFE2L1"
"BTK","DOK1","NFE2L1"
"BTK","MAP3K4","NFE2L1"
"BTK","DAPK1","NFE2L1"
"BTK","PXN","NFE2L1"
"BTK","FGG","NFE2L1"
"BTK","LEPR","NFE2L1"
"BTK","RPS6KA3","NFE2L1"
"BTK","BCL3","NFE2L1"
"BTK","DVL1","NFE2L1"
"BTK","FZR1","NFE2L1"
"BTK","GRB2","NFE2L1"
"BTK","VCPIP1","NFE2L1"
"BTK","ATR","NFE2L1"
"BTK","SGK3","NFE2L1"
"BTK","PTK6","NFE2L1"
"BTK","IKBKE","NFE2L1"
"BTK","CCND1","NFE2L1"
"BTK","ILK","NFE2L1"
"BTK","STAP1","NFE2L1"
"BTK","TBK1","NFE2L1"
"BTK","SPRED1","NFE2L1"
"BTK","MEK1/2","NFE2L1"
"BTK","PTPN7","NFE2L1"
"BTK","CALM1","NFE2L1"
"BTK","FADD","NFE2L1"
"BTK","STK38","NFE2L1"
"BTK","TLK1","NFE2L1"
"BTK","C9orf72","NFE2L1"
"BTK","CDKN2A","NFE2L1"
"BTK","MAP4K1","NFE2L1"
"BTK","RET","NFE2L1"
"BTK","DDX41","NFE2L1"
"BTK","IKK-complex","NFE2L1"
"BTK","SHC1","NFE2L1"
"BTK","RPS6KA4","NFE2L1"
"BTK","NTRK1","NFE2L1"
"BTK","GPSM3","NFE2L1"
"BTK","RELA","NFE2L1"
"BTK","MAPKAPK5","NFE2L1"
"BTK","EPHA2","NFE2L1"
"BTK","MAP3K8","NFE2L1"
"BTK","PTPRR","NFE2L1"
"BTK","CDKN1B","NFE2L1"
"BTK","FBLIM1","NFE2L1"
"BTK","TEC","NFE2L1"
"BTK","VCP","NFE2L1"
"BTK","GRIP1","NFE2L1"
"BTK","TMIGD2","NFE2L1"
"BTK","CCR2","NFE2L1"
"BTK","STIP1","NFE2L1"
"BTK","PSTPIP1","NFE2L1"
"BTK","ARRB2","NFE2L1"
"BTK","TRAF3","NFE2L1"
"BTK","CRTC2","NFE2L1"
"BTK","CD28","NFE2L1"
"BTK","INPP5D","NFE2L1"
"BTK","FRS2","NFE2L1"
"BTK","CCNE1","NFE2L1"
"BTK","IMPDH2","NFE2L1"
"BTK","SET","NFE2L1"
"BTK","PIK3CG","NFE2L1"
"BTK","SH2B2","NFE2L1"
"BTK","TRPV1","NFE2L1"
"BTK","PPP1R14A","NFE2L1"
"BTK","BCL10","NFE2L1"
"BTK","PIK3R6","NFE2L1"
"BTK","MRE11","NFE2L1"
"BTK","HDAC2","NFE2L1"
"BTK","KSR1","NFE2L1"
"BTK","DDX58","NFE2L1"
"BTK","UBXN2B","NFE2L1"
"BTK","MST1R","NFE2L1"
"BTK","ROR2","NFE2L1"
"BTK","ABI1","NFE2L1"
"BTK","IFIH1","NFE2L1"
"BTK","RAD50","NFE2L1"
"BTK","TTI1","NFE2L1"
"BTK","WDFY3","NFE2L1"
"BTK","LRP6","NFE2L1"
"BTK","GRB14","NFE2L1"
"BTK","HOXB7","NFE2L1"
"BTK","PIK3C3","NFE2L1"
"BTK","RND1","NFE2L1"
"BTK","STING1","NFE2L1"
"BTK","SPEN","NFE2L1"
"BTK","NFKB1","NFE2L1"
"BTK","CTDP1","NFE2L1"
"BTK","TELO2","NFE2L1"
"BTK","BLVRA","NFE2L1"
"BTK","CLSPN","NFE2L1"
"BTK","MAPKAP1","NFE2L1"
"BTK","GRB7","NFE2L1"
"BTK","BAZ1B","NFE2L1"
"BTK","PLCG2","NFE2L1"
"BTK","RBL2","NFE2L1"
"BTK","PPP1R14B","NFE2L1"
"BTK","PABIR1","NFE2L1"
"BTK","MAPK3","FGB"
"BTK","AKT3","FGB"
"BTK","CHUK","FGB"
"BTK","AKT2","FGB"
"BTK","PTEN","FGB"
"BTK","PRKCQ","FGB"
"BTK","MTOR","FGB"
"BTK","AKT1","FGB"
"BTK","PRKG1","FGB"
"BTK","CCP110","FGB"
"BTK","RPS6K","FGB"
"BTK","CALM2","FGB"
"BTK","ERK1/2","FGB"
"BTK","Gbeta","FGB"
"BTK","LCK","FGB"
"BTK","CDK9","FGB"
"BTK","ABL1","FGB"
"BTK","RPS6KA5","FGB"
"BTK","WNK1","FGB"
"BTK","PDPK1","FGB"
"BTK","SGK1","FGB"
"BTK","MAP2K1","FGB"
"BTK","PRKCB","FGB"
"BTK","PRKCG","FGB"
"BTK","PRKCZ","FGB"
"BTK","CyclinD/CDK4","FGB"
"BTK","MAP3K1","FGB"
"BTK","MAP3K7","FGB"
"BTK","AKT","FGB"
"BTK","IKBKB","FGB"
"BTK","WWTR1","FGB"
"BTK","DOK1","FGB"
"BTK","MAP3K4","FGB"
"BTK","DAPK1","FGB"
"BTK","PXN","FGB"
"BTK","FGG","FGB"
"BTK","LEPR","FGB"
"BTK","ITK","FGB"
"BTK","RPS6KA3","FGB"
"BTK","BCL3","FGB"
"BTK","DVL1","FGB"
"BTK","FZR1","FGB"
"BTK","GRB2","FGB"
"BTK","VCPIP1","FGB"
"BTK","ATR","FGB"
"BTK","SGK3","FGB"
"BTK","PTK6","FGB"
"BTK","IKBKE","FGB"
"BTK","CCND1","FGB"
"BTK","ILK","FGB"
"BTK","STAP1","FGB"
"BTK","TBK1","FGB"
"BTK","SPRED1","FGB"
"BTK","MEK1/2","FGB"
"BTK","PTPN7","FGB"
"BTK","CALM1","FGB"
"BTK","FADD","FGB"
"BTK","STK38","FGB"
"BTK","TLK1","FGB"
"BTK","C9orf72","FGB"
"BTK","CDKN2A","FGB"
"BTK","MAP4K1","FGB"
"BTK","RET","FGB"
"BTK","DDX41","FGB"
"BTK","IKK-complex","FGB"
"BTK","SHC1","FGB"
"BTK","RPS6KA4","FGB"
"BTK","NTRK1","FGB"
"BTK","GPSM3","FGB"
"BTK","RELA","FGB"
"BTK","MAPKAPK5","FGB"
"BTK","EPHA2","FGB"
"BTK","MAP3K8","FGB"
"BTK","PTPRR","FGB"
"BTK","CDKN1B","FGB"
"BTK","FBLIM1","FGB"
"BTK","TEC","FGB"
"BTK","VCP","FGB"
"BTK","GRIP1","FGB"
"BTK","TMIGD2","FGB"
"BTK","CCR2","FGB"
"BTK","STIP1","FGB"
"BTK","PSTPIP1","FGB"
"BTK","ARRB2","FGB"
"BTK","TRAF3","FGB"
"BTK","CRTC2","FGB"
"BTK","CD28","FGB"
"BTK","INPP5D","FGB"
"BTK","FRS2","FGB"
"BTK","CCNE1","FGB"
"BTK","IMPDH2","FGB"
"BTK","SET","FGB"
"BTK","PIK3CG","FGB"
"BTK","SH2B2","FGB"
"BTK","TRPV1","FGB"
"BTK","PPP1R14A","FGB"
"BTK","BCL10","FGB"
"BTK","PIK3R6","FGB"
"BTK","MRE11","FGB"
"BTK","HDAC2","FGB"
"BTK","KSR1","FGB"
"BTK","DDX58","FGB"
"BTK","UBXN2B","FGB"
"BTK","MST1R","FGB"
"BTK","ROR2","FGB"
"BTK","ABI1","FGB"
"BTK","IFIH1","FGB"
"BTK","RAD50","FGB"
"BTK","TTI1","FGB"
"BTK","WDFY3","FGB"
"BTK","LRP6","FGB"
"BTK","GRB14","FGB"
"BTK","HOXB7","FGB"
"BTK","PIK3C3","FGB"
"BTK","RND1","FGB"
"BTK","STING1","FGB"
"BTK","SPEN","FGB"
"BTK","NFKB1","FGB"
"BTK","CTDP1","FGB"
"BTK","TELO2","FGB"
"BTK","BLVRA","FGB"
"BTK","CLSPN","FGB"
"BTK","MAPKAP1","FGB"
"BTK","GRB7","FGB"
"BTK","BAZ1B","FGB"
"BTK","PLCG2","FGB"
"BTK","RBL2","FGB"
"BTK","PPP1R14B","FGB"
"BTK","PABIR1","FGB"
"BTK","MAPK3","TUBA1B"
"BTK","AKT3","TUBA1B"
"BTK","CHUK","TUBA1B"
"BTK","AKT2","TUBA1B"
"BTK","PTEN","TUBA1B"
"BTK","PRKCQ","TUBA1B"
"BTK","MTOR","TUBA1B"
"BTK","AKT1","TUBA1B"
"BTK","PRKG1","TUBA1B"
"BTK","CCP110","TUBA1B"
"BTK","RPS6K","TUBA1B"
"BTK","CALM2","TUBA1B"
"BTK","ERK1/2","TUBA1B"
"BTK","Gbeta","TUBA1B"
"BTK","LCK","TUBA1B"
"BTK","CDK9","TUBA1B"
"BTK","ABL1","TUBA1B"
"BTK","RPS6KA5","TUBA1B"
"BTK","WNK1","TUBA1B"
"BTK","PDPK1","TUBA1B"
"BTK","SGK1","TUBA1B"
"BTK","MAP2K1","TUBA1B"
"BTK","PRKCB","TUBA1B"
"BTK","PRKCG","TUBA1B"
"BTK","PRKCZ","TUBA1B"
"BTK","CyclinD/CDK4","TUBA1B"
"BTK","MAP3K1","TUBA1B"
"BTK","MAP3K7","TUBA1B"
"BTK","AKT","TUBA1B"
"BTK","IKBKB","TUBA1B"
"BTK","WWTR1","TUBA1B"
"BTK","DOK1","TUBA1B"
"BTK","MAP3K4","TUBA1B"
"BTK","DAPK1","TUBA1B"
"BTK","PXN","TUBA1B"
"BTK","FGG","TUBA1B"
"BTK","LEPR","TUBA1B"
"BTK","ITK","TUBA1B"
"BTK","RPS6KA3","TUBA1B"
"BTK","BCL3","TUBA1B"
"BTK","DVL1","TUBA1B"
"BTK","FZR1","TUBA1B"
"BTK","GRB2","TUBA1B"
"BTK","VCPIP1","TUBA1B"
"BTK","ATR","TUBA1B"
"BTK","SGK3","TUBA1B"
"BTK","PTK6","TUBA1B"
"BTK","IKBKE","TUBA1B"
"BTK","CCND1","TUBA1B"
"BTK","ILK","TUBA1B"
"BTK","STAP1","TUBA1B"
"BTK","TBK1","TUBA1B"
"BTK","SPRED1","TUBA1B"
"BTK","MEK1/2","TUBA1B"
"BTK","PTPN7","TUBA1B"
"BTK","CALM1","TUBA1B"
"BTK","FADD","TUBA1B"
"BTK","STK38","TUBA1B"
"BTK","TLK1","TUBA1B"
"BTK","C9orf72","TUBA1B"
"BTK","CDKN2A","TUBA1B"
"BTK","MAP4K1","TUBA1B"
"BTK","RET","TUBA1B"
"BTK","DDX41","TUBA1B"
"BTK","IKK-complex","TUBA1B"
"BTK","SHC1","TUBA1B"
"BTK","RPS6KA4","TUBA1B"
"BTK","NTRK1","TUBA1B"
"BTK","GPSM3","TUBA1B"
"BTK","RELA","TUBA1B"
"BTK","MAPKAPK5","TUBA1B"
"BTK","EPHA2","TUBA1B"
"BTK","MAP3K8","TUBA1B"
"BTK","PTPRR","TUBA1B"
"BTK","CDKN1B","TUBA1B"
"BTK","FBLIM1","TUBA1B"
"BTK","TEC","TUBA1B"
"BTK","VCP","TUBA1B"
"BTK","GRIP1","TUBA1B"
"BTK","TMIGD2","TUBA1B"
"BTK","CCR2","TUBA1B"
"BTK","STIP1","TUBA1B"
"BTK","PSTPIP1","TUBA1B"
"BTK","ARRB2","TUBA1B"
"BTK","TRAF3","TUBA1B"
"BTK","CRTC2","TUBA1B"
"BTK","CD28","TUBA1B"
"BTK","INPP5D","TUBA1B"
"BTK","FRS2","TUBA1B"
"BTK","CCNE1","TUBA1B"
"BTK","IMPDH2","TUBA1B"
"BTK","SET","TUBA1B"
"BTK","PIK3CG","TUBA1B"
"BTK","SH2B2","TUBA1B"
"BTK","TRPV1","TUBA1B"
"BTK","PPP1R14A","TUBA1B"
"BTK","BCL10","TUBA1B"
"BTK","PIK3R6","TUBA1B"
"BTK","MRE11","TUBA1B"
"BTK","HDAC2","TUBA1B"
"BTK","KSR1","TUBA1B"
"BTK","DDX58","TUBA1B"
"BTK","UBXN2B","TUBA1B"
"BTK","MST1R","TUBA1B"
"BTK","ROR2","TUBA1B"
"BTK","ABI1","TUBA1B"
"BTK","IFIH1","TUBA1B"
"BTK","RAD50","TUBA1B"
"BTK","TTI1","TUBA1B"
"BTK","WDFY3","TUBA1B"
"BTK","LRP6","TUBA1B"
"BTK","GRB14","TUBA1B"
"BTK","HOXB7","TUBA1B"
"BTK","PIK3C3","TUBA1B"
"BTK","RND1","TUBA1B"
"BTK","STING1","TUBA1B"
"BTK","SPEN","TUBA1B"
"BTK","NFKB1","TUBA1B"
"BTK","CTDP1","TUBA1B"
"BTK","TELO2","TUBA1B"
"BTK","BLVRA","TUBA1B"
"BTK","CLSPN","TUBA1B"
"BTK","MAPKAP1","TUBA1B"
"BTK","GRB7","TUBA1B"
"BTK","BAZ1B","TUBA1B"
"BTK","RBL2","TUBA1B"
"BTK","PPP1R14B","TUBA1B"
"BTK","PABIR1","TUBA1B"
"BTK","MAPK3","PFAS"
"BTK","AKT3","PFAS"
"BTK","CHUK","PFAS"
"BTK","AKT2","PFAS"
"BTK","PTEN","PFAS"
"BTK","PRKCQ","PFAS"
"BTK","MTOR","PFAS"
"BTK","AKT1","PFAS"
"BTK","PRKG1","PFAS"
"BTK","CCP110","PFAS"
"BTK","RPS6K","PFAS"
"BTK","CALM2","PFAS"
"BTK","ERK1/2","PFAS"
"BTK","Gbeta","PFAS"
"BTK","LCK","PFAS"
"BTK","CDK9","PFAS"
"BTK","ABL1","PFAS"
"BTK","RPS6KA5","PFAS"
"BTK","WNK1","PFAS"
"BTK","PDPK1","PFAS"
"BTK","SGK1","PFAS"
"BTK","MAP2K1","PFAS"
"BTK","PRKCB","PFAS"
"BTK","PRKCG","PFAS"
"BTK","PRKCZ","PFAS"
"BTK","CyclinD/CDK4","PFAS"
"BTK","MAP3K1","PFAS"
"BTK","MAP3K7","PFAS"
"BTK","AKT","PFAS"
"BTK","IKBKB","PFAS"
"BTK","WWTR1","PFAS"
"BTK","DOK1","PFAS"
"BTK","MAP3K4","PFAS"
"BTK","DAPK1","PFAS"
"BTK","PXN","PFAS"
"BTK","FGG","PFAS"
"BTK","LEPR","PFAS"
"BTK","ITK","PFAS"
"BTK","RPS6KA3","PFAS"
"BTK","BCL3","PFAS"
"BTK","DVL1","PFAS"
"BTK","FZR1","PFAS"
"BTK","GRB2","PFAS"
"BTK","VCPIP1","PFAS"
"BTK","ATR","PFAS"
"BTK","SGK3","PFAS"
"BTK","PTK6","PFAS"
"BTK","IKBKE","PFAS"
"BTK","CCND1","PFAS"
"BTK","ILK","PFAS"
"BTK","STAP1","PFAS"
"BTK","TBK1","PFAS"
"BTK","SPRED1","PFAS"
"BTK","MEK1/2","PFAS"
"BTK","PTPN7","PFAS"
"BTK","CALM1","PFAS"
"BTK","FADD","PFAS"
"BTK","STK38","PFAS"
"BTK","TLK1","PFAS"
"BTK","C9orf72","PFAS"
"BTK","CDKN2A","PFAS"
"BTK","MAP4K1","PFAS"
"BTK","DDX41","PFAS"
"BTK","IKK-complex","PFAS"
"BTK","SHC1","PFAS"
"BTK","RPS6KA4","PFAS"
"BTK","NTRK1","PFAS"
"BTK","GPSM3","PFAS"
"BTK","RELA","PFAS"
"BTK","MAPKAPK5","PFAS"
"BTK","EPHA2","PFAS"
"BTK","MAP3K8","PFAS"
"BTK","PTPRR","PFAS"
"BTK","CDKN1B","PFAS"
"BTK","FBLIM1","PFAS"
"BTK","TEC","PFAS"
"BTK","VCP","PFAS"
"BTK","GRIP1","PFAS"
"BTK","TMIGD2","PFAS"
"BTK","CCR2","PFAS"
"BTK","STIP1","PFAS"
"BTK","PSTPIP1","PFAS"
"BTK","ARRB2","PFAS"
"BTK","TRAF3","PFAS"
"BTK","CRTC2","PFAS"
"BTK","CD28","PFAS"
"BTK","INPP5D","PFAS"
"BTK","FRS2","PFAS"
"BTK","CCNE1","PFAS"
"BTK","IMPDH2","PFAS"
"BTK","SET","PFAS"
"BTK","PIK3CG","PFAS"
"BTK","SH2B2","PFAS"
"BTK","TRPV1","PFAS"
"BTK","PPP1R14A","PFAS"
"BTK","BCL10","PFAS"
"BTK","PIK3R6","PFAS"
"BTK","MRE11","PFAS"
"BTK","HDAC2","PFAS"
"BTK","KSR1","PFAS"
"BTK","DDX58","PFAS"
"BTK","UBXN2B","PFAS"
"BTK","MST1R","PFAS"
"BTK","ROR2","PFAS"
"BTK","ABI1","PFAS"
"BTK","IFIH1","PFAS"
"BTK","RAD50","PFAS"
"BTK","TTI1","PFAS"
"BTK","WDFY3","PFAS"
"BTK","LRP6","PFAS"
"BTK","GRB14","PFAS"
"BTK","HOXB7","PFAS"
"BTK","PIK3C3","PFAS"
"BTK","RND1","PFAS"
"BTK","STING1","PFAS"
"BTK","SPEN","PFAS"
"BTK","NFKB1","PFAS"
"BTK","CTDP1","PFAS"
"BTK","TELO2","PFAS"
"BTK","BLVRA","PFAS"
"BTK","CLSPN","PFAS"
"BTK","MAPKAP1","PFAS"
"BTK","GRB7","PFAS"
"BTK","BAZ1B","PFAS"
"BTK","PLCG2","PFAS"
"BTK","RBL2","PFAS"
"BTK","PPP1R14B","PFAS"
"BTK","PABIR1","PFAS"
"BTK","MAPK3","SOS2"
"BTK","AKT3","SOS2"
"BTK","CHUK","SOS2"
"BTK","AKT2","SOS2"
"BTK","PTEN","SOS2"
"BTK","PRKCQ","SOS2"
"BTK","MTOR","SOS2"
"BTK","AKT1","SOS2"
"BTK","PRKG1","SOS2"
"BTK","CCP110","SOS2"
"BTK","RPS6K","SOS2"
"BTK","CALM2","SOS2"
"BTK","ERK1/2","SOS2"
"BTK","Gbeta","SOS2"
"BTK","LCK","SOS2"
"BTK","CDK9","SOS2"
"BTK","ABL1","SOS2"
"BTK","RPS6KA5","SOS2"
"BTK","WNK1","SOS2"
"BTK","PDPK1","SOS2"
"BTK","SGK1","SOS2"
"BTK","MAP2K1","SOS2"
"BTK","PRKCG","SOS2"
"BTK","PRKCZ","SOS2"
"BTK","CyclinD/CDK4","SOS2"
"BTK","MAP3K1","SOS2"
"BTK","MAP3K7","SOS2"
"BTK","AKT","SOS2"
"BTK","IKBKB","SOS2"
"BTK","WWTR1","SOS2"
"BTK","DOK1","SOS2"
"BTK","MAP3K4","SOS2"
"BTK","DAPK1","SOS2"
"BTK","PXN","SOS2"
"BTK","FGG","SOS2"
"BTK","LEPR","SOS2"
"BTK","ITK","SOS2"
"BTK","RPS6KA3","SOS2"
"BTK","BCL3","SOS2"
"BTK","DVL1","SOS2"
"BTK","FZR1","SOS2"
"BTK","VCPIP1","SOS2"
"BTK","ATR","SOS2"
"BTK","SGK3","SOS2"
"BTK","PTK6","SOS2"
"BTK","IKBKE","SOS2"
"BTK","CCND1","SOS2"
"BTK","ILK","SOS2"
"BTK","STAP1","SOS2"
"BTK","TBK1","SOS2"
"BTK","SPRED1","SOS2"
"BTK","MEK1/2","SOS2"
"BTK","PTPN7","SOS2"
"BTK","CALM1","SOS2"
"BTK","FADD","SOS2"
"BTK","STK38","SOS2"
"BTK","TLK1","SOS2"
"BTK","C9orf72","SOS2"
"BTK","CDKN2A","SOS2"
"BTK","MAP4K1","SOS2"
"BTK","RET","SOS2"
"BTK","DDX41","SOS2"
"BTK","IKK-complex","SOS2"
"BTK","SHC1","SOS2"
"BTK","RPS6KA4","SOS2"
"BTK","NTRK1","SOS2"
"BTK","GPSM3","SOS2"
"BTK","RELA","SOS2"
"BTK","MAPKAPK5","SOS2"
"BTK","EPHA2","SOS2"
"BTK","MAP3K8","SOS2"
"BTK","PTPRR","SOS2"
"BTK","CDKN1B","SOS2"
"BTK","FBLIM1","SOS2"
"BTK","TEC","SOS2"
"BTK","VCP","SOS2"
"BTK","GRIP1","SOS2"
"BTK","TMIGD2","SOS2"
"BTK","CCR2","SOS2"
"BTK","STIP1","SOS2"
"BTK","PSTPIP1","SOS2"
"BTK","ARRB2","SOS2"
"BTK","TRAF3","SOS2"
"BTK","CRTC2","SOS2"
"BTK","CD28","SOS2"
"BTK","INPP5D","SOS2"
"BTK","FRS2","SOS2"
"BTK","CCNE1","SOS2"
"BTK","IMPDH2","SOS2"
"BTK","SET","SOS2"
"BTK","PIK3CG","SOS2"
"BTK","SH2B2","SOS2"
"BTK","TRPV1","SOS2"
"BTK","PPP1R14A","SOS2"
"BTK","BCL10","SOS2"
"BTK","PIK3R6","SOS2"
"BTK","MRE11","SOS2"
"BTK","HDAC2","SOS2"
"BTK","KSR1","SOS2"
"BTK","DDX58","SOS2"
"BTK","UBXN2B","SOS2"
"BTK","MST1R","SOS2"
"BTK","ROR2","SOS2"
"BTK","ABI1","SOS2"
"BTK","IFIH1","SOS2"
"BTK","RAD50","SOS2"
"BTK","TTI1","SOS2"
"BTK","WDFY3","SOS2"
"BTK","LRP6","SOS2"
"BTK","GRB14","SOS2"
"BTK","HOXB7","SOS2"
"BTK","PIK3C3","SOS2"
"BTK","RND1","SOS2"
"BTK","STING1","SOS2"
"BTK","SPEN","SOS2"
"BTK","NFKB1","SOS2"
"BTK","CTDP1","SOS2"
"BTK","TELO2","SOS2"
"BTK","BLVRA","SOS2"
"BTK","CLSPN","SOS2"
"BTK","MAPKAP1","SOS2"
"BTK","GRB7","SOS2"
"BTK","BAZ1B","SOS2"
"BTK","PLCG2","SOS2"
"BTK","RBL2","SOS2"
"BTK","PPP1R14B","SOS2"
"BTK","PABIR1","SOS2"
"BTK","MAPK3","RIF1"
"BTK","AKT3","RIF1"
"BTK","CHUK","RIF1"
"BTK","AKT2","RIF1"
"BTK","PTEN","RIF1"
"BTK","PRKCQ","RIF1"
"BTK","MTOR","RIF1"
"BTK","AKT1","RIF1"
"BTK","PRKG1","RIF1"
"BTK","CCP110","RIF1"
"BTK","RPS6K","RIF1"
"BTK","CALM2","RIF1"
"BTK","ERK1/2","RIF1"
"BTK","Gbeta","RIF1"
"BTK","LCK","RIF1"
"BTK","CDK9","RIF1"
"BTK","ABL1","RIF1"
"BTK","RPS6KA5","RIF1"
"BTK","WNK1","RIF1"
"BTK","PDPK1","RIF1"
"BTK","SGK1","RIF1"
"BTK","MAP2K1","RIF1"
"BTK","PRKCB","RIF1"
"BTK","PRKCG","RIF1"
"BTK","PRKCZ","RIF1"
"BTK","CyclinD/CDK4","RIF1"
"BTK","MAP3K1","RIF1"
"BTK","MAP3K7","RIF1"
"BTK","AKT","RIF1"
"BTK","IKBKB","RIF1"
"BTK","WWTR1","RIF1"
"BTK","DOK1","RIF1"
"BTK","MAP3K4","RIF1"
"BTK","DAPK1","RIF1"
"BTK","PXN","RIF1"
"BTK","FGG","RIF1"
"BTK","LEPR","RIF1"
"BTK","ITK","RIF1"
"BTK","RPS6KA3","RIF1"
"BTK","BCL3","RIF1"
"BTK","DVL1","RIF1"
"BTK","FZR1","RIF1"
"BTK","GRB2","RIF1"
"BTK","VCPIP1","RIF1"
"BTK","ATR","RIF1"
"BTK","SGK3","RIF1"
"BTK","PTK6","RIF1"
"BTK","IKBKE","RIF1"
"BTK","CCND1","RIF1"
"BTK","ILK","RIF1"
"BTK","STAP1","RIF1"
"BTK","TBK1","RIF1"
"BTK","SPRED1","RIF1"
"BTK","MEK1/2","RIF1"
"BTK","PTPN7","RIF1"
"BTK","CALM1","RIF1"
"BTK","FADD","RIF1"
"BTK","STK38","RIF1"
"BTK","TLK1","RIF1"
"BTK","C9orf72","RIF1"
"BTK","CDKN2A","RIF1"
"BTK","MAP4K1","RIF1"
"BTK","RET","RIF1"
"BTK","DDX41","RIF1"
"BTK","IKK-complex","RIF1"
"BTK","SHC1","RIF1"
"BTK","RPS6KA4","RIF1"
"BTK","NTRK1","RIF1"
"BTK","GPSM3","RIF1"
"BTK","RELA","RIF1"
"BTK","MAPKAPK5","RIF1"
"BTK","EPHA2","RIF1"
"BTK","MAP3K8","RIF1"
"BTK","PTPRR","RIF1"
"BTK","CDKN1B","RIF1"
"BTK","FBLIM1","RIF1"
"BTK","TEC","RIF1"
"BTK","VCP","RIF1"
"BTK","GRIP1","RIF1"
"BTK","TMIGD2","RIF1"
"BTK","CCR2","RIF1"
"BTK","STIP1","RIF1"
"BTK","PSTPIP1","RIF1"
"BTK","ARRB2","RIF1"
"BTK","TRAF3","RIF1"
"BTK","CRTC2","RIF1"
"BTK","CD28","RIF1"
"BTK","INPP5D","RIF1"
"BTK","FRS2","RIF1"
"BTK","CCNE1","RIF1"
"BTK","IMPDH2","RIF1"
"BTK","SET","RIF1"
"BTK","PIK3CG","RIF1"
"BTK","SH2B2","RIF1"
"BTK","TRPV1","RIF1"
"BTK","PPP1R14A","RIF1"
"BTK","BCL10","RIF1"
"BTK","PIK3R6","RIF1"
"BTK","MRE11","RIF1"
"BTK","HDAC2","RIF1"
"BTK","KSR1","RIF1"
"BTK","DDX58","RIF1"
"BTK","UBXN2B","RIF1"
"BTK","MST1R","RIF1"
"BTK","ROR2","RIF1"
"BTK","ABI1","RIF1"
"BTK","IFIH1","RIF1"
"BTK","RAD50","RIF1"
"BTK","TTI1","RIF1"
"BTK","WDFY3","RIF1"
"BTK","LRP6","RIF1"
"BTK","GRB14","RIF1"
"BTK","HOXB7","RIF1"
"BTK","PIK3C3","RIF1"
"BTK","RND1","RIF1"
"BTK","STING1","RIF1"
"BTK","SPEN","RIF1"
"BTK","NFKB1","RIF1"
"BTK","CTDP1","RIF1"
"BTK","TELO2","RIF1"
"BTK","BLVRA","RIF1"
"BTK","CLSPN","RIF1"
"BTK","MAPKAP1","RIF1"
"BTK","GRB7","RIF1"
"BTK","BAZ1B","RIF1"
"BTK","RBL2","RIF1"
"BTK","PPP1R14B","RIF1"
"BTK","PABIR1","RIF1"
"BTK","MAPK3","TUBAC Family"
"BTK","AKT3","TUBAC Family"
"BTK","CHUK","TUBAC Family"
"BTK","AKT2","TUBAC Family"
"BTK","PTEN","TUBAC Family"
"BTK","PRKCQ","TUBAC Family"
"BTK","MTOR","TUBAC Family"
"BTK","AKT1","TUBAC Family"
"BTK","PRKG1","TUBAC Family"
"BTK","CCP110","TUBAC Family"
"BTK","RPS6K","TUBAC Family"
"BTK","CALM2","TUBAC Family"
"BTK","ERK1/2","TUBAC Family"
"BTK","Gbeta","TUBAC Family"
"BTK","LCK","TUBAC Family"
"BTK","CDK9","TUBAC Family"
"BTK","ABL1","TUBAC Family"
"BTK","RPS6KA5","TUBAC Family"
"BTK","WNK1","TUBAC Family"
"BTK","PDPK1","TUBAC Family"
"BTK","SGK1","TUBAC Family"
"BTK","MAP2K1","TUBAC Family"
"BTK","PRKCB","TUBAC Family"
"BTK","PRKCG","TUBAC Family"
"BTK","PRKCZ","TUBAC Family"
"BTK","CyclinD/CDK4","TUBAC Family"
"BTK","MAP3K1","TUBAC Family"
"BTK","MAP3K7","TUBAC Family"
"BTK","AKT","TUBAC Family"
"BTK","IKBKB","TUBAC Family"
"BTK","WWTR1","TUBAC Family"
"BTK","DOK1","TUBAC Family"
"BTK","MAP3K4","TUBAC Family"
"BTK","DAPK1","TUBAC Family"
"BTK","PXN","TUBAC Family"
"BTK","FGG","TUBAC Family"
"BTK","LEPR","TUBAC Family"
"BTK","ITK","TUBAC Family"
"BTK","RPS6KA3","TUBAC Family"
"BTK","BCL3","TUBAC Family"
"BTK","DVL1","TUBAC Family"
"BTK","FZR1","TUBAC Family"
"BTK","GRB2","TUBAC Family"
"BTK","VCPIP1","TUBAC Family"
"BTK","ATR","TUBAC Family"
"BTK","SGK3","TUBAC Family"
"BTK","PTK6","TUBAC Family"
"BTK","IKBKE","TUBAC Family"
"BTK","CCND1","TUBAC Family"
"BTK","ILK","TUBAC Family"
"BTK","STAP1","TUBAC Family"
"BTK","TBK1","TUBAC Family"
"BTK","SPRED1","TUBAC Family"
"BTK","MEK1/2","TUBAC Family"
"BTK","PTPN7","TUBAC Family"
"BTK","CALM1","TUBAC Family"
"BTK","FADD","TUBAC Family"
"BTK","STK38","TUBAC Family"
"BTK","TLK1","TUBAC Family"
"BTK","C9orf72","TUBAC Family"
"BTK","CDKN2A","TUBAC Family"
"BTK","MAP4K1","TUBAC Family"
"BTK","RET","TUBAC Family"
"BTK","DDX41","TUBAC Family"
"BTK","IKK-complex","TUBAC Family"
"BTK","SHC1","TUBAC Family"
"BTK","RPS6KA4","TUBAC Family"
"BTK","NTRK1","TUBAC Family"
"BTK","GPSM3","TUBAC Family"
"BTK","RELA","TUBAC Family"
"BTK","MAPKAPK5","TUBAC Family"
"BTK","EPHA2","TUBAC Family"
"BTK","MAP3K8","TUBAC Family"
"BTK","PTPRR","TUBAC Family"
"BTK","CDKN1B","TUBAC Family"
"BTK","FBLIM1","TUBAC Family"
"BTK","TEC","TUBAC Family"
"BTK","VCP","TUBAC Family"
"BTK","GRIP1","TUBAC Family"
"BTK","TMIGD2","TUBAC Family"
"BTK","CCR2","TUBAC Family"
"BTK","STIP1","TUBAC Family"
"BTK","PSTPIP1","TUBAC Family"
"BTK","ARRB2","TUBAC Family"
"BTK","TRAF3","TUBAC Family"
"BTK","CRTC2","TUBAC Family"
"BTK","CD28","TUBAC Family"
"BTK","INPP5D","TUBAC Family"
"BTK","FRS2","TUBAC Family"
"BTK","CCNE1","TUBAC Family"
"BTK","IMPDH2","TUBAC Family"
"BTK","SET","TUBAC Family"
"BTK","PIK3CG","TUBAC Family"
"BTK","SH2B2","TUBAC Family"
"BTK","TRPV1","TUBAC Family"
"BTK","PPP1R14A","TUBAC Family"
"BTK","BCL10","TUBAC Family"
"BTK","PIK3R6","TUBAC Family"
"BTK","MRE11","TUBAC Family"
"BTK","HDAC2","TUBAC Family"
"BTK","KSR1","TUBAC Family"
"BTK","DDX58","TUBAC Family"
"BTK","UBXN2B","TUBAC Family"
"BTK","MST1R","TUBAC Family"
"BTK","ROR2","TUBAC Family"
"BTK","ABI1","TUBAC Family"
"BTK","IFIH1","TUBAC Family"
"BTK","RAD50","TUBAC Family"
"BTK","TTI1","TUBAC Family"
"BTK","WDFY3","TUBAC Family"
"BTK","LRP6","TUBAC Family"
"BTK","GRB14","TUBAC Family"
"BTK","HOXB7","TUBAC Family"
"BTK","PIK3C3","TUBAC Family"
"BTK","RND1","TUBAC Family"
"BTK","STING1","TUBAC Family"
"BTK","SPEN","TUBAC Family"
"BTK","NFKB1","TUBAC Family"
"BTK","CTDP1","TUBAC Family"
"BTK","TELO2","TUBAC Family"
"BTK","BLVRA","TUBAC Family"
"BTK","CLSPN","TUBAC Family"
"BTK","MAPKAP1","TUBAC Family"
"BTK","GRB7","TUBAC Family"
"BTK","BAZ1B","TUBAC Family"
"BTK","RBL2","TUBAC Family"
"BTK","PPP1R14B","TUBAC Family"
"BTK","PABIR1","TUBAC Family"
"BTK","MAPK3","HOXA10"
"BTK","AKT3","HOXA10"
"BTK","CHUK","HOXA10"
"BTK","AKT2","HOXA10"
"BTK","PTEN","HOXA10"
"BTK","PRKCQ","HOXA10"
"BTK","MTOR","HOXA10"
"BTK","AKT1","HOXA10"
"BTK","PRKG1","HOXA10"
"BTK","CCP110","HOXA10"
"BTK","RPS6K","HOXA10"
"BTK","CALM2","HOXA10"
"BTK","ERK1/2","HOXA10"
"BTK","Gbeta","HOXA10"
"BTK","LCK","HOXA10"
"BTK","CDK9","HOXA10"
"BTK","ABL1","HOXA10"
"BTK","RPS6KA5","HOXA10"
"BTK","WNK1","HOXA10"
"BTK","PDPK1","HOXA10"
"BTK","SGK1","HOXA10"
"BTK","MAP2K1","HOXA10"
"BTK","PRKCB","HOXA10"
"BTK","PRKCG","HOXA10"
"BTK","PRKCZ","HOXA10"
"BTK","CyclinD/CDK4","HOXA10"
"BTK","MAP3K1","HOXA10"
"BTK","MAP3K7","HOXA10"
"BTK","AKT","HOXA10"
"BTK","IKBKB","HOXA10"
"BTK","WWTR1","HOXA10"
"BTK","DOK1","HOXA10"
"BTK","MAP3K4","HOXA10"
"BTK","DAPK1","HOXA10"
"BTK","PXN","HOXA10"
"BTK","FGG","HOXA10"
"BTK","LEPR","HOXA10"
"BTK","ITK","HOXA10"
"BTK","RPS6KA3","HOXA10"
"BTK","BCL3","HOXA10"
"BTK","DVL1","HOXA10"
"BTK","FZR1","HOXA10"
"BTK","GRB2","HOXA10"
"BTK","VCPIP1","HOXA10"
"BTK","ATR","HOXA10"
"BTK","SGK3","HOXA10"
"BTK","PTK6","HOXA10"
"BTK","IKBKE","HOXA10"
"BTK","CCND1","HOXA10"
"BTK","ILK","HOXA10"
"BTK","TBK1","HOXA10"
"BTK","SPRED1","HOXA10"
"BTK","MEK1/2","HOXA10"
"BTK","PTPN7","HOXA10"
"BTK","CALM1","HOXA10"
"BTK","FADD","HOXA10"
"BTK","STK38","HOXA10"
"BTK","TLK1","HOXA10"
"BTK","C9orf72","HOXA10"
"BTK","CDKN2A","HOXA10"
"BTK","MAP4K1","HOXA10"
"BTK","RET","HOXA10"
"BTK","DDX41","HOXA10"
"BTK","IKK-complex","HOXA10"
"BTK","SHC1","HOXA10"
"BTK","RPS6KA4","HOXA10"
"BTK","NTRK1","HOXA10"
"BTK","GPSM3","HOXA10"
"BTK","RELA","HOXA10"
"BTK","MAPKAPK5","HOXA10"
"BTK","EPHA2","HOXA10"
"BTK","MAP3K8","HOXA10"
"BTK","PTPRR","HOXA10"
"BTK","CDKN1B","HOXA10"
"BTK","FBLIM1","HOXA10"
"BTK","VCP","HOXA10"
"BTK","GRIP1","HOXA10"
"BTK","TMIGD2","HOXA10"
"BTK","CCR2","HOXA10"
"BTK","STIP1","HOXA10"
"BTK","PSTPIP1","HOXA10"
"BTK","ARRB2","HOXA10"
"BTK","TRAF3","HOXA10"
"BTK","CRTC2","HOXA10"
"BTK","CD28","HOXA10"
"BTK","INPP5D","HOXA10"
"BTK","FRS2","HOXA10"
"BTK","CCNE1","HOXA10"
"BTK","IMPDH2","HOXA10"
"BTK","SET","HOXA10"
"BTK","PIK3CG","HOXA10"
"BTK","SH2B2","HOXA10"
"BTK","TRPV1","HOXA10"
"BTK","PPP1R14A","HOXA10"
"BTK","BCL10","HOXA10"
"BTK","PIK3R6","HOXA10"
"BTK","MRE11","HOXA10"
"BTK","HDAC2","HOXA10"
"BTK","KSR1","HOXA10"
"BTK","DDX58","HOXA10"
"BTK","UBXN2B","HOXA10"
"BTK","MST1R","HOXA10"
"BTK","ROR2","HOXA10"
"BTK","ABI1","HOXA10"
"BTK","IFIH1","HOXA10"
"BTK","RAD50","HOXA10"
"BTK","TTI1","HOXA10"
"BTK","WDFY3","HOXA10"
"BTK","LRP6","HOXA10"
"BTK","GRB14","HOXA10"
"BTK","HOXB7","HOXA10"
"BTK","PIK3C3","HOXA10"
"BTK","RND1","HOXA10"
"BTK","STING1","HOXA10"
"BTK","SPEN","HOXA10"
"BTK","NFKB1","HOXA10"
"BTK","CTDP1","HOXA10"
"BTK","TELO2","HOXA10"
"BTK","BLVRA","HOXA10"
"BTK","CLSPN","HOXA10"
"BTK","MAPKAP1","HOXA10"
"BTK","GRB7","HOXA10"
"BTK","BAZ1B","HOXA10"
"BTK","PLCG2","HOXA10"
"BTK","RBL2","HOXA10"
"BTK","PPP1R14B","HOXA10"
"BTK","PABIR1","HOXA10"
"BTK","MAPK3","NUP153"
"BTK","AKT3","NUP153"
"BTK","CHUK","NUP153"
"BTK","AKT2","NUP153"
"BTK","PTEN","NUP153"
"BTK","PRKCQ","NUP153"
"BTK","MTOR","NUP153"
"BTK","AKT1","NUP153"
"BTK","PRKG1","NUP153"
"BTK","CCP110","NUP153"
"BTK","RPS6K","NUP153"
"BTK","CALM2","NUP153"
"BTK","ERK1/2","NUP153"
"BTK","Gbeta","NUP153"
"BTK","LCK","NUP153"
"BTK","CDK9","NUP153"
"BTK","ABL1","NUP153"
"BTK","RPS6KA5","NUP153"
"BTK","WNK1","NUP153"
"BTK","PDPK1","NUP153"
"BTK","SGK1","NUP153"
"BTK","MAP2K1","NUP153"
"BTK","PRKCB","NUP153"
"BTK","PRKCG","NUP153"
"BTK","PRKCZ","NUP153"
"BTK","CyclinD/CDK4","NUP153"
"BTK","MAP3K1","NUP153"
"BTK","MAP3K7","NUP153"
"BTK","AKT","NUP153"
"BTK","IKBKB","NUP153"
"BTK","WWTR1","NUP153"
"BTK","DOK1","NUP153"
"BTK","MAP3K4","NUP153"
"BTK","DAPK1","NUP153"
"BTK","PXN","NUP153"
"BTK","FGG","NUP153"
"BTK","LEPR","NUP153"
"BTK","ITK","NUP153"
"BTK","RPS6KA3","NUP153"
"BTK","BCL3","NUP153"
"BTK","DVL1","NUP153"
"BTK","FZR1","NUP153"
"BTK","GRB2","NUP153"
"BTK","VCPIP1","NUP153"
"BTK","ATR","NUP153"
"BTK","SGK3","NUP153"
"BTK","PTK6","NUP153"
"BTK","IKBKE","NUP153"
"BTK","CCND1","NUP153"
"BTK","ILK","NUP153"
"BTK","STAP1","NUP153"
"BTK","TBK1","NUP153"
"BTK","SPRED1","NUP153"
"BTK","MEK1/2","NUP153"
"BTK","PTPN7","NUP153"
"BTK","CALM1","NUP153"
"BTK","FADD","NUP153"
"BTK","STK38","NUP153"
"BTK","TLK1","NUP153"
"BTK","C9orf72","NUP153"
"BTK","CDKN2A","NUP153"
"BTK","MAP4K1","NUP153"
"BTK","RET","NUP153"
"BTK","DDX41","NUP153"
"BTK","IKK-complex","NUP153"
"BTK","SHC1","NUP153"
"BTK","RPS6KA4","NUP153"
"BTK","NTRK1","NUP153"
"BTK","GPSM3","NUP153"
"BTK","RELA","NUP153"
"BTK","MAPKAPK5","NUP153"
"BTK","EPHA2","NUP153"
"BTK","MAP3K8","NUP153"
"BTK","PTPRR","NUP153"
"BTK","CDKN1B","NUP153"
"BTK","FBLIM1","NUP153"
"BTK","TEC","NUP153"
"BTK","VCP","NUP153"
"BTK","GRIP1","NUP153"
"BTK","TMIGD2","NUP153"
"BTK","CCR2","NUP153"
"BTK","STIP1","NUP153"
"BTK","PSTPIP1","NUP153"
"BTK","ARRB2","NUP153"
"BTK","TRAF3","NUP153"
"BTK","CRTC2","NUP153"
"BTK","CD28","NUP153"
"BTK","INPP5D","NUP153"
"BTK","FRS2","NUP153"
"BTK","CCNE1","NUP153"
"BTK","IMPDH2","NUP153"
"BTK","SET","NUP153"
"BTK","PIK3CG","NUP153"
"BTK","SH2B2","NUP153"
"BTK","TRPV1","NUP153"
"BTK","PPP1R14A","NUP153"
"BTK","BCL10","NUP153"
"BTK","PIK3R6","NUP153"
"BTK","MRE11","NUP153"
"BTK","HDAC2","NUP153"
"BTK","KSR1","NUP153"
"BTK","DDX58","NUP153"
"BTK","UBXN2B","NUP153"
"BTK","MST1R","NUP153"
"BTK","ROR2","NUP153"
"BTK","ABI1","NUP153"
"BTK","IFIH1","NUP153"
"BTK","RAD50","NUP153"
"BTK","TTI1","NUP153"
"BTK","WDFY3","NUP153"
"BTK","LRP6","NUP153"
"BTK","GRB14","NUP153"
"BTK","HOXB7","NUP153"
"BTK","PIK3C3","NUP153"
"BTK","RND1","NUP153"
"BTK","STING1","NUP153"
"BTK","SPEN","NUP153"
"BTK","NFKB1","NUP153"
"BTK","CTDP1","NUP153"
"BTK","TELO2","NUP153"
"BTK","BLVRA","NUP153"
"BTK","CLSPN","NUP153"
"BTK","MAPKAP1","NUP153"
"BTK","GRB7","NUP153"
"BTK","BAZ1B","NUP153"
"BTK","RBL2","NUP153"
"BTK","PPP1R14B","NUP153"
"BTK","PABIR1","NUP153"
"BTK","MAPK3","CYGB"
"BTK","AKT3","CYGB"
"BTK","CHUK","CYGB"
"BTK","AKT2","CYGB"
"BTK","PTEN","CYGB"
"BTK","PRKCQ","CYGB"
"BTK","MTOR","CYGB"
"BTK","AKT1","CYGB"
"BTK","PRKG1","CYGB"
"BTK","CCP110","CYGB"
"BTK","RPS6K","CYGB"
"BTK","CALM2","CYGB"
"BTK","ERK1/2","CYGB"
"BTK","Gbeta","CYGB"
"BTK","LCK","CYGB"
"BTK","CDK9","CYGB"
"BTK","ABL1","CYGB"
"BTK","RPS6KA5","CYGB"
"BTK","WNK1","CYGB"
"BTK","PDPK1","CYGB"
"BTK","SGK1","CYGB"
"BTK","MAP2K1","CYGB"
"BTK","PRKCB","CYGB"
"BTK","PRKCG","CYGB"
"BTK","PRKCZ","CYGB"
"BTK","CyclinD/CDK4","CYGB"
"BTK","MAP3K1","CYGB"
"BTK","MAP3K7","CYGB"
"BTK","AKT","CYGB"
"BTK","IKBKB","CYGB"
"BTK","WWTR1","CYGB"
"BTK","DOK1","CYGB"
"BTK","MAP3K4","CYGB"
"BTK","DAPK1","CYGB"
"BTK","PXN","CYGB"
"BTK","FGG","CYGB"
"BTK","LEPR","CYGB"
"BTK","ITK","CYGB"
"BTK","RPS6KA3","CYGB"
"BTK","BCL3","CYGB"
"BTK","DVL1","CYGB"
"BTK","FZR1","CYGB"
"BTK","GRB2","CYGB"
"BTK","VCPIP1","CYGB"
"BTK","ATR","CYGB"
"BTK","SGK3","CYGB"
"BTK","PTK6","CYGB"
"BTK","IKBKE","CYGB"
"BTK","CCND1","CYGB"
"BTK","ILK","CYGB"
"BTK","STAP1","CYGB"
"BTK","TBK1","CYGB"
"BTK","SPRED1","CYGB"
"BTK","MEK1/2","CYGB"
"BTK","PTPN7","CYGB"
"BTK","CALM1","CYGB"
"BTK","FADD","CYGB"
"BTK","STK38","CYGB"
"BTK","TLK1","CYGB"
"BTK","C9orf72","CYGB"
"BTK","CDKN2A","CYGB"
"BTK","MAP4K1","CYGB"
"BTK","RET","CYGB"
"BTK","DDX41","CYGB"
"BTK","IKK-complex","CYGB"
"BTK","SHC1","CYGB"
"BTK","RPS6KA4","CYGB"
"BTK","NTRK1","CYGB"
"BTK","GPSM3","CYGB"
"BTK","RELA","CYGB"
"BTK","MAPKAPK5","CYGB"
"BTK","EPHA2","CYGB"
"BTK","MAP3K8","CYGB"
"BTK","PTPRR","CYGB"
"BTK","CDKN1B","CYGB"
"BTK","FBLIM1","CYGB"
"BTK","TEC","CYGB"
"BTK","VCP","CYGB"
"BTK","GRIP1","CYGB"
"BTK","TMIGD2","CYGB"
"BTK","CCR2","CYGB"
"BTK","STIP1","CYGB"
"BTK","PSTPIP1","CYGB"
"BTK","ARRB2","CYGB"
"BTK","TRAF3","CYGB"
"BTK","CRTC2","CYGB"
"BTK","CD28","CYGB"
"BTK","INPP5D","CYGB"
"BTK","FRS2","CYGB"
"BTK","CCNE1","CYGB"
"BTK","IMPDH2","CYGB"
"BTK","SET","CYGB"
"BTK","PIK3CG","CYGB"
"BTK","SH2B2","CYGB"
"BTK","TRPV1","CYGB"
"BTK","PPP1R14A","CYGB"
"BTK","BCL10","CYGB"
"BTK","PIK3R6","CYGB"
"BTK","MRE11","CYGB"
"BTK","HDAC2","CYGB"
"BTK","KSR1","CYGB"
"BTK","DDX58","CYGB"
"BTK","UBXN2B","CYGB"
"BTK","MST1R","CYGB"
"BTK","ROR2","CYGB"
"BTK","ABI1","CYGB"
"BTK","IFIH1","CYGB"
"BTK","RAD50","CYGB"
"BTK","TTI1","CYGB"
"BTK","WDFY3","CYGB"
"BTK","LRP6","CYGB"
"BTK","GRB14","CYGB"
"BTK","HOXB7","CYGB"
"BTK","PIK3C3","CYGB"
"BTK","RND1","CYGB"
"BTK","STING1","CYGB"
"BTK","SPEN","CYGB"
"BTK","NFKB1","CYGB"
"BTK","CTDP1","CYGB"
"BTK","TELO2","CYGB"
"BTK","BLVRA","CYGB"
"BTK","CLSPN","CYGB"
"BTK","MAPKAP1","CYGB"
"BTK","GRB7","CYGB"
"BTK","BAZ1B","CYGB"
"BTK","RBL2","CYGB"
"BTK","PPP1R14B","CYGB"
"BTK","PABIR1","CYGB"
"BTK","MAPK3","ETV2"
"BTK","AKT3","ETV2"
"BTK","CHUK","ETV2"
"BTK","AKT2","ETV2"
"BTK","PTEN","ETV2"
"BTK","PRKCQ","ETV2"
"BTK","MTOR","ETV2"
"BTK","AKT1","ETV2"
"BTK","PRKG1","ETV2"
"BTK","CCP110","ETV2"
"BTK","RPS6K","ETV2"
"BTK","CALM2","ETV2"
"BTK","ERK1/2","ETV2"
"BTK","Gbeta","ETV2"
"BTK","LCK","ETV2"
"BTK","CDK9","ETV2"
"BTK","ABL1","ETV2"
"BTK","RPS6KA5","ETV2"
"BTK","WNK1","ETV2"
"BTK","PDPK1","ETV2"
"BTK","SGK1","ETV2"
"BTK","MAP2K1","ETV2"
"BTK","PRKCB","ETV2"
"BTK","PRKCG","ETV2"
"BTK","PRKCZ","ETV2"
"BTK","CyclinD/CDK4","ETV2"
"BTK","MAP3K1","ETV2"
"BTK","MAP3K7","ETV2"
"BTK","AKT","ETV2"
"BTK","IKBKB","ETV2"
"BTK","WWTR1","ETV2"
"BTK","DOK1","ETV2"
"BTK","MAP3K4","ETV2"
"BTK","DAPK1","ETV2"
"BTK","PXN","ETV2"
"BTK","FGG","ETV2"
"BTK","LEPR","ETV2"
"BTK","ITK","ETV2"
"BTK","RPS6KA3","ETV2"
"BTK","BCL3","ETV2"
"BTK","DVL1","ETV2"
"BTK","FZR1","ETV2"
"BTK","GRB2","ETV2"
"BTK","VCPIP1","ETV2"
"BTK","ATR","ETV2"
"BTK","SGK3","ETV2"
"BTK","PTK6","ETV2"
"BTK","IKBKE","ETV2"
"BTK","CCND1","ETV2"
"BTK","ILK","ETV2"
"BTK","STAP1","ETV2"
"BTK","TBK1","ETV2"
"BTK","SPRED1","ETV2"
"BTK","MEK1/2","ETV2"
"BTK","PTPN7","ETV2"
"BTK","CALM1","ETV2"
"BTK","FADD","ETV2"
"BTK","STK38","ETV2"
"BTK","TLK1","ETV2"
"BTK","C9orf72","ETV2"
"BTK","CDKN2A","ETV2"
"BTK","MAP4K1","ETV2"
"BTK","RET","ETV2"
"BTK","DDX41","ETV2"
"BTK","IKK-complex","ETV2"
"BTK","SHC1","ETV2"
"BTK","RPS6KA4","ETV2"
"BTK","NTRK1","ETV2"
"BTK","GPSM3","ETV2"
"BTK","RELA","ETV2"
"BTK","MAPKAPK5","ETV2"
"BTK","EPHA2","ETV2"
"BTK","MAP3K8","ETV2"
"BTK","PTPRR","ETV2"
"BTK","CDKN1B","ETV2"
"BTK","FBLIM1","ETV2"
"BTK","TEC","ETV2"
"BTK","VCP","ETV2"
"BTK","GRIP1","ETV2"
"BTK","TMIGD2","ETV2"
"BTK","CCR2","ETV2"
"BTK","STIP1","ETV2"
"BTK","PSTPIP1","ETV2"
"BTK","ARRB2","ETV2"
"BTK","TRAF3","ETV2"
"BTK","CRTC2","ETV2"
"BTK","CD28","ETV2"
"BTK","INPP5D","ETV2"
"BTK","FRS2","ETV2"
"BTK","CCNE1","ETV2"
"BTK","IMPDH2","ETV2"
"BTK","SET","ETV2"
"BTK","PIK3CG","ETV2"
"BTK","SH2B2","ETV2"
"BTK","TRPV1","ETV2"
"BTK","PPP1R14A","ETV2"
"BTK","BCL10","ETV2"
"BTK","PIK3R6","ETV2"
"BTK","MRE11","ETV2"
"BTK","HDAC2","ETV2"
"BTK","KSR1","ETV2"
"BTK","DDX58","ETV2"
"BTK","UBXN2B","ETV2"
"BTK","MST1R","ETV2"
"BTK","ROR2","ETV2"
"BTK","ABI1","ETV2"
"BTK","IFIH1","ETV2"
"BTK","RAD50","ETV2"
"BTK","TTI1","ETV2"
"BTK","WDFY3","ETV2"
"BTK","LRP6","ETV2"
"BTK","GRB14","ETV2"
"BTK","HOXB7","ETV2"
"BTK","PIK3C3","ETV2"
"BTK","RND1","ETV2"
"BTK","STING1","ETV2"
"BTK","SPEN","ETV2"
"BTK","NFKB1","ETV2"
"BTK","CTDP1","ETV2"
"BTK","TELO2","ETV2"
"BTK","BLVRA","ETV2"
"BTK","CLSPN","ETV2"
"BTK","MAPKAP1","ETV2"
"BTK","GRB7","ETV2"
"BTK","BAZ1B","ETV2"
"BTK","RBL2","ETV2"
"BTK","PPP1R14B","ETV2"
"BTK","PABIR1","ETV2"
"BTK","MAPK3","HAVCR2"
"BTK","AKT3","HAVCR2"
"BTK","CHUK","HAVCR2"
"BTK","PRKG1","HAVCR2"
"BTK","CCP110","HAVCR2"
"BTK","ERK1/2","HAVCR2"
"BTK","Gbeta","HAVCR2"
"BTK","LCK","HAVCR2"
"BTK","CDK9","HAVCR2"
"BTK","RPS6KA5","HAVCR2"
"BTK","WNK1","HAVCR2"
"BTK","SGK1","HAVCR2"
"BTK","MAP2K1","HAVCR2"
"BTK","PRKCG","HAVCR2"
"BTK","MAP3K1","HAVCR2"
"BTK","MAP3K7","HAVCR2"
"BTK","AKT","HAVCR2"
"BTK","WWTR1","HAVCR2"
"BTK","MAP3K4","HAVCR2"
"BTK","DAPK1","HAVCR2"
"BTK","FGG","HAVCR2"
"BTK","LEPR","HAVCR2"
"BTK","BCL3","HAVCR2"
"BTK","DVL1","HAVCR2"
"BTK","FZR1","HAVCR2"
"BTK","VCPIP1","HAVCR2"
"BTK","CCND1","HAVCR2"
"BTK","STAP1","HAVCR2"
"BTK","SPRED1","HAVCR2"
"BTK","MEK1/2","HAVCR2"
"BTK","PTPN7","HAVCR2"
"BTK","FADD","HAVCR2"
"BTK","STK38","HAVCR2"
"BTK","TLK1","HAVCR2"
"BTK","C9orf72","HAVCR2"
"BTK","CDKN2A","HAVCR2"
"BTK","MAP4K1","HAVCR2"
"BTK","RET","HAVCR2"
"BTK","DDX41","HAVCR2"
"BTK","IKK-complex","HAVCR2"
"BTK","RPS6KA4","HAVCR2"
"BTK","RELA","HAVCR2"
"BTK","EPHA2","HAVCR2"
"BTK","MAP3K8","HAVCR2"
"BTK","PTPRR","HAVCR2"
"BTK","CDKN1B","HAVCR2"
"BTK","FBLIM1","HAVCR2"
"BTK","VCP","HAVCR2"
"BTK","GRIP1","HAVCR2"
"BTK","TMIGD2","HAVCR2"
"BTK","CCR2","HAVCR2"
"BTK","STIP1","HAVCR2"
"BTK","PSTPIP1","HAVCR2"
"BTK","ARRB2","HAVCR2"
"BTK","CRTC2","HAVCR2"
"BTK","FRS2","HAVCR2"
"BTK","CCNE1","HAVCR2"
"BTK","IMPDH2","HAVCR2"
"BTK","SH2B2","HAVCR2"
"BTK","BCL10","HAVCR2"
"BTK","HDAC2","HAVCR2"
"BTK","KSR1","HAVCR2"
"BTK","DDX58","HAVCR2"
"BTK","UBXN2B","HAVCR2"
"BTK","ROR2","HAVCR2"
"BTK","IFIH1","HAVCR2"
"BTK","WDFY3","HAVCR2"
"BTK","LRP6","HAVCR2"
"BTK","GRB14","HAVCR2"
"BTK","SPEN","HAVCR2"
"BTK","NFKB1","HAVCR2"
"BTK","CTDP1","HAVCR2"
"BTK","MAPKAP1","HAVCR2"
"BTK","GRB7","HAVCR2"
"BTK","BAZ1B","HAVCR2"
"BTK","PLCG2","HAVCR2"
"BTK","RBL2","HAVCR2"
"BTK","MAPK3","EIF4G1"
"BTK","AKT3","EIF4G1"
"BTK","CHUK","EIF4G1"
"BTK","AKT2","EIF4G1"
"BTK","PTEN","EIF4G1"
"BTK","PRKCQ","EIF4G1"
"BTK","MTOR","EIF4G1"
"BTK","AKT1","EIF4G1"
"BTK","PRKG1","EIF4G1"
"BTK","CCP110","EIF4G1"
"BTK","RPS6K","EIF4G1"
"BTK","CALM2","EIF4G1"
"BTK","ERK1/2","EIF4G1"
"BTK","Gbeta","EIF4G1"
"BTK","LCK","EIF4G1"
"BTK","CDK9","EIF4G1"
"BTK","ABL1","EIF4G1"
"BTK","RPS6KA5","EIF4G1"
"BTK","WNK1","EIF4G1"
"BTK","PDPK1","EIF4G1"
"BTK","SGK1","EIF4G1"
"BTK","MAP2K1","EIF4G1"
"BTK","PRKCB","EIF4G1"
"BTK","PRKCG","EIF4G1"
"BTK","PRKCZ","EIF4G1"
"BTK","CyclinD/CDK4","EIF4G1"
"BTK","MAP3K1","EIF4G1"
"BTK","MAP3K7","EIF4G1"
"BTK","AKT","EIF4G1"
"BTK","IKBKB","EIF4G1"
"BTK","WWTR1","EIF4G1"
"BTK","DOK1","EIF4G1"
"BTK","MAP3K4","EIF4G1"
"BTK","DAPK1","EIF4G1"
"BTK","PXN","EIF4G1"
"BTK","FGG","EIF4G1"
"BTK","LEPR","EIF4G1"
"BTK","RPS6KA3","EIF4G1"
"BTK","BCL3","EIF4G1"
"BTK","DVL1","EIF4G1"
"BTK","FZR1","EIF4G1"
"BTK","GRB2","EIF4G1"
"BTK","VCPIP1","EIF4G1"
"BTK","ATR","EIF4G1"
"BTK","SGK3","EIF4G1"
"BTK","PTK6","EIF4G1"
"BTK","IKBKE","EIF4G1"
"BTK","CCND1","EIF4G1"
"BTK","ILK","EIF4G1"
"BTK","STAP1","EIF4G1"
"BTK","TBK1","EIF4G1"
"BTK","SPRED1","EIF4G1"
"BTK","MEK1/2","EIF4G1"
"BTK","PTPN7","EIF4G1"
"BTK","CALM1","EIF4G1"
"BTK","FADD","EIF4G1"
"BTK","STK38","EIF4G1"
"BTK","TLK1","EIF4G1"
"BTK","C9orf72","EIF4G1"
"BTK","CDKN2A","EIF4G1"
"BTK","MAP4K1","EIF4G1"
"BTK","RET","EIF4G1"
"BTK","DDX41","EIF4G1"
"BTK","IKK-complex","EIF4G1"
"BTK","SHC1","EIF4G1"
"BTK","RPS6KA4","EIF4G1"
"BTK","NTRK1","EIF4G1"
"BTK","GPSM3","EIF4G1"
"BTK","RELA","EIF4G1"
"BTK","MAPKAPK5","EIF4G1"
"BTK","EPHA2","EIF4G1"
"BTK","MAP3K8","EIF4G1"
"BTK","PTPRR","EIF4G1"
"BTK","CDKN1B","EIF4G1"
"BTK","FBLIM1","EIF4G1"
"BTK","VCP","EIF4G1"
"BTK","GRIP1","EIF4G1"
"BTK","TMIGD2","EIF4G1"
"BTK","CCR2","EIF4G1"
"BTK","STIP1","EIF4G1"
"BTK","PSTPIP1","EIF4G1"
"BTK","ARRB2","EIF4G1"
"BTK","TRAF3","EIF4G1"
"BTK","CRTC2","EIF4G1"
"BTK","CD28","EIF4G1"
"BTK","INPP5D","EIF4G1"
"BTK","FRS2","EIF4G1"
"BTK","CCNE1","EIF4G1"
"BTK","IMPDH2","EIF4G1"
"BTK","SET","EIF4G1"
"BTK","PIK3CG","EIF4G1"
"BTK","SH2B2","EIF4G1"
"BTK","TRPV1","EIF4G1"
"BTK","PPP1R14A","EIF4G1"
"BTK","BCL10","EIF4G1"
"BTK","PIK3R6","EIF4G1"
"BTK","MRE11","EIF4G1"
"BTK","HDAC2","EIF4G1"
"BTK","KSR1","EIF4G1"
"BTK","DDX58","EIF4G1"
"BTK","UBXN2B","EIF4G1"
"BTK","MST1R","EIF4G1"
"BTK","ROR2","EIF4G1"
"BTK","ABI1","EIF4G1"
"BTK","IFIH1","EIF4G1"
"BTK","RAD50","EIF4G1"
"BTK","TTI1","EIF4G1"
"BTK","WDFY3","EIF4G1"
"BTK","LRP6","EIF4G1"
"BTK","GRB14","EIF4G1"
"BTK","HOXB7","EIF4G1"
"BTK","PIK3C3","EIF4G1"
"BTK","RND1","EIF4G1"
"BTK","STING1","EIF4G1"
"BTK","SPEN","EIF4G1"
"BTK","NFKB1","EIF4G1"
"BTK","CTDP1","EIF4G1"
"BTK","TELO2","EIF4G1"
"BTK","BLVRA","EIF4G1"
"BTK","CLSPN","EIF4G1"
"BTK","MAPKAP1","EIF4G1"
"BTK","GRB7","EIF4G1"
"BTK","BAZ1B","EIF4G1"
"BTK","PLCG2","EIF4G1"
"BTK","RBL2","EIF4G1"
"BTK","PPP1R14B","EIF4G1"
"BTK","PABIR1","EIF4G1"
"BTK","MAPK3","PAX9"
"BTK","AKT3","PAX9"
"BTK","CHUK","PAX9"
"BTK","AKT2","PAX9"
"BTK","PTEN","PAX9"
"BTK","PRKCQ","PAX9"
"BTK","MTOR","PAX9"
"BTK","AKT1","PAX9"
"BTK","PRKG1","PAX9"
"BTK","CCP110","PAX9"
"BTK","RPS6K","PAX9"
"BTK","CALM2","PAX9"
"BTK","ERK1/2","PAX9"
"BTK","Gbeta","PAX9"
"BTK","LCK","PAX9"
"BTK","CDK9","PAX9"
"BTK","ABL1","PAX9"
"BTK","RPS6KA5","PAX9"
"BTK","WNK1","PAX9"
"BTK","PDPK1","PAX9"
"BTK","SGK1","PAX9"
"BTK","MAP2K1","PAX9"
"BTK","PRKCB","PAX9"
"BTK","PRKCG","PAX9"
"BTK","PRKCZ","PAX9"
"BTK","CyclinD/CDK4","PAX9"
"BTK","MAP3K1","PAX9"
"BTK","MAP3K7","PAX9"
"BTK","AKT","PAX9"
"BTK","IKBKB","PAX9"
"BTK","WWTR1","PAX9"
"BTK","DOK1","PAX9"
"BTK","MAP3K4","PAX9"
"BTK","DAPK1","PAX9"
"BTK","PXN","PAX9"
"BTK","FGG","PAX9"
"BTK","LEPR","PAX9"
"BTK","ITK","PAX9"
"BTK","RPS6KA3","PAX9"
"BTK","BCL3","PAX9"
"BTK","DVL1","PAX9"
"BTK","FZR1","PAX9"
"BTK","GRB2","PAX9"
"BTK","VCPIP1","PAX9"
"BTK","ATR","PAX9"
"BTK","SGK3","PAX9"
"BTK","PTK6","PAX9"
"BTK","IKBKE","PAX9"
"BTK","CCND1","PAX9"
"BTK","ILK","PAX9"
"BTK","STAP1","PAX9"
"BTK","TBK1","PAX9"
"BTK","SPRED1","PAX9"
"BTK","MEK1/2","PAX9"
"BTK","PTPN7","PAX9"
"BTK","CALM1","PAX9"
"BTK","FADD","PAX9"
"BTK","STK38","PAX9"
"BTK","TLK1","PAX9"
"BTK","C9orf72","PAX9"
"BTK","CDKN2A","PAX9"
"BTK","MAP4K1","PAX9"
"BTK","RET","PAX9"
"BTK","DDX41","PAX9"
"BTK","IKK-complex","PAX9"
"BTK","SHC1","PAX9"
"BTK","RPS6KA4","PAX9"
"BTK","NTRK1","PAX9"
"BTK","GPSM3","PAX9"
"BTK","RELA","PAX9"
"BTK","MAPKAPK5","PAX9"
"BTK","EPHA2","PAX9"
"BTK","MAP3K8","PAX9"
"BTK","PTPRR","PAX9"
"BTK","CDKN1B","PAX9"
"BTK","FBLIM1","PAX9"
"BTK","TEC","PAX9"
"BTK","VCP","PAX9"
"BTK","GRIP1","PAX9"
"BTK","TMIGD2","PAX9"
"BTK","CCR2","PAX9"
"BTK","STIP1","PAX9"
"BTK","PSTPIP1","PAX9"
"BTK","ARRB2","PAX9"
"BTK","TRAF3","PAX9"
"BTK","CRTC2","PAX9"
"BTK","CD28","PAX9"
"BTK","INPP5D","PAX9"
"BTK","FRS2","PAX9"
"BTK","CCNE1","PAX9"
"BTK","IMPDH2","PAX9"
"BTK","SET","PAX9"
"BTK","PIK3CG","PAX9"
"BTK","SH2B2","PAX9"
"BTK","TRPV1","PAX9"
"BTK","PPP1R14A","PAX9"
"BTK","BCL10","PAX9"
"BTK","PIK3R6","PAX9"
"BTK","MRE11","PAX9"
"BTK","HDAC2","PAX9"
"BTK","KSR1","PAX9"
"BTK","DDX58","PAX9"
"BTK","UBXN2B","PAX9"
"BTK","MST1R","PAX9"
"BTK","ROR2","PAX9"
"BTK","ABI1","PAX9"
"BTK","IFIH1","PAX9"
"BTK","RAD50","PAX9"
"BTK","TTI1","PAX9"
"BTK","WDFY3","PAX9"
"BTK","LRP6","PAX9"
"BTK","GRB14","PAX9"
"BTK","HOXB7","PAX9"
"BTK","PIK3C3","PAX9"
"BTK","RND1","PAX9"
"BTK","STING1","PAX9"
"BTK","SPEN","PAX9"
"BTK","NFKB1","PAX9"
"BTK","CTDP1","PAX9"
"BTK","TELO2","PAX9"
"BTK","BLVRA","PAX9"
"BTK","CLSPN","PAX9"
"BTK","MAPKAP1","PAX9"
"BTK","GRB7","PAX9"
"BTK","BAZ1B","PAX9"
"BTK","RBL2","PAX9"
"BTK","PPP1R14B","PAX9"
"BTK","PABIR1","PAX9"
"BTK","MAPK3","TUBA3E"
"BTK","AKT3","TUBA3E"
"BTK","CHUK","TUBA3E"
"BTK","AKT2","TUBA3E"
"BTK","PTEN","TUBA3E"
"BTK","PRKCQ","TUBA3E"
"BTK","MTOR","TUBA3E"
"BTK","AKT1","TUBA3E"
"BTK","PRKG1","TUBA3E"
"BTK","CCP110","TUBA3E"
"BTK","RPS6K","TUBA3E"
"BTK","CALM2","TUBA3E"
"BTK","ERK1/2","TUBA3E"
"BTK","Gbeta","TUBA3E"
"BTK","LCK","TUBA3E"
"BTK","CDK9","TUBA3E"
"BTK","ABL1","TUBA3E"
"BTK","RPS6KA5","TUBA3E"
"BTK","WNK1","TUBA3E"
"BTK","PDPK1","TUBA3E"
"BTK","SGK1","TUBA3E"
"BTK","MAP2K1","TUBA3E"
"BTK","PRKCB","TUBA3E"
"BTK","PRKCG","TUBA3E"
"BTK","PRKCZ","TUBA3E"
"BTK","CyclinD/CDK4","TUBA3E"
"BTK","MAP3K1","TUBA3E"
"BTK","MAP3K7","TUBA3E"
"BTK","AKT","TUBA3E"
"BTK","IKBKB","TUBA3E"
"BTK","WWTR1","TUBA3E"
"BTK","DOK1","TUBA3E"
"BTK","MAP3K4","TUBA3E"
"BTK","DAPK1","TUBA3E"
"BTK","PXN","TUBA3E"
"BTK","FGG","TUBA3E"
"BTK","LEPR","TUBA3E"
"BTK","ITK","TUBA3E"
"BTK","RPS6KA3","TUBA3E"
"BTK","BCL3","TUBA3E"
"BTK","DVL1","TUBA3E"
"BTK","FZR1","TUBA3E"
"BTK","GRB2","TUBA3E"
"BTK","VCPIP1","TUBA3E"
"BTK","ATR","TUBA3E"
"BTK","SGK3","TUBA3E"
"BTK","PTK6","TUBA3E"
"BTK","IKBKE","TUBA3E"
"BTK","CCND1","TUBA3E"
"BTK","ILK","TUBA3E"
"BTK","STAP1","TUBA3E"
"BTK","TBK1","TUBA3E"
"BTK","SPRED1","TUBA3E"
"BTK","MEK1/2","TUBA3E"
"BTK","PTPN7","TUBA3E"
"BTK","CALM1","TUBA3E"
"BTK","FADD","TUBA3E"
"BTK","STK38","TUBA3E"
"BTK","TLK1","TUBA3E"
"BTK","C9orf72","TUBA3E"
"BTK","CDKN2A","TUBA3E"
"BTK","MAP4K1","TUBA3E"
"BTK","RET","TUBA3E"
"BTK","DDX41","TUBA3E"
"BTK","IKK-complex","TUBA3E"
"BTK","SHC1","TUBA3E"
"BTK","RPS6KA4","TUBA3E"
"BTK","NTRK1","TUBA3E"
"BTK","GPSM3","TUBA3E"
"BTK","RELA","TUBA3E"
"BTK","MAPKAPK5","TUBA3E"
"BTK","EPHA2","TUBA3E"
"BTK","MAP3K8","TUBA3E"
"BTK","PTPRR","TUBA3E"
"BTK","CDKN1B","TUBA3E"
"BTK","FBLIM1","TUBA3E"
"BTK","TEC","TUBA3E"
"BTK","VCP","TUBA3E"
"BTK","GRIP1","TUBA3E"
"BTK","TMIGD2","TUBA3E"
"BTK","CCR2","TUBA3E"
"BTK","STIP1","TUBA3E"
"BTK","PSTPIP1","TUBA3E"
"BTK","ARRB2","TUBA3E"
"BTK","TRAF3","TUBA3E"
"BTK","CRTC2","TUBA3E"
"BTK","CD28","TUBA3E"
"BTK","INPP5D","TUBA3E"
"BTK","FRS2","TUBA3E"
"BTK","CCNE1","TUBA3E"
"BTK","IMPDH2","TUBA3E"
"BTK","SET","TUBA3E"
"BTK","PIK3CG","TUBA3E"
"BTK","SH2B2","TUBA3E"
"BTK","TRPV1","TUBA3E"
"BTK","PPP1R14A","TUBA3E"
"BTK","BCL10","TUBA3E"
"BTK","PIK3R6","TUBA3E"
"BTK","MRE11","TUBA3E"
"BTK","HDAC2","TUBA3E"
"BTK","KSR1","TUBA3E"
"BTK","DDX58","TUBA3E"
"BTK","UBXN2B","TUBA3E"
"BTK","MST1R","TUBA3E"
"BTK","ROR2","TUBA3E"
"BTK","ABI1","TUBA3E"
"BTK","IFIH1","TUBA3E"
"BTK","RAD50","TUBA3E"
"BTK","TTI1","TUBA3E"
"BTK","WDFY3","TUBA3E"
"BTK","LRP6","TUBA3E"
"BTK","GRB14","TUBA3E"
"BTK","HOXB7","TUBA3E"
"BTK","PIK3C3","TUBA3E"
"BTK","RND1","TUBA3E"
"BTK","STING1","TUBA3E"
"BTK","SPEN","TUBA3E"
"BTK","NFKB1","TUBA3E"
"BTK","CTDP1","TUBA3E"
"BTK","TELO2","TUBA3E"
"BTK","BLVRA","TUBA3E"
"BTK","CLSPN","TUBA3E"
"BTK","MAPKAP1","TUBA3E"
"BTK","GRB7","TUBA3E"
"BTK","BAZ1B","TUBA3E"
"BTK","RBL2","TUBA3E"
"BTK","PPP1R14B","TUBA3E"
"BTK","PABIR1","TUBA3E"
"BTK","ITK","SCAMP1"
"BTK","MAPK3","FPR3"
"BTK","AKT3","FPR3"
"BTK","CHUK","FPR3"
"BTK","AKT2","FPR3"
"BTK","PTEN","FPR3"
"BTK","PRKCQ","FPR3"
"BTK","MTOR","FPR3"
"BTK","AKT1","FPR3"
"BTK","PRKG1","FPR3"
"BTK","CCP110","FPR3"
"BTK","RPS6K","FPR3"
"BTK","CALM2","FPR3"
"BTK","ERK1/2","FPR3"
"BTK","Gbeta","FPR3"
"BTK","LCK","FPR3"
"BTK","CDK9","FPR3"
"BTK","ABL1","FPR3"
"BTK","RPS6KA5","FPR3"
"BTK","WNK1","FPR3"
"BTK","PDPK1","FPR3"
"BTK","SGK1","FPR3"
"BTK","MAP2K1","FPR3"
"BTK","PRKCB","FPR3"
"BTK","PRKCG","FPR3"
"BTK","PRKCZ","FPR3"
"BTK","CyclinD/CDK4","FPR3"
"BTK","MAP3K1","FPR3"
"BTK","MAP3K7","FPR3"
"BTK","AKT","FPR3"
"BTK","IKBKB","FPR3"
"BTK","WWTR1","FPR3"
"BTK","DOK1","FPR3"
"BTK","MAP3K4","FPR3"
"BTK","DAPK1","FPR3"
"BTK","PXN","FPR3"
"BTK","FGG","FPR3"
"BTK","LEPR","FPR3"
"BTK","RPS6KA3","FPR3"
"BTK","BCL3","FPR3"
"BTK","DVL1","FPR3"
"BTK","FZR1","FPR3"
"BTK","GRB2","FPR3"
"BTK","VCPIP1","FPR3"
"BTK","ATR","FPR3"
"BTK","SGK3","FPR3"
"BTK","PTK6","FPR3"
"BTK","IKBKE","FPR3"
"BTK","CCND1","FPR3"
"BTK","ILK","FPR3"
"BTK","STAP1","FPR3"
"BTK","TBK1","FPR3"
"BTK","SPRED1","FPR3"
"BTK","MEK1/2","FPR3"
"BTK","PTPN7","FPR3"
"BTK","CALM1","FPR3"
"BTK","FADD","FPR3"
"BTK","STK38","FPR3"
"BTK","TLK1","FPR3"
"BTK","C9orf72","FPR3"
"BTK","CDKN2A","FPR3"
"BTK","MAP4K1","FPR3"
"BTK","RET","FPR3"
"BTK","DDX41","FPR3"
"BTK","IKK-complex","FPR3"
"BTK","SHC1","FPR3"
"BTK","RPS6KA4","FPR3"
"BTK","NTRK1","FPR3"
"BTK","GPSM3","FPR3"
"BTK","RELA","FPR3"
"BTK","MAPKAPK5","FPR3"
"BTK","EPHA2","FPR3"
"BTK","MAP3K8","FPR3"
"BTK","PTPRR","FPR3"
"BTK","CDKN1B","FPR3"
"BTK","FBLIM1","FPR3"
"BTK","TEC","FPR3"
"BTK","VCP","FPR3"
"BTK","GRIP1","FPR3"
"BTK","TMIGD2","FPR3"
"BTK","CCR2","FPR3"
"BTK","STIP1","FPR3"
"BTK","PSTPIP1","FPR3"
"BTK","ARRB2","FPR3"
"BTK","TRAF3","FPR3"
"BTK","CRTC2","FPR3"
"BTK","CD28","FPR3"
"BTK","INPP5D","FPR3"
"BTK","FRS2","FPR3"
"BTK","CCNE1","FPR3"
"BTK","IMPDH2","FPR3"
"BTK","SET","FPR3"
"BTK","PIK3CG","FPR3"
"BTK","SH2B2","FPR3"
"BTK","TRPV1","FPR3"
"BTK","PPP1R14A","FPR3"
"BTK","BCL10","FPR3"
"BTK","PIK3R6","FPR3"
"BTK","MRE11","FPR3"
"BTK","HDAC2","FPR3"
"BTK","KSR1","FPR3"
"BTK","DDX58","FPR3"
"BTK","UBXN2B","FPR3"
"BTK","MST1R","FPR3"
"BTK","ROR2","FPR3"
"BTK","ABI1","FPR3"
"BTK","IFIH1","FPR3"
"BTK","RAD50","FPR3"
"BTK","TTI1","FPR3"
"BTK","WDFY3","FPR3"
"BTK","LRP6","FPR3"
"BTK","GRB14","FPR3"
"BTK","HOXB7","FPR3"
"BTK","PIK3C3","FPR3"
"BTK","RND1","FPR3"
"BTK","STING1","FPR3"
"BTK","SPEN","FPR3"
"BTK","NFKB1","FPR3"
"BTK","CTDP1","FPR3"
"BTK","TELO2","FPR3"
"BTK","BLVRA","FPR3"
"BTK","CLSPN","FPR3"
"BTK","MAPKAP1","FPR3"
"BTK","GRB7","FPR3"
"BTK","BAZ1B","FPR3"
"BTK","PLCG2","FPR3"
"BTK","RBL2","FPR3"
"BTK","PPP1R14B","FPR3"
"BTK","PABIR1","FPR3"
"BTK","MAPK3","RRM2"
"BTK","AKT3","RRM2"
"BTK","CHUK","RRM2"
"BTK","AKT2","RRM2"
"BTK","PTEN","RRM2"
"BTK","PRKCQ","RRM2"
"BTK","MTOR","RRM2"
"BTK","AKT1","RRM2"
"BTK","PRKG1","RRM2"
"BTK","CCP110","RRM2"
"BTK","RPS6K","RRM2"
"BTK","CALM2","RRM2"
"BTK","ERK1/2","RRM2"
"BTK","Gbeta","RRM2"
"BTK","LCK","RRM2"
"BTK","CDK9","RRM2"
"BTK","ABL1","RRM2"
"BTK","RPS6KA5","RRM2"
"BTK","WNK1","RRM2"
"BTK","PDPK1","RRM2"
"BTK","SGK1","RRM2"
"BTK","MAP2K1","RRM2"
"BTK","PRKCB","RRM2"
"BTK","PRKCG","RRM2"
"BTK","PRKCZ","RRM2"
"BTK","CyclinD/CDK4","RRM2"
"BTK","MAP3K1","RRM2"
"BTK","MAP3K7","RRM2"
"BTK","AKT","RRM2"
"BTK","IKBKB","RRM2"
"BTK","WWTR1","RRM2"
"BTK","DOK1","RRM2"
"BTK","MAP3K4","RRM2"
"BTK","DAPK1","RRM2"
"BTK","PXN","RRM2"
"BTK","FGG","RRM2"
"BTK","LEPR","RRM2"
"BTK","ITK","RRM2"
"BTK","RPS6KA3","RRM2"
"BTK","BCL3","RRM2"
"BTK","DVL1","RRM2"
"BTK","FZR1","RRM2"
"BTK","GRB2","RRM2"
"BTK","VCPIP1","RRM2"
"BTK","ATR","RRM2"
"BTK","SGK3","RRM2"
"BTK","PTK6","RRM2"
"BTK","IKBKE","RRM2"
"BTK","CCND1","RRM2"
"BTK","ILK","RRM2"
"BTK","STAP1","RRM2"
"BTK","TBK1","RRM2"
"BTK","SPRED1","RRM2"
"BTK","MEK1/2","RRM2"
"BTK","PTPN7","RRM2"
"BTK","CALM1","RRM2"
"BTK","FADD","RRM2"
"BTK","STK38","RRM2"
"BTK","TLK1","RRM2"
"BTK","C9orf72","RRM2"
"BTK","CDKN2A","RRM2"
"BTK","MAP4K1","RRM2"
"BTK","RET","RRM2"
"BTK","DDX41","RRM2"
"BTK","IKK-complex","RRM2"
"BTK","SHC1","RRM2"
"BTK","RPS6KA4","RRM2"
"BTK","NTRK1","RRM2"
"BTK","GPSM3","RRM2"
"BTK","RELA","RRM2"
"BTK","MAPKAPK5","RRM2"
"BTK","EPHA2","RRM2"
"BTK","MAP3K8","RRM2"
"BTK","PTPRR","RRM2"
"BTK","CDKN1B","RRM2"
"BTK","FBLIM1","RRM2"
"BTK","VCP","RRM2"
"BTK","GRIP1","RRM2"
"BTK","TMIGD2","RRM2"
"BTK","CCR2","RRM2"
"BTK","STIP1","RRM2"
"BTK","PSTPIP1","RRM2"
"BTK","ARRB2","RRM2"
"BTK","TRAF3","RRM2"
"BTK","CRTC2","RRM2"
"BTK","CD28","RRM2"
"BTK","INPP5D","RRM2"
"BTK","FRS2","RRM2"
"BTK","CCNE1","RRM2"
"BTK","IMPDH2","RRM2"
"BTK","SET","RRM2"
"BTK","PIK3CG","RRM2"
"BTK","SH2B2","RRM2"
"BTK","TRPV1","RRM2"
"BTK","PPP1R14A","RRM2"
"BTK","BCL10","RRM2"
"BTK","PIK3R6","RRM2"
"BTK","MRE11","RRM2"
"BTK","HDAC2","RRM2"
"BTK","KSR1","RRM2"
"BTK","DDX58","RRM2"
"BTK","UBXN2B","RRM2"
"BTK","MST1R","RRM2"
"BTK","ROR2","RRM2"
"BTK","ABI1","RRM2"
"BTK","IFIH1","RRM2"
"BTK","RAD50","RRM2"
"BTK","TTI1","RRM2"
"BTK","WDFY3","RRM2"
"BTK","LRP6","RRM2"
"BTK","GRB14","RRM2"
"BTK","HOXB7","RRM2"
"BTK","PIK3C3","RRM2"
"BTK","RND1","RRM2"
"BTK","STING1","RRM2"
"BTK","SPEN","RRM2"
"BTK","NFKB1","RRM2"
"BTK","CTDP1","RRM2"
"BTK","TELO2","RRM2"
"BTK","BLVRA","RRM2"
"BTK","CLSPN","RRM2"
"BTK","MAPKAP1","RRM2"
"BTK","GRB7","RRM2"
"BTK","BAZ1B","RRM2"
"BTK","PLCG2","RRM2"
"BTK","RBL2","RRM2"
"BTK","PPP1R14B","RRM2"
"BTK","PABIR1","RRM2"
"BTK","MAPK3","TPM2"
"BTK","AKT3","TPM2"
"BTK","CHUK","TPM2"
"BTK","AKT2","TPM2"
"BTK","PTEN","TPM2"
"BTK","PRKCQ","TPM2"
"BTK","MTOR","TPM2"
"BTK","AKT1","TPM2"
"BTK","PRKG1","TPM2"
"BTK","CCP110","TPM2"
"BTK","RPS6K","TPM2"
"BTK","CALM2","TPM2"
"BTK","ERK1/2","TPM2"
"BTK","Gbeta","TPM2"
"BTK","LCK","TPM2"
"BTK","CDK9","TPM2"
"BTK","ABL1","TPM2"
"BTK","RPS6KA5","TPM2"
"BTK","WNK1","TPM2"
"BTK","PDPK1","TPM2"
"BTK","SGK1","TPM2"
"BTK","MAP2K1","TPM2"
"BTK","PRKCB","TPM2"
"BTK","PRKCG","TPM2"
"BTK","PRKCZ","TPM2"
"BTK","CyclinD/CDK4","TPM2"
"BTK","MAP3K1","TPM2"
"BTK","MAP3K7","TPM2"
"BTK","AKT","TPM2"
"BTK","IKBKB","TPM2"
"BTK","WWTR1","TPM2"
"BTK","DOK1","TPM2"
"BTK","MAP3K4","TPM2"
"BTK","DAPK1","TPM2"
"BTK","PXN","TPM2"
"BTK","FGG","TPM2"
"BTK","LEPR","TPM2"
"BTK","ITK","TPM2"
"BTK","RPS6KA3","TPM2"
"BTK","BCL3","TPM2"
"BTK","DVL1","TPM2"
"BTK","FZR1","TPM2"
"BTK","GRB2","TPM2"
"BTK","VCPIP1","TPM2"
"BTK","ATR","TPM2"
"BTK","SGK3","TPM2"
"BTK","PTK6","TPM2"
"BTK","IKBKE","TPM2"
"BTK","CCND1","TPM2"
"BTK","ILK","TPM2"
"BTK","STAP1","TPM2"
"BTK","TBK1","TPM2"
"BTK","SPRED1","TPM2"
"BTK","MEK1/2","TPM2"
"BTK","PTPN7","TPM2"
"BTK","CALM1","TPM2"
"BTK","FADD","TPM2"
"BTK","STK38","TPM2"
"BTK","TLK1","TPM2"
"BTK","C9orf72","TPM2"
"BTK","CDKN2A","TPM2"
"BTK","MAP4K1","TPM2"
"BTK","RET","TPM2"
"BTK","DDX41","TPM2"
"BTK","IKK-complex","TPM2"
"BTK","SHC1","TPM2"
"BTK","RPS6KA4","TPM2"
"BTK","NTRK1","TPM2"
"BTK","GPSM3","TPM2"
"BTK","RELA","TPM2"
"BTK","MAPKAPK5","TPM2"
"BTK","EPHA2","TPM2"
"BTK","MAP3K8","TPM2"
"BTK","PTPRR","TPM2"
"BTK","CDKN1B","TPM2"
"BTK","FBLIM1","TPM2"
"BTK","VCP","TPM2"
"BTK","GRIP1","TPM2"
"BTK","TMIGD2","TPM2"
"BTK","CCR2","TPM2"
"BTK","STIP1","TPM2"
"BTK","PSTPIP1","TPM2"
"BTK","ARRB2","TPM2"
"BTK","TRAF3","TPM2"
"BTK","CRTC2","TPM2"
"BTK","CD28","TPM2"
"BTK","INPP5D","TPM2"
"BTK","FRS2","TPM2"
"BTK","CCNE1","TPM2"
"BTK","IMPDH2","TPM2"
"BTK","SET","TPM2"
"BTK","SH2B2","TPM2"
"BTK","TRPV1","TPM2"
"BTK","PPP1R14A","TPM2"
"BTK","BCL10","TPM2"
"BTK","PIK3R6","TPM2"
"BTK","MRE11","TPM2"
"BTK","HDAC2","TPM2"
"BTK","KSR1","TPM2"
"BTK","DDX58","TPM2"
"BTK","UBXN2B","TPM2"
"BTK","MST1R","TPM2"
"BTK","ROR2","TPM2"
"BTK","ABI1","TPM2"
"BTK","IFIH1","TPM2"
"BTK","RAD50","TPM2"
"BTK","TTI1","TPM2"
"BTK","WDFY3","TPM2"
"BTK","LRP6","TPM2"
"BTK","GRB14","TPM2"
"BTK","HOXB7","TPM2"
"BTK","PIK3C3","TPM2"
"BTK","RND1","TPM2"
"BTK","STING1","TPM2"
"BTK","SPEN","TPM2"
"BTK","NFKB1","TPM2"
"BTK","CTDP1","TPM2"
"BTK","TELO2","TPM2"
"BTK","BLVRA","TPM2"
"BTK","CLSPN","TPM2"
"BTK","MAPKAP1","TPM2"
"BTK","GRB7","TPM2"
"BTK","BAZ1B","TPM2"
"BTK","PLCG2","TPM2"
"BTK","RBL2","TPM2"
"BTK","PPP1R14B","TPM2"
"BTK","PABIR1","TPM2"
"BTK","ITK","PIK3C2B"
"BTK","MAPK3","PHB"
"BTK","AKT3","PHB"
"BTK","CHUK","PHB"
"BTK","AKT2","PHB"
"BTK","PTEN","PHB"
"BTK","PRKCQ","PHB"
"BTK","MTOR","PHB"
"BTK","AKT1","PHB"
"BTK","PRKG1","PHB"
"BTK","CCP110","PHB"
"BTK","RPS6K","PHB"
"BTK","CALM2","PHB"
"BTK","ERK1/2","PHB"
"BTK","Gbeta","PHB"
"BTK","LCK","PHB"
"BTK","CDK9","PHB"
"BTK","ABL1","PHB"
"BTK","RPS6KA5","PHB"
"BTK","WNK1","PHB"
"BTK","PDPK1","PHB"
"BTK","SGK1","PHB"
"BTK","MAP2K1","PHB"
"BTK","PRKCB","PHB"
"BTK","PRKCG","PHB"
"BTK","PRKCZ","PHB"
"BTK","CyclinD/CDK4","PHB"
"BTK","MAP3K1","PHB"
"BTK","MAP3K7","PHB"
"BTK","AKT","PHB"
"BTK","IKBKB","PHB"
"BTK","WWTR1","PHB"
"BTK","DOK1","PHB"
"BTK","MAP3K4","PHB"
"BTK","DAPK1","PHB"
"BTK","PXN","PHB"
"BTK","FGG","PHB"
"BTK","LEPR","PHB"
"BTK","RPS6KA3","PHB"
"BTK","BCL3","PHB"
"BTK","DVL1","PHB"
"BTK","FZR1","PHB"
"BTK","GRB2","PHB"
"BTK","VCPIP1","PHB"
"BTK","ATR","PHB"
"BTK","SGK3","PHB"
"BTK","PTK6","PHB"
"BTK","IKBKE","PHB"
"BTK","CCND1","PHB"
"BTK","ILK","PHB"
"BTK","STAP1","PHB"
"BTK","TBK1","PHB"
"BTK","SPRED1","PHB"
"BTK","MEK1/2","PHB"
"BTK","PTPN7","PHB"
"BTK","CALM1","PHB"
"BTK","FADD","PHB"
"BTK","STK38","PHB"
"BTK","TLK1","PHB"
"BTK","C9orf72","PHB"
"BTK","CDKN2A","PHB"
"BTK","MAP4K1","PHB"
"BTK","RET","PHB"
"BTK","DDX41","PHB"
"BTK","IKK-complex","PHB"
"BTK","SHC1","PHB"
"BTK","RPS6KA4","PHB"
"BTK","NTRK1","PHB"
"BTK","GPSM3","PHB"
"BTK","RELA","PHB"
"BTK","MAPKAPK5","PHB"
"BTK","EPHA2","PHB"
"BTK","MAP3K8","PHB"
"BTK","PTPRR","PHB"
"BTK","CDKN1B","PHB"
"BTK","FBLIM1","PHB"
"BTK","TEC","PHB"
"BTK","VCP","PHB"
"BTK","GRIP1","PHB"
"BTK","TMIGD2","PHB"
"BTK","CCR2","PHB"
"BTK","STIP1","PHB"
"BTK","PSTPIP1","PHB"
"BTK","ARRB2","PHB"
"BTK","TRAF3","PHB"
"BTK","CRTC2","PHB"
"BTK","CD28","PHB"
"BTK","INPP5D","PHB"
"BTK","FRS2","PHB"
"BTK","CCNE1","PHB"
"BTK","IMPDH2","PHB"
"BTK","SET","PHB"
"BTK","PIK3CG","PHB"
"BTK","SH2B2","PHB"
"BTK","TRPV1","PHB"
"BTK","PPP1R14A","PHB"
"BTK","BCL10","PHB"
"BTK","PIK3R6","PHB"
"BTK","MRE11","PHB"
"BTK","HDAC2","PHB"
"BTK","KSR1","PHB"
"BTK","DDX58","PHB"
"BTK","UBXN2B","PHB"
"BTK","MST1R","PHB"
"BTK","ROR2","PHB"
"BTK","ABI1","PHB"
"BTK","IFIH1","PHB"
"BTK","RAD50","PHB"
"BTK","TTI1","PHB"
"BTK","WDFY3","PHB"
"BTK","LRP6","PHB"
"BTK","GRB14","PHB"
"BTK","HOXB7","PHB"
"BTK","PIK3C3","PHB"
"BTK","RND1","PHB"
"BTK","STING1","PHB"
"BTK","SPEN","PHB"
"BTK","NFKB1","PHB"
"BTK","CTDP1","PHB"
"BTK","TELO2","PHB"
"BTK","BLVRA","PHB"
"BTK","CLSPN","PHB"
"BTK","MAPKAP1","PHB"
"BTK","GRB7","PHB"
"BTK","BAZ1B","PHB"
"BTK","PLCG2","PHB"
"BTK","RBL2","PHB"
"BTK","PPP1R14B","PHB"
"BTK","PABIR1","PHB"
"BTK","MAPK3","SETMAR"
"BTK","AKT3","SETMAR"
"BTK","CHUK","SETMAR"
"BTK","AKT2","SETMAR"
"BTK","PTEN","SETMAR"
"BTK","PRKCQ","SETMAR"
"BTK","MTOR","SETMAR"
"BTK","AKT1","SETMAR"
"BTK","PRKG1","SETMAR"
"BTK","CCP110","SETMAR"
"BTK","RPS6K","SETMAR"
"BTK","CALM2","SETMAR"
"BTK","ERK1/2","SETMAR"
"BTK","Gbeta","SETMAR"
"BTK","LCK","SETMAR"
"BTK","CDK9","SETMAR"
"BTK","ABL1","SETMAR"
"BTK","RPS6KA5","SETMAR"
"BTK","WNK1","SETMAR"
"BTK","PDPK1","SETMAR"
"BTK","SGK1","SETMAR"
"BTK","MAP2K1","SETMAR"
"BTK","PRKCB","SETMAR"
"BTK","PRKCG","SETMAR"
"BTK","PRKCZ","SETMAR"
"BTK","CyclinD/CDK4","SETMAR"
"BTK","MAP3K1","SETMAR"
"BTK","MAP3K7","SETMAR"
"BTK","AKT","SETMAR"
"BTK","IKBKB","SETMAR"
"BTK","WWTR1","SETMAR"
"BTK","DOK1","SETMAR"
"BTK","MAP3K4","SETMAR"
"BTK","DAPK1","SETMAR"
"BTK","PXN","SETMAR"
"BTK","FGG","SETMAR"
"BTK","LEPR","SETMAR"
"BTK","ITK","SETMAR"
"BTK","RPS6KA3","SETMAR"
"BTK","BCL3","SETMAR"
"BTK","DVL1","SETMAR"
"BTK","FZR1","SETMAR"
"BTK","GRB2","SETMAR"
"BTK","VCPIP1","SETMAR"
"BTK","ATR","SETMAR"
"BTK","SGK3","SETMAR"
"BTK","PTK6","SETMAR"
"BTK","IKBKE","SETMAR"
"BTK","CCND1","SETMAR"
"BTK","ILK","SETMAR"
"BTK","STAP1","SETMAR"
"BTK","TBK1","SETMAR"
"BTK","SPRED1","SETMAR"
"BTK","MEK1/2","SETMAR"
"BTK","PTPN7","SETMAR"
"BTK","CALM1","SETMAR"
"BTK","FADD","SETMAR"
"BTK","STK38","SETMAR"
"BTK","TLK1","SETMAR"
"BTK","C9orf72","SETMAR"
"BTK","CDKN2A","SETMAR"
"BTK","MAP4K1","SETMAR"
"BTK","RET","SETMAR"
"BTK","DDX41","SETMAR"
"BTK","IKK-complex","SETMAR"
"BTK","SHC1","SETMAR"
"BTK","RPS6KA4","SETMAR"
"BTK","NTRK1","SETMAR"
"BTK","GPSM3","SETMAR"
"BTK","RELA","SETMAR"
"BTK","MAPKAPK5","SETMAR"
"BTK","EPHA2","SETMAR"
"BTK","MAP3K8","SETMAR"
"BTK","PTPRR","SETMAR"
"BTK","CDKN1B","SETMAR"
"BTK","FBLIM1","SETMAR"
"BTK","TEC","SETMAR"
"BTK","VCP","SETMAR"
"BTK","GRIP1","SETMAR"
"BTK","TMIGD2","SETMAR"
"BTK","CCR2","SETMAR"
"BTK","STIP1","SETMAR"
"BTK","PSTPIP1","SETMAR"
"BTK","ARRB2","SETMAR"
"BTK","TRAF3","SETMAR"
"BTK","CRTC2","SETMAR"
"BTK","CD28","SETMAR"
"BTK","INPP5D","SETMAR"
"BTK","FRS2","SETMAR"
"BTK","CCNE1","SETMAR"
"BTK","IMPDH2","SETMAR"
"BTK","SET","SETMAR"
"BTK","PIK3CG","SETMAR"
"BTK","SH2B2","SETMAR"
"BTK","TRPV1","SETMAR"
"BTK","PPP1R14A","SETMAR"
"BTK","BCL10","SETMAR"
"BTK","PIK3R6","SETMAR"
"BTK","MRE11","SETMAR"
"BTK","HDAC2","SETMAR"
"BTK","KSR1","SETMAR"
"BTK","DDX58","SETMAR"
"BTK","UBXN2B","SETMAR"
"BTK","MST1R","SETMAR"
"BTK","ROR2","SETMAR"
"BTK","ABI1","SETMAR"
"BTK","IFIH1","SETMAR"
"BTK","RAD50","SETMAR"
"BTK","TTI1","SETMAR"
"BTK","WDFY3","SETMAR"
"BTK","LRP6","SETMAR"
"BTK","GRB14","SETMAR"
"BTK","HOXB7","SETMAR"
"BTK","PIK3C3","SETMAR"
"BTK","RND1","SETMAR"
"BTK","STING1","SETMAR"
"BTK","SPEN","SETMAR"
"BTK","NFKB1","SETMAR"
"BTK","CTDP1","SETMAR"
"BTK","TELO2","SETMAR"
"BTK","BLVRA","SETMAR"
"BTK","CLSPN","SETMAR"
"BTK","MAPKAP1","SETMAR"
"BTK","GRB7","SETMAR"
"BTK","BAZ1B","SETMAR"
"BTK","RBL2","SETMAR"
"BTK","PPP1R14B","SETMAR"
"BTK","PABIR1","SETMAR"
"BTK","MAPK3","TUBA1A"
"BTK","AKT3","TUBA1A"
"BTK","CHUK","TUBA1A"
"BTK","AKT2","TUBA1A"
"BTK","PTEN","TUBA1A"
"BTK","PRKCQ","TUBA1A"
"BTK","MTOR","TUBA1A"
"BTK","AKT1","TUBA1A"
"BTK","PRKG1","TUBA1A"
"BTK","CCP110","TUBA1A"
"BTK","RPS6K","TUBA1A"
"BTK","CALM2","TUBA1A"
"BTK","ERK1/2","TUBA1A"
"BTK","Gbeta","TUBA1A"
"BTK","LCK","TUBA1A"
"BTK","CDK9","TUBA1A"
"BTK","ABL1","TUBA1A"
"BTK","RPS6KA5","TUBA1A"
"BTK","WNK1","TUBA1A"
"BTK","PDPK1","TUBA1A"
"BTK","SGK1","TUBA1A"
"BTK","MAP2K1","TUBA1A"
"BTK","PRKCB","TUBA1A"
"BTK","PRKCG","TUBA1A"
"BTK","PRKCZ","TUBA1A"
"BTK","CyclinD/CDK4","TUBA1A"
"BTK","MAP3K1","TUBA1A"
"BTK","MAP3K7","TUBA1A"
"BTK","AKT","TUBA1A"
"BTK","IKBKB","TUBA1A"
"BTK","WWTR1","TUBA1A"
"BTK","DOK1","TUBA1A"
"BTK","MAP3K4","TUBA1A"
"BTK","DAPK1","TUBA1A"
"BTK","PXN","TUBA1A"
"BTK","FGG","TUBA1A"
"BTK","LEPR","TUBA1A"
"BTK","ITK","TUBA1A"
"BTK","RPS6KA3","TUBA1A"
"BTK","BCL3","TUBA1A"
"BTK","DVL1","TUBA1A"
"BTK","FZR1","TUBA1A"
"BTK","GRB2","TUBA1A"
"BTK","VCPIP1","TUBA1A"
"BTK","ATR","TUBA1A"
"BTK","SGK3","TUBA1A"
"BTK","PTK6","TUBA1A"
"BTK","IKBKE","TUBA1A"
"BTK","CCND1","TUBA1A"
"BTK","ILK","TUBA1A"
"BTK","STAP1","TUBA1A"
"BTK","TBK1","TUBA1A"
"BTK","SPRED1","TUBA1A"
"BTK","MEK1/2","TUBA1A"
"BTK","PTPN7","TUBA1A"
"BTK","CALM1","TUBA1A"
"BTK","FADD","TUBA1A"
"BTK","STK38","TUBA1A"
"BTK","TLK1","TUBA1A"
"BTK","C9orf72","TUBA1A"
"BTK","CDKN2A","TUBA1A"
"BTK","MAP4K1","TUBA1A"
"BTK","RET","TUBA1A"
"BTK","DDX41","TUBA1A"
"BTK","IKK-complex","TUBA1A"
"BTK","SHC1","TUBA1A"
"BTK","RPS6KA4","TUBA1A"
"BTK","NTRK1","TUBA1A"
"BTK","GPSM3","TUBA1A"
"BTK","RELA","TUBA1A"
"BTK","MAPKAPK5","TUBA1A"
"BTK","EPHA2","TUBA1A"
"BTK","MAP3K8","TUBA1A"
"BTK","PTPRR","TUBA1A"
"BTK","CDKN1B","TUBA1A"
"BTK","FBLIM1","TUBA1A"
"BTK","TEC","TUBA1A"
"BTK","VCP","TUBA1A"
"BTK","GRIP1","TUBA1A"
"BTK","TMIGD2","TUBA1A"
"BTK","CCR2","TUBA1A"
"BTK","STIP1","TUBA1A"
"BTK","PSTPIP1","TUBA1A"
"BTK","ARRB2","TUBA1A"
"BTK","TRAF3","TUBA1A"
"BTK","CRTC2","TUBA1A"
"BTK","CD28","TUBA1A"
"BTK","INPP5D","TUBA1A"
"BTK","FRS2","TUBA1A"
"BTK","CCNE1","TUBA1A"
"BTK","IMPDH2","TUBA1A"
"BTK","SET","TUBA1A"
"BTK","PIK3CG","TUBA1A"
"BTK","SH2B2","TUBA1A"
"BTK","TRPV1","TUBA1A"
"BTK","PPP1R14A","TUBA1A"
"BTK","BCL10","TUBA1A"
"BTK","PIK3R6","TUBA1A"
"BTK","MRE11","TUBA1A"
"BTK","HDAC2","TUBA1A"
"BTK","KSR1","TUBA1A"
"BTK","DDX58","TUBA1A"
"BTK","UBXN2B","TUBA1A"
"BTK","MST1R","TUBA1A"
"BTK","ROR2","TUBA1A"
"BTK","ABI1","TUBA1A"
"BTK","IFIH1","TUBA1A"
"BTK","RAD50","TUBA1A"
"BTK","TTI1","TUBA1A"
"BTK","WDFY3","TUBA1A"
"BTK","LRP6","TUBA1A"
"BTK","GRB14","TUBA1A"
"BTK","HOXB7","TUBA1A"
"BTK","PIK3C3","TUBA1A"
"BTK","RND1","TUBA1A"
"BTK","STING1","TUBA1A"
"BTK","SPEN","TUBA1A"
"BTK","NFKB1","TUBA1A"
"BTK","CTDP1","TUBA1A"
"BTK","TELO2","TUBA1A"
"BTK","BLVRA","TUBA1A"
"BTK","CLSPN","TUBA1A"
"BTK","MAPKAP1","TUBA1A"
"BTK","GRB7","TUBA1A"
"BTK","BAZ1B","TUBA1A"
"BTK","RBL2","TUBA1A"
"BTK","PPP1R14B","TUBA1A"
"BTK","PABIR1","TUBA1A"
"BTK","MAPK3","SPDYA"
"BTK","AKT3","SPDYA"
"BTK","CHUK","SPDYA"
"BTK","AKT2","SPDYA"
"BTK","PTEN","SPDYA"
"BTK","PRKCQ","SPDYA"
"BTK","MTOR","SPDYA"
"BTK","AKT1","SPDYA"
"BTK","PRKG1","SPDYA"
"BTK","CCP110","SPDYA"
"BTK","RPS6K","SPDYA"
"BTK","CALM2","SPDYA"
"BTK","ERK1/2","SPDYA"
"BTK","Gbeta","SPDYA"
"BTK","LCK","SPDYA"
"BTK","CDK9","SPDYA"
"BTK","ABL1","SPDYA"
"BTK","RPS6KA5","SPDYA"
"BTK","WNK1","SPDYA"
"BTK","PDPK1","SPDYA"
"BTK","SGK1","SPDYA"
"BTK","MAP2K1","SPDYA"
"BTK","PRKCB","SPDYA"
"BTK","PRKCG","SPDYA"
"BTK","PRKCZ","SPDYA"
"BTK","CyclinD/CDK4","SPDYA"
"BTK","MAP3K1","SPDYA"
"BTK","MAP3K7","SPDYA"
"BTK","AKT","SPDYA"
"BTK","IKBKB","SPDYA"
"BTK","WWTR1","SPDYA"
"BTK","DOK1","SPDYA"
"BTK","MAP3K4","SPDYA"
"BTK","DAPK1","SPDYA"
"BTK","PXN","SPDYA"
"BTK","FGG","SPDYA"
"BTK","LEPR","SPDYA"
"BTK","ITK","SPDYA"
"BTK","RPS6KA3","SPDYA"
"BTK","BCL3","SPDYA"
"BTK","DVL1","SPDYA"
"BTK","FZR1","SPDYA"
"BTK","GRB2","SPDYA"
"BTK","VCPIP1","SPDYA"
"BTK","ATR","SPDYA"
"BTK","SGK3","SPDYA"
"BTK","PTK6","SPDYA"
"BTK","IKBKE","SPDYA"
"BTK","CCND1","SPDYA"
"BTK","ILK","SPDYA"
"BTK","STAP1","SPDYA"
"BTK","TBK1","SPDYA"
"BTK","SPRED1","SPDYA"
"BTK","MEK1/2","SPDYA"
"BTK","PTPN7","SPDYA"
"BTK","CALM1","SPDYA"
"BTK","FADD","SPDYA"
"BTK","STK38","SPDYA"
"BTK","TLK1","SPDYA"
"BTK","C9orf72","SPDYA"
"BTK","CDKN2A","SPDYA"
"BTK","MAP4K1","SPDYA"
"BTK","RET","SPDYA"
"BTK","DDX41","SPDYA"
"BTK","IKK-complex","SPDYA"
"BTK","SHC1","SPDYA"
"BTK","RPS6KA4","SPDYA"
"BTK","NTRK1","SPDYA"
"BTK","GPSM3","SPDYA"
"BTK","RELA","SPDYA"
"BTK","MAPKAPK5","SPDYA"
"BTK","EPHA2","SPDYA"
"BTK","MAP3K8","SPDYA"
"BTK","PTPRR","SPDYA"
"BTK","CDKN1B","SPDYA"
"BTK","FBLIM1","SPDYA"
"BTK","TEC","SPDYA"
"BTK","VCP","SPDYA"
"BTK","GRIP1","SPDYA"
"BTK","TMIGD2","SPDYA"
"BTK","CCR2","SPDYA"
"BTK","STIP1","SPDYA"
"BTK","PSTPIP1","SPDYA"
"BTK","ARRB2","SPDYA"
"BTK","TRAF3","SPDYA"
"BTK","CRTC2","SPDYA"
"BTK","CD28","SPDYA"
"BTK","INPP5D","SPDYA"
"BTK","FRS2","SPDYA"
"BTK","CCNE1","SPDYA"
"BTK","IMPDH2","SPDYA"
"BTK","SET","SPDYA"
"BTK","PIK3CG","SPDYA"
"BTK","SH2B2","SPDYA"
"BTK","TRPV1","SPDYA"
"BTK","PPP1R14A","SPDYA"
"BTK","BCL10","SPDYA"
"BTK","PIK3R6","SPDYA"
"BTK","MRE11","SPDYA"
"BTK","HDAC2","SPDYA"
"BTK","KSR1","SPDYA"
"BTK","DDX58","SPDYA"
"BTK","UBXN2B","SPDYA"
"BTK","MST1R","SPDYA"
"BTK","ROR2","SPDYA"
"BTK","ABI1","SPDYA"
"BTK","IFIH1","SPDYA"
"BTK","RAD50","SPDYA"
"BTK","TTI1","SPDYA"
"BTK","WDFY3","SPDYA"
"BTK","LRP6","SPDYA"
"BTK","GRB14","SPDYA"
"BTK","HOXB7","SPDYA"
"BTK","PIK3C3","SPDYA"
"BTK","RND1","SPDYA"
"BTK","STING1","SPDYA"
"BTK","SPEN","SPDYA"
"BTK","NFKB1","SPDYA"
"BTK","CTDP1","SPDYA"
"BTK","TELO2","SPDYA"
"BTK","BLVRA","SPDYA"
"BTK","CLSPN","SPDYA"
"BTK","MAPKAP1","SPDYA"
"BTK","GRB7","SPDYA"
"BTK","BAZ1B","SPDYA"
"BTK","RBL2","SPDYA"
"BTK","PPP1R14B","SPDYA"
"BTK","PABIR1","SPDYA"
"BTK","MAPK3","BEX1"
"BTK","AKT3","BEX1"
"BTK","CHUK","BEX1"
"BTK","AKT2","BEX1"
"BTK","PTEN","BEX1"
"BTK","PRKCQ","BEX1"
"BTK","MTOR","BEX1"
"BTK","AKT1","BEX1"
"BTK","PRKG1","BEX1"
"BTK","CCP110","BEX1"
"BTK","RPS6K","BEX1"
"BTK","CALM2","BEX1"
"BTK","ERK1/2","BEX1"
"BTK","Gbeta","BEX1"
"BTK","LCK","BEX1"
"BTK","CDK9","BEX1"
"BTK","ABL1","BEX1"
"BTK","RPS6KA5","BEX1"
"BTK","WNK1","BEX1"
"BTK","PDPK1","BEX1"
"BTK","SGK1","BEX1"
"BTK","MAP2K1","BEX1"
"BTK","PRKCB","BEX1"
"BTK","PRKCG","BEX1"
"BTK","PRKCZ","BEX1"
"BTK","CyclinD/CDK4","BEX1"
"BTK","MAP3K1","BEX1"
"BTK","MAP3K7","BEX1"
"BTK","IKBKB","BEX1"
"BTK","WWTR1","BEX1"
"BTK","DOK1","BEX1"
"BTK","MAP3K4","BEX1"
"BTK","DAPK1","BEX1"
"BTK","PXN","BEX1"
"BTK","FGG","BEX1"
"BTK","LEPR","BEX1"
"BTK","ITK","BEX1"
"BTK","RPS6KA3","BEX1"
"BTK","BCL3","BEX1"
"BTK","DVL1","BEX1"
"BTK","FZR1","BEX1"
"BTK","GRB2","BEX1"
"BTK","VCPIP1","BEX1"
"BTK","ATR","BEX1"
"BTK","SGK3","BEX1"
"BTK","PTK6","BEX1"
"BTK","IKBKE","BEX1"
"BTK","CCND1","BEX1"
"BTK","ILK","BEX1"
"BTK","STAP1","BEX1"
"BTK","TBK1","BEX1"
"BTK","SPRED1","BEX1"
"BTK","MEK1/2","BEX1"
"BTK","PTPN7","BEX1"
"BTK","CALM1","BEX1"
"BTK","FADD","BEX1"
"BTK","STK38","BEX1"
"BTK","TLK1","BEX1"
"BTK","C9orf72","BEX1"
"BTK","CDKN2A","BEX1"
"BTK","MAP4K1","BEX1"
"BTK","RET","BEX1"
"BTK","DDX41","BEX1"
"BTK","IKK-complex","BEX1"
"BTK","SHC1","BEX1"
"BTK","RPS6KA4","BEX1"
"BTK","NTRK1","BEX1"
"BTK","GPSM3","BEX1"
"BTK","RELA","BEX1"
"BTK","MAPKAPK5","BEX1"
"BTK","EPHA2","BEX1"
"BTK","MAP3K8","BEX1"
"BTK","PTPRR","BEX1"
"BTK","CDKN1B","BEX1"
"BTK","FBLIM1","BEX1"
"BTK","TEC","BEX1"
"BTK","VCP","BEX1"
"BTK","GRIP1","BEX1"
"BTK","TMIGD2","BEX1"
"BTK","CCR2","BEX1"
"BTK","STIP1","BEX1"
"BTK","PSTPIP1","BEX1"
"BTK","ARRB2","BEX1"
"BTK","TRAF3","BEX1"
"BTK","CRTC2","BEX1"
"BTK","CD28","BEX1"
"BTK","INPP5D","BEX1"
"BTK","FRS2","BEX1"
"BTK","CCNE1","BEX1"
"BTK","IMPDH2","BEX1"
"BTK","SET","BEX1"
"BTK","PIK3CG","BEX1"
"BTK","SH2B2","BEX1"
"BTK","TRPV1","BEX1"
"BTK","PPP1R14A","BEX1"
"BTK","BCL10","BEX1"
"BTK","PIK3R6","BEX1"
"BTK","MRE11","BEX1"
"BTK","HDAC2","BEX1"
"BTK","KSR1","BEX1"
"BTK","DDX58","BEX1"
"BTK","UBXN2B","BEX1"
"BTK","MST1R","BEX1"
"BTK","ROR2","BEX1"
"BTK","ABI1","BEX1"
"BTK","IFIH1","BEX1"
"BTK","RAD50","BEX1"
"BTK","TTI1","BEX1"
"BTK","WDFY3","BEX1"
"BTK","LRP6","BEX1"
"BTK","GRB14","BEX1"
"BTK","HOXB7","BEX1"
"BTK","PIK3C3","BEX1"
"BTK","RND1","BEX1"
"BTK","STING1","BEX1"
"BTK","SPEN","BEX1"
"BTK","NFKB1","BEX1"
"BTK","CTDP1","BEX1"
"BTK","TELO2","BEX1"
"BTK","BLVRA","BEX1"
"BTK","CLSPN","BEX1"
"BTK","MAPKAP1","BEX1"
"BTK","GRB7","BEX1"
"BTK","BAZ1B","BEX1"
"BTK","PLCG2","BEX1"
"BTK","RBL2","BEX1"
"BTK","PPP1R14B","BEX1"
"BTK","PABIR1","BEX1"
